/*--------------------------------*- C++ -*----------------------------------*\
| =========                 |                                                 |
| \\      /  F ield         | OpenFOAM: The Open Source CFD Toolbox           |
|  \\    /   O peration     | Version:  v1912                                 |
|   \\  /    A nd           | Website:  www.openfoam.com                      |
|    \\/     M anipulation  |                                                 |
\*---------------------------------------------------------------------------*/
FoamFile
{
    version     2.0;
    format      ascii;
    class       vectorField;
    location    "constant/polyMesh";
    object      points;
}
// * * * * * * * * * * * * * * * * * * * * * * * * * * * * * * * * * * * * * //


2541
(
(-0.0225 -0.0075 0)
(-0.018 -0.0075 0)
(-0.0135 -0.0075 0)
(-0.009 -0.0075 0)
(-0.0045 -0.0075 0)
(0 -0.0075 0)
(0.0045 -0.0075 0)
(0.009 -0.0075 0)
(0.0135 -0.0075 0)
(0.018 -0.0075 0)
(0.0225 -0.0075 0)
(-0.0225 -0.00715932127 0)
(-0.018 -0.00715932127 0)
(-0.0135 -0.00715932127 0)
(-0.009 -0.00715932127 0)
(-0.0045 -0.00715932127 0)
(0 -0.00715932127 0)
(0.0045 -0.00715932127 0)
(0.009 -0.00715932127 0)
(0.0135 -0.00715932127 0)
(0.018 -0.00715932127 0)
(0.0225 -0.00715932127 0)
(-0.0225 -0.006761909638 0)
(-0.018 -0.006761909638 0)
(-0.0135 -0.006761909638 0)
(-0.009 -0.006761909638 0)
(-0.0045 -0.006761909638 0)
(0 -0.006761909638 0)
(0.0045 -0.006761909638 0)
(0.009 -0.006761909638 0)
(0.0135 -0.006761909638 0)
(0.018 -0.006761909638 0)
(0.0225 -0.006761909638 0)
(-0.0225 -0.006298317429 0)
(-0.018 -0.006298317429 0)
(-0.0135 -0.006298317429 0)
(-0.009 -0.006298317429 0)
(-0.0045 -0.006298317429 0)
(0 -0.006298317429 0)
(0.0045 -0.006298317429 0)
(0.009 -0.006298317429 0)
(0.0135 -0.006298317429 0)
(0.018 -0.006298317429 0)
(0.0225 -0.006298317429 0)
(-0.0225 -0.005757523655 0)
(-0.018 -0.005757523655 0)
(-0.0135 -0.005757523655 0)
(-0.009 -0.005757523655 0)
(-0.0045 -0.005757523655 0)
(0 -0.005757523655 0)
(0.0045 -0.005757523655 0)
(0.009 -0.005757523655 0)
(0.0135 -0.005757523655 0)
(0.018 -0.005757523655 0)
(0.0225 -0.005757523655 0)
(-0.0225 -0.005126672013 0)
(-0.018 -0.005126672013 0)
(-0.0135 -0.005126672013 0)
(-0.009 -0.005126672013 0)
(-0.0045 -0.005126672013 0)
(0 -0.005126672013 0)
(0.0045 -0.005126672013 0)
(0.009 -0.005126672013 0)
(0.0135 -0.005126672013 0)
(0.018 -0.005126672013 0)
(0.0225 -0.005126672013 0)
(-0.0225 -0.004390765252 0)
(-0.018 -0.004390765252 0)
(-0.0135 -0.004390765252 0)
(-0.009 -0.004390765252 0)
(-0.0045 -0.004390765252 0)
(0 -0.004390765252 0)
(0.0045 -0.004390765252 0)
(0.009 -0.004390765252 0)
(0.0135 -0.004390765252 0)
(0.018 -0.004390765252 0)
(0.0225 -0.004390765252 0)
(-0.0225 -0.003532308646 0)
(-0.018 -0.003532308646 0)
(-0.0135 -0.003532308646 0)
(-0.009 -0.003532308646 0)
(-0.0045 -0.003532308646 0)
(0 -0.003532308646 0)
(0.0045 -0.003532308646 0)
(0.009 -0.003532308646 0)
(0.0135 -0.003532308646 0)
(0.018 -0.003532308646 0)
(0.0225 -0.003532308646 0)
(-0.0225 -0.002530894085 0)
(-0.018 -0.002530894085 0)
(-0.0135 -0.002530894085 0)
(-0.009 -0.002530894085 0)
(-0.0045 -0.002530894085 0)
(0 -0.002530894085 0)
(0.0045 -0.002530894085 0)
(0.009 -0.002530894085 0)
(0.0135 -0.002530894085 0)
(0.018 -0.002530894085 0)
(0.0225 -0.002530894085 0)
(-0.0225 -0.00136271492 0)
(-0.018 -0.00136271492 0)
(-0.0135 -0.00136271492 0)
(-0.009 -0.00136271492 0)
(-0.0045 -0.00136271492 0)
(0 -0.00136271492 0)
(0.0045 -0.00136271492 0)
(0.009 -0.00136271492 0)
(0.0135 -0.00136271492 0)
(0.018 -0.00136271492 0)
(0.0225 -0.00136271492 0)
(-0.0225 0 0)
(-0.018 0 0)
(-0.0135 0 0)
(-0.009 0 0)
(-0.0045 0 0)
(0 0 0)
(0.0045 0 0)
(0.009 0 0)
(0.0135 0 0)
(0.018 0 0)
(0.0225 0 0)
(-0.0225 -0.0075 0.012)
(-0.018 -0.0075 0.012)
(-0.0135 -0.0075 0.012)
(-0.009 -0.0075 0.012)
(-0.0045 -0.0075 0.012)
(0 -0.0075 0.012)
(0.0045 -0.0075 0.012)
(0.009 -0.0075 0.012)
(0.0135 -0.0075 0.012)
(0.018 -0.0075 0.012)
(0.0225 -0.0075 0.012)
(-0.0225 -0.00715932127 0.012)
(-0.018 -0.00715932127 0.012)
(-0.0135 -0.00715932127 0.012)
(-0.009 -0.00715932127 0.012)
(-0.0045 -0.00715932127 0.012)
(0 -0.00715932127 0.012)
(0.0045 -0.00715932127 0.012)
(0.009 -0.00715932127 0.012)
(0.0135 -0.00715932127 0.012)
(0.018 -0.00715932127 0.012)
(0.0225 -0.00715932127 0.012)
(-0.0225 -0.006761909638 0.012)
(-0.018 -0.006761909638 0.012)
(-0.0135 -0.006761909638 0.012)
(-0.009 -0.006761909638 0.012)
(-0.0045 -0.006761909638 0.012)
(0 -0.006761909638 0.012)
(0.0045 -0.006761909638 0.012)
(0.009 -0.006761909638 0.012)
(0.0135 -0.006761909638 0.012)
(0.018 -0.006761909638 0.012)
(0.0225 -0.006761909638 0.012)
(-0.0225 -0.006298317429 0.012)
(-0.018 -0.006298317429 0.012)
(-0.0135 -0.006298317429 0.012)
(-0.009 -0.006298317429 0.012)
(-0.0045 -0.006298317429 0.012)
(0 -0.006298317429 0.012)
(0.0045 -0.006298317429 0.012)
(0.009 -0.006298317429 0.012)
(0.0135 -0.006298317429 0.012)
(0.018 -0.006298317429 0.012)
(0.0225 -0.006298317429 0.012)
(-0.0225 -0.005757523655 0.012)
(-0.018 -0.005757523655 0.012)
(-0.0135 -0.005757523655 0.012)
(-0.009 -0.005757523655 0.012)
(-0.0045 -0.005757523655 0.012)
(0 -0.005757523655 0.012)
(0.0045 -0.005757523655 0.012)
(0.009 -0.005757523655 0.012)
(0.0135 -0.005757523655 0.012)
(0.018 -0.005757523655 0.012)
(0.0225 -0.005757523655 0.012)
(-0.0225 -0.005126672013 0.012)
(-0.018 -0.005126672013 0.012)
(-0.0135 -0.005126672013 0.012)
(-0.009 -0.005126672013 0.012)
(-0.0045 -0.005126672013 0.012)
(0 -0.005126672013 0.012)
(0.0045 -0.005126672013 0.012)
(0.009 -0.005126672013 0.012)
(0.0135 -0.005126672013 0.012)
(0.018 -0.005126672013 0.012)
(0.0225 -0.005126672013 0.012)
(-0.0225 -0.004390765252 0.012)
(-0.018 -0.004390765252 0.012)
(-0.0135 -0.004390765252 0.012)
(-0.009 -0.004390765252 0.012)
(-0.0045 -0.004390765252 0.012)
(0 -0.004390765252 0.012)
(0.0045 -0.004390765252 0.012)
(0.009 -0.004390765252 0.012)
(0.0135 -0.004390765252 0.012)
(0.018 -0.004390765252 0.012)
(0.0225 -0.004390765252 0.012)
(-0.0225 -0.003532308646 0.012)
(-0.018 -0.003532308646 0.012)
(-0.0135 -0.003532308646 0.012)
(-0.009 -0.003532308646 0.012)
(-0.0045 -0.003532308646 0.012)
(0 -0.003532308646 0.012)
(0.0045 -0.003532308646 0.012)
(0.009 -0.003532308646 0.012)
(0.0135 -0.003532308646 0.012)
(0.018 -0.003532308646 0.012)
(0.0225 -0.003532308646 0.012)
(-0.0225 -0.002530894085 0.012)
(-0.018 -0.002530894085 0.012)
(-0.0135 -0.002530894085 0.012)
(-0.009 -0.002530894085 0.012)
(-0.0045 -0.002530894085 0.012)
(0 -0.002530894085 0.012)
(0.0045 -0.002530894085 0.012)
(0.009 -0.002530894085 0.012)
(0.0135 -0.002530894085 0.012)
(0.018 -0.002530894085 0.012)
(0.0225 -0.002530894085 0.012)
(-0.0225 -0.00136271492 0.012)
(-0.018 -0.00136271492 0.012)
(-0.0135 -0.00136271492 0.012)
(-0.009 -0.00136271492 0.012)
(-0.0045 -0.00136271492 0.012)
(0 -0.00136271492 0.012)
(0.0045 -0.00136271492 0.012)
(0.009 -0.00136271492 0.012)
(0.0135 -0.00136271492 0.012)
(0.018 -0.00136271492 0.012)
(0.0225 -0.00136271492 0.012)
(-0.0225 0 0.012)
(-0.018 0 0.012)
(-0.0135 0 0.012)
(-0.009 0 0.012)
(-0.0045 0 0.012)
(0 0 0.012)
(0.0045 0 0.012)
(0.009 0 0.012)
(0.0135 0 0.012)
(0.018 0 0.012)
(0.0225 0 0.012)
(-0.0225 -0.0075 0.024)
(-0.018 -0.0075 0.024)
(-0.0135 -0.0075 0.024)
(-0.009 -0.0075 0.024)
(-0.0045 -0.0075 0.024)
(0 -0.0075 0.024)
(0.0045 -0.0075 0.024)
(0.009 -0.0075 0.024)
(0.0135 -0.0075 0.024)
(0.018 -0.0075 0.024)
(0.0225 -0.0075 0.024)
(-0.0225 -0.00715932127 0.024)
(-0.018 -0.00715932127 0.024)
(-0.0135 -0.00715932127 0.024)
(-0.009 -0.00715932127 0.024)
(-0.0045 -0.00715932127 0.024)
(0 -0.00715932127 0.024)
(0.0045 -0.00715932127 0.024)
(0.009 -0.00715932127 0.024)
(0.0135 -0.00715932127 0.024)
(0.018 -0.00715932127 0.024)
(0.0225 -0.00715932127 0.024)
(-0.0225 -0.006761909638 0.024)
(-0.018 -0.006761909638 0.024)
(-0.0135 -0.006761909638 0.024)
(-0.009 -0.006761909638 0.024)
(-0.0045 -0.006761909638 0.024)
(0 -0.006761909638 0.024)
(0.0045 -0.006761909638 0.024)
(0.009 -0.006761909638 0.024)
(0.0135 -0.006761909638 0.024)
(0.018 -0.006761909638 0.024)
(0.0225 -0.006761909638 0.024)
(-0.0225 -0.006298317429 0.024)
(-0.018 -0.006298317429 0.024)
(-0.0135 -0.006298317429 0.024)
(-0.009 -0.006298317429 0.024)
(-0.0045 -0.006298317429 0.024)
(0 -0.006298317429 0.024)
(0.0045 -0.006298317429 0.024)
(0.009 -0.006298317429 0.024)
(0.0135 -0.006298317429 0.024)
(0.018 -0.006298317429 0.024)
(0.0225 -0.006298317429 0.024)
(-0.0225 -0.005757523655 0.024)
(-0.018 -0.005757523655 0.024)
(-0.0135 -0.005757523655 0.024)
(-0.009 -0.005757523655 0.024)
(-0.0045 -0.005757523655 0.024)
(0 -0.005757523655 0.024)
(0.0045 -0.005757523655 0.024)
(0.009 -0.005757523655 0.024)
(0.0135 -0.005757523655 0.024)
(0.018 -0.005757523655 0.024)
(0.0225 -0.005757523655 0.024)
(-0.0225 -0.005126672013 0.024)
(-0.018 -0.005126672013 0.024)
(-0.0135 -0.005126672013 0.024)
(-0.009 -0.005126672013 0.024)
(-0.0045 -0.005126672013 0.024)
(0 -0.005126672013 0.024)
(0.0045 -0.005126672013 0.024)
(0.009 -0.005126672013 0.024)
(0.0135 -0.005126672013 0.024)
(0.018 -0.005126672013 0.024)
(0.0225 -0.005126672013 0.024)
(-0.0225 -0.004390765252 0.024)
(-0.018 -0.004390765252 0.024)
(-0.0135 -0.004390765252 0.024)
(-0.009 -0.004390765252 0.024)
(-0.0045 -0.004390765252 0.024)
(0 -0.004390765252 0.024)
(0.0045 -0.004390765252 0.024)
(0.009 -0.004390765252 0.024)
(0.0135 -0.004390765252 0.024)
(0.018 -0.004390765252 0.024)
(0.0225 -0.004390765252 0.024)
(-0.0225 -0.003532308646 0.024)
(-0.018 -0.003532308646 0.024)
(-0.0135 -0.003532308646 0.024)
(-0.009 -0.003532308646 0.024)
(-0.0045 -0.003532308646 0.024)
(0 -0.003532308646 0.024)
(0.0045 -0.003532308646 0.024)
(0.009 -0.003532308646 0.024)
(0.0135 -0.003532308646 0.024)
(0.018 -0.003532308646 0.024)
(0.0225 -0.003532308646 0.024)
(-0.0225 -0.002530894085 0.024)
(-0.018 -0.002530894085 0.024)
(-0.0135 -0.002530894085 0.024)
(-0.009 -0.002530894085 0.024)
(-0.0045 -0.002530894085 0.024)
(0 -0.002530894085 0.024)
(0.0045 -0.002530894085 0.024)
(0.009 -0.002530894085 0.024)
(0.0135 -0.002530894085 0.024)
(0.018 -0.002530894085 0.024)
(0.0225 -0.002530894085 0.024)
(-0.0225 -0.00136271492 0.024)
(-0.018 -0.00136271492 0.024)
(-0.0135 -0.00136271492 0.024)
(-0.009 -0.00136271492 0.024)
(-0.0045 -0.00136271492 0.024)
(0 -0.00136271492 0.024)
(0.0045 -0.00136271492 0.024)
(0.009 -0.00136271492 0.024)
(0.0135 -0.00136271492 0.024)
(0.018 -0.00136271492 0.024)
(0.0225 -0.00136271492 0.024)
(-0.0225 0 0.024)
(-0.018 0 0.024)
(-0.0135 0 0.024)
(-0.009 0 0.024)
(-0.0045 0 0.024)
(0 0 0.024)
(0.0045 0 0.024)
(0.009 0 0.024)
(0.0135 0 0.024)
(0.018 0 0.024)
(0.0225 0 0.024)
(-0.0225 -0.0075 0.036)
(-0.018 -0.0075 0.036)
(-0.0135 -0.0075 0.036)
(-0.009 -0.0075 0.036)
(-0.0045 -0.0075 0.036)
(0 -0.0075 0.036)
(0.0045 -0.0075 0.036)
(0.009 -0.0075 0.036)
(0.0135 -0.0075 0.036)
(0.018 -0.0075 0.036)
(0.0225 -0.0075 0.036)
(-0.0225 -0.00715932127 0.036)
(-0.018 -0.00715932127 0.036)
(-0.0135 -0.00715932127 0.036)
(-0.009 -0.00715932127 0.036)
(-0.0045 -0.00715932127 0.036)
(0 -0.00715932127 0.036)
(0.0045 -0.00715932127 0.036)
(0.009 -0.00715932127 0.036)
(0.0135 -0.00715932127 0.036)
(0.018 -0.00715932127 0.036)
(0.0225 -0.00715932127 0.036)
(-0.0225 -0.006761909638 0.036)
(-0.018 -0.006761909638 0.036)
(-0.0135 -0.006761909638 0.036)
(-0.009 -0.006761909638 0.036)
(-0.0045 -0.006761909638 0.036)
(0 -0.006761909638 0.036)
(0.0045 -0.006761909638 0.036)
(0.009 -0.006761909638 0.036)
(0.0135 -0.006761909638 0.036)
(0.018 -0.006761909638 0.036)
(0.0225 -0.006761909638 0.036)
(-0.0225 -0.006298317429 0.036)
(-0.018 -0.006298317429 0.036)
(-0.0135 -0.006298317429 0.036)
(-0.009 -0.006298317429 0.036)
(-0.0045 -0.006298317429 0.036)
(0 -0.006298317429 0.036)
(0.0045 -0.006298317429 0.036)
(0.009 -0.006298317429 0.036)
(0.0135 -0.006298317429 0.036)
(0.018 -0.006298317429 0.036)
(0.0225 -0.006298317429 0.036)
(-0.0225 -0.005757523655 0.036)
(-0.018 -0.005757523655 0.036)
(-0.0135 -0.005757523655 0.036)
(-0.009 -0.005757523655 0.036)
(-0.0045 -0.005757523655 0.036)
(0 -0.005757523655 0.036)
(0.0045 -0.005757523655 0.036)
(0.009 -0.005757523655 0.036)
(0.0135 -0.005757523655 0.036)
(0.018 -0.005757523655 0.036)
(0.0225 -0.005757523655 0.036)
(-0.0225 -0.005126672013 0.036)
(-0.018 -0.005126672013 0.036)
(-0.0135 -0.005126672013 0.036)
(-0.009 -0.005126672013 0.036)
(-0.0045 -0.005126672013 0.036)
(0 -0.005126672013 0.036)
(0.0045 -0.005126672013 0.036)
(0.009 -0.005126672013 0.036)
(0.0135 -0.005126672013 0.036)
(0.018 -0.005126672013 0.036)
(0.0225 -0.005126672013 0.036)
(-0.0225 -0.004390765252 0.036)
(-0.018 -0.004390765252 0.036)
(-0.0135 -0.004390765252 0.036)
(-0.009 -0.004390765252 0.036)
(-0.0045 -0.004390765252 0.036)
(0 -0.004390765252 0.036)
(0.0045 -0.004390765252 0.036)
(0.009 -0.004390765252 0.036)
(0.0135 -0.004390765252 0.036)
(0.018 -0.004390765252 0.036)
(0.0225 -0.004390765252 0.036)
(-0.0225 -0.003532308646 0.036)
(-0.018 -0.003532308646 0.036)
(-0.0135 -0.003532308646 0.036)
(-0.009 -0.003532308646 0.036)
(-0.0045 -0.003532308646 0.036)
(0 -0.003532308646 0.036)
(0.0045 -0.003532308646 0.036)
(0.009 -0.003532308646 0.036)
(0.0135 -0.003532308646 0.036)
(0.018 -0.003532308646 0.036)
(0.0225 -0.003532308646 0.036)
(-0.0225 -0.002530894085 0.036)
(-0.018 -0.002530894085 0.036)
(-0.0135 -0.002530894085 0.036)
(-0.009 -0.002530894085 0.036)
(-0.0045 -0.002530894085 0.036)
(0 -0.002530894085 0.036)
(0.0045 -0.002530894085 0.036)
(0.009 -0.002530894085 0.036)
(0.0135 -0.002530894085 0.036)
(0.018 -0.002530894085 0.036)
(0.0225 -0.002530894085 0.036)
(-0.0225 -0.00136271492 0.036)
(-0.018 -0.00136271492 0.036)
(-0.0135 -0.00136271492 0.036)
(-0.009 -0.00136271492 0.036)
(-0.0045 -0.00136271492 0.036)
(0 -0.00136271492 0.036)
(0.0045 -0.00136271492 0.036)
(0.009 -0.00136271492 0.036)
(0.0135 -0.00136271492 0.036)
(0.018 -0.00136271492 0.036)
(0.0225 -0.00136271492 0.036)
(-0.0225 0 0.036)
(-0.018 0 0.036)
(-0.0135 0 0.036)
(-0.009 0 0.036)
(-0.0045 0 0.036)
(0 0 0.036)
(0.0045 0 0.036)
(0.009 0 0.036)
(0.0135 0 0.036)
(0.018 0 0.036)
(0.0225 0 0.036)
(-0.0225 -0.0075 0.048)
(-0.018 -0.0075 0.048)
(-0.0135 -0.0075 0.048)
(-0.009 -0.0075 0.048)
(-0.0045 -0.0075 0.048)
(0 -0.0075 0.048)
(0.0045 -0.0075 0.048)
(0.009 -0.0075 0.048)
(0.0135 -0.0075 0.048)
(0.018 -0.0075 0.048)
(0.0225 -0.0075 0.048)
(-0.0225 -0.00715932127 0.048)
(-0.018 -0.00715932127 0.048)
(-0.0135 -0.00715932127 0.048)
(-0.009 -0.00715932127 0.048)
(-0.0045 -0.00715932127 0.048)
(0 -0.00715932127 0.048)
(0.0045 -0.00715932127 0.048)
(0.009 -0.00715932127 0.048)
(0.0135 -0.00715932127 0.048)
(0.018 -0.00715932127 0.048)
(0.0225 -0.00715932127 0.048)
(-0.0225 -0.006761909638 0.048)
(-0.018 -0.006761909638 0.048)
(-0.0135 -0.006761909638 0.048)
(-0.009 -0.006761909638 0.048)
(-0.0045 -0.006761909638 0.048)
(0 -0.006761909638 0.048)
(0.0045 -0.006761909638 0.048)
(0.009 -0.006761909638 0.048)
(0.0135 -0.006761909638 0.048)
(0.018 -0.006761909638 0.048)
(0.0225 -0.006761909638 0.048)
(-0.0225 -0.006298317429 0.048)
(-0.018 -0.006298317429 0.048)
(-0.0135 -0.006298317429 0.048)
(-0.009 -0.006298317429 0.048)
(-0.0045 -0.006298317429 0.048)
(0 -0.006298317429 0.048)
(0.0045 -0.006298317429 0.048)
(0.009 -0.006298317429 0.048)
(0.0135 -0.006298317429 0.048)
(0.018 -0.006298317429 0.048)
(0.0225 -0.006298317429 0.048)
(-0.0225 -0.005757523655 0.048)
(-0.018 -0.005757523655 0.048)
(-0.0135 -0.005757523655 0.048)
(-0.009 -0.005757523655 0.048)
(-0.0045 -0.005757523655 0.048)
(0 -0.005757523655 0.048)
(0.0045 -0.005757523655 0.048)
(0.009 -0.005757523655 0.048)
(0.0135 -0.005757523655 0.048)
(0.018 -0.005757523655 0.048)
(0.0225 -0.005757523655 0.048)
(-0.0225 -0.005126672013 0.048)
(-0.018 -0.005126672013 0.048)
(-0.0135 -0.005126672013 0.048)
(-0.009 -0.005126672013 0.048)
(-0.0045 -0.005126672013 0.048)
(0 -0.005126672013 0.048)
(0.0045 -0.005126672013 0.048)
(0.009 -0.005126672013 0.048)
(0.0135 -0.005126672013 0.048)
(0.018 -0.005126672013 0.048)
(0.0225 -0.005126672013 0.048)
(-0.0225 -0.004390765252 0.048)
(-0.018 -0.004390765252 0.048)
(-0.0135 -0.004390765252 0.048)
(-0.009 -0.004390765252 0.048)
(-0.0045 -0.004390765252 0.048)
(0 -0.004390765252 0.048)
(0.0045 -0.004390765252 0.048)
(0.009 -0.004390765252 0.048)
(0.0135 -0.004390765252 0.048)
(0.018 -0.004390765252 0.048)
(0.0225 -0.004390765252 0.048)
(-0.0225 -0.003532308646 0.048)
(-0.018 -0.003532308646 0.048)
(-0.0135 -0.003532308646 0.048)
(-0.009 -0.003532308646 0.048)
(-0.0045 -0.003532308646 0.048)
(0 -0.003532308646 0.048)
(0.0045 -0.003532308646 0.048)
(0.009 -0.003532308646 0.048)
(0.0135 -0.003532308646 0.048)
(0.018 -0.003532308646 0.048)
(0.0225 -0.003532308646 0.048)
(-0.0225 -0.002530894085 0.048)
(-0.018 -0.002530894085 0.048)
(-0.0135 -0.002530894085 0.048)
(-0.009 -0.002530894085 0.048)
(-0.0045 -0.002530894085 0.048)
(0 -0.002530894085 0.048)
(0.0045 -0.002530894085 0.048)
(0.009 -0.002530894085 0.048)
(0.0135 -0.002530894085 0.048)
(0.018 -0.002530894085 0.048)
(0.0225 -0.002530894085 0.048)
(-0.0225 -0.00136271492 0.048)
(-0.018 -0.00136271492 0.048)
(-0.0135 -0.00136271492 0.048)
(-0.009 -0.00136271492 0.048)
(-0.0045 -0.00136271492 0.048)
(0 -0.00136271492 0.048)
(0.0045 -0.00136271492 0.048)
(0.009 -0.00136271492 0.048)
(0.0135 -0.00136271492 0.048)
(0.018 -0.00136271492 0.048)
(0.0225 -0.00136271492 0.048)
(-0.0225 0 0.048)
(-0.018 0 0.048)
(-0.0135 0 0.048)
(-0.009 0 0.048)
(-0.0045 0 0.048)
(0 0 0.048)
(0.0045 0 0.048)
(0.009 0 0.048)
(0.0135 0 0.048)
(0.018 0 0.048)
(0.0225 0 0.048)
(-0.0225 -0.0075 0.06)
(-0.018 -0.0075 0.06)
(-0.0135 -0.0075 0.06)
(-0.009 -0.0075 0.06)
(-0.0045 -0.0075 0.06)
(0 -0.0075 0.06)
(0.0045 -0.0075 0.06)
(0.009 -0.0075 0.06)
(0.0135 -0.0075 0.06)
(0.018 -0.0075 0.06)
(0.0225 -0.0075 0.06)
(-0.0225 -0.00715932127 0.06)
(-0.018 -0.00715932127 0.06)
(-0.0135 -0.00715932127 0.06)
(-0.009 -0.00715932127 0.06)
(-0.0045 -0.00715932127 0.06)
(0 -0.00715932127 0.06)
(0.0045 -0.00715932127 0.06)
(0.009 -0.00715932127 0.06)
(0.0135 -0.00715932127 0.06)
(0.018 -0.00715932127 0.06)
(0.0225 -0.00715932127 0.06)
(-0.0225 -0.006761909638 0.06)
(-0.018 -0.006761909638 0.06)
(-0.0135 -0.006761909638 0.06)
(-0.009 -0.006761909638 0.06)
(-0.0045 -0.006761909638 0.06)
(0 -0.006761909638 0.06)
(0.0045 -0.006761909638 0.06)
(0.009 -0.006761909638 0.06)
(0.0135 -0.006761909638 0.06)
(0.018 -0.006761909638 0.06)
(0.0225 -0.006761909638 0.06)
(-0.0225 -0.006298317429 0.06)
(-0.018 -0.006298317429 0.06)
(-0.0135 -0.006298317429 0.06)
(-0.009 -0.006298317429 0.06)
(-0.0045 -0.006298317429 0.06)
(0 -0.006298317429 0.06)
(0.0045 -0.006298317429 0.06)
(0.009 -0.006298317429 0.06)
(0.0135 -0.006298317429 0.06)
(0.018 -0.006298317429 0.06)
(0.0225 -0.006298317429 0.06)
(-0.0225 -0.005757523655 0.06)
(-0.018 -0.005757523655 0.06)
(-0.0135 -0.005757523655 0.06)
(-0.009 -0.005757523655 0.06)
(-0.0045 -0.005757523655 0.06)
(0 -0.005757523655 0.06)
(0.0045 -0.005757523655 0.06)
(0.009 -0.005757523655 0.06)
(0.0135 -0.005757523655 0.06)
(0.018 -0.005757523655 0.06)
(0.0225 -0.005757523655 0.06)
(-0.0225 -0.005126672013 0.06)
(-0.018 -0.005126672013 0.06)
(-0.0135 -0.005126672013 0.06)
(-0.009 -0.005126672013 0.06)
(-0.0045 -0.005126672013 0.06)
(0 -0.005126672013 0.06)
(0.0045 -0.005126672013 0.06)
(0.009 -0.005126672013 0.06)
(0.0135 -0.005126672013 0.06)
(0.018 -0.005126672013 0.06)
(0.0225 -0.005126672013 0.06)
(-0.0225 -0.004390765252 0.06)
(-0.018 -0.004390765252 0.06)
(-0.0135 -0.004390765252 0.06)
(-0.009 -0.004390765252 0.06)
(-0.0045 -0.004390765252 0.06)
(0 -0.004390765252 0.06)
(0.0045 -0.004390765252 0.06)
(0.009 -0.004390765252 0.06)
(0.0135 -0.004390765252 0.06)
(0.018 -0.004390765252 0.06)
(0.0225 -0.004390765252 0.06)
(-0.0225 -0.003532308646 0.06)
(-0.018 -0.003532308646 0.06)
(-0.0135 -0.003532308646 0.06)
(-0.009 -0.003532308646 0.06)
(-0.0045 -0.003532308646 0.06)
(0 -0.003532308646 0.06)
(0.0045 -0.003532308646 0.06)
(0.009 -0.003532308646 0.06)
(0.0135 -0.003532308646 0.06)
(0.018 -0.003532308646 0.06)
(0.0225 -0.003532308646 0.06)
(-0.0225 -0.002530894085 0.06)
(-0.018 -0.002530894085 0.06)
(-0.0135 -0.002530894085 0.06)
(-0.009 -0.002530894085 0.06)
(-0.0045 -0.002530894085 0.06)
(0 -0.002530894085 0.06)
(0.0045 -0.002530894085 0.06)
(0.009 -0.002530894085 0.06)
(0.0135 -0.002530894085 0.06)
(0.018 -0.002530894085 0.06)
(0.0225 -0.002530894085 0.06)
(-0.0225 -0.00136271492 0.06)
(-0.018 -0.00136271492 0.06)
(-0.0135 -0.00136271492 0.06)
(-0.009 -0.00136271492 0.06)
(-0.0045 -0.00136271492 0.06)
(0 -0.00136271492 0.06)
(0.0045 -0.00136271492 0.06)
(0.009 -0.00136271492 0.06)
(0.0135 -0.00136271492 0.06)
(0.018 -0.00136271492 0.06)
(0.0225 -0.00136271492 0.06)
(-0.0225 0 0.06)
(-0.018 0 0.06)
(-0.0135 0 0.06)
(-0.009 0 0.06)
(-0.0045 0 0.06)
(0 0 0.06)
(0.0045 0 0.06)
(0.009 0 0.06)
(0.0135 0 0.06)
(0.018 0 0.06)
(0.0225 0 0.06)
(-0.0225 -0.0075 0.072)
(-0.018 -0.0075 0.072)
(-0.0135 -0.0075 0.072)
(-0.009 -0.0075 0.072)
(-0.0045 -0.0075 0.072)
(0 -0.0075 0.072)
(0.0045 -0.0075 0.072)
(0.009 -0.0075 0.072)
(0.0135 -0.0075 0.072)
(0.018 -0.0075 0.072)
(0.0225 -0.0075 0.072)
(-0.0225 -0.00715932127 0.072)
(-0.018 -0.00715932127 0.072)
(-0.0135 -0.00715932127 0.072)
(-0.009 -0.00715932127 0.072)
(-0.0045 -0.00715932127 0.072)
(0 -0.00715932127 0.072)
(0.0045 -0.00715932127 0.072)
(0.009 -0.00715932127 0.072)
(0.0135 -0.00715932127 0.072)
(0.018 -0.00715932127 0.072)
(0.0225 -0.00715932127 0.072)
(-0.0225 -0.006761909638 0.072)
(-0.018 -0.006761909638 0.072)
(-0.0135 -0.006761909638 0.072)
(-0.009 -0.006761909638 0.072)
(-0.0045 -0.006761909638 0.072)
(0 -0.006761909638 0.072)
(0.0045 -0.006761909638 0.072)
(0.009 -0.006761909638 0.072)
(0.0135 -0.006761909638 0.072)
(0.018 -0.006761909638 0.072)
(0.0225 -0.006761909638 0.072)
(-0.0225 -0.006298317429 0.072)
(-0.018 -0.006298317429 0.072)
(-0.0135 -0.006298317429 0.072)
(-0.009 -0.006298317429 0.072)
(-0.0045 -0.006298317429 0.072)
(0 -0.006298317429 0.072)
(0.0045 -0.006298317429 0.072)
(0.009 -0.006298317429 0.072)
(0.0135 -0.006298317429 0.072)
(0.018 -0.006298317429 0.072)
(0.0225 -0.006298317429 0.072)
(-0.0225 -0.005757523655 0.072)
(-0.018 -0.005757523655 0.072)
(-0.0135 -0.005757523655 0.072)
(-0.009 -0.005757523655 0.072)
(-0.0045 -0.005757523655 0.072)
(0 -0.005757523655 0.072)
(0.0045 -0.005757523655 0.072)
(0.009 -0.005757523655 0.072)
(0.0135 -0.005757523655 0.072)
(0.018 -0.005757523655 0.072)
(0.0225 -0.005757523655 0.072)
(-0.0225 -0.005126672013 0.072)
(-0.018 -0.005126672013 0.072)
(-0.0135 -0.005126672013 0.072)
(-0.009 -0.005126672013 0.072)
(-0.0045 -0.005126672013 0.072)
(0 -0.005126672013 0.072)
(0.0045 -0.005126672013 0.072)
(0.009 -0.005126672013 0.072)
(0.0135 -0.005126672013 0.072)
(0.018 -0.005126672013 0.072)
(0.0225 -0.005126672013 0.072)
(-0.0225 -0.004390765252 0.072)
(-0.018 -0.004390765252 0.072)
(-0.0135 -0.004390765252 0.072)
(-0.009 -0.004390765252 0.072)
(-0.0045 -0.004390765252 0.072)
(0 -0.004390765252 0.072)
(0.0045 -0.004390765252 0.072)
(0.009 -0.004390765252 0.072)
(0.0135 -0.004390765252 0.072)
(0.018 -0.004390765252 0.072)
(0.0225 -0.004390765252 0.072)
(-0.0225 -0.003532308646 0.072)
(-0.018 -0.003532308646 0.072)
(-0.0135 -0.003532308646 0.072)
(-0.009 -0.003532308646 0.072)
(-0.0045 -0.003532308646 0.072)
(0 -0.003532308646 0.072)
(0.0045 -0.003532308646 0.072)
(0.009 -0.003532308646 0.072)
(0.0135 -0.003532308646 0.072)
(0.018 -0.003532308646 0.072)
(0.0225 -0.003532308646 0.072)
(-0.0225 -0.002530894085 0.072)
(-0.018 -0.002530894085 0.072)
(-0.0135 -0.002530894085 0.072)
(-0.009 -0.002530894085 0.072)
(-0.0045 -0.002530894085 0.072)
(0 -0.002530894085 0.072)
(0.0045 -0.002530894085 0.072)
(0.009 -0.002530894085 0.072)
(0.0135 -0.002530894085 0.072)
(0.018 -0.002530894085 0.072)
(0.0225 -0.002530894085 0.072)
(-0.0225 -0.00136271492 0.072)
(-0.018 -0.00136271492 0.072)
(-0.0135 -0.00136271492 0.072)
(-0.009 -0.00136271492 0.072)
(-0.0045 -0.00136271492 0.072)
(0 -0.00136271492 0.072)
(0.0045 -0.00136271492 0.072)
(0.009 -0.00136271492 0.072)
(0.0135 -0.00136271492 0.072)
(0.018 -0.00136271492 0.072)
(0.0225 -0.00136271492 0.072)
(-0.0225 0 0.072)
(-0.018 0 0.072)
(-0.0135 0 0.072)
(-0.009 0 0.072)
(-0.0045 0 0.072)
(0 0 0.072)
(0.0045 0 0.072)
(0.009 0 0.072)
(0.0135 0 0.072)
(0.018 0 0.072)
(0.0225 0 0.072)
(-0.0225 -0.0075 0.084)
(-0.018 -0.0075 0.084)
(-0.0135 -0.0075 0.084)
(-0.009 -0.0075 0.084)
(-0.0045 -0.0075 0.084)
(0 -0.0075 0.084)
(0.0045 -0.0075 0.084)
(0.009 -0.0075 0.084)
(0.0135 -0.0075 0.084)
(0.018 -0.0075 0.084)
(0.0225 -0.0075 0.084)
(-0.0225 -0.00715932127 0.084)
(-0.018 -0.00715932127 0.084)
(-0.0135 -0.00715932127 0.084)
(-0.009 -0.00715932127 0.084)
(-0.0045 -0.00715932127 0.084)
(0 -0.00715932127 0.084)
(0.0045 -0.00715932127 0.084)
(0.009 -0.00715932127 0.084)
(0.0135 -0.00715932127 0.084)
(0.018 -0.00715932127 0.084)
(0.0225 -0.00715932127 0.084)
(-0.0225 -0.006761909638 0.084)
(-0.018 -0.006761909638 0.084)
(-0.0135 -0.006761909638 0.084)
(-0.009 -0.006761909638 0.084)
(-0.0045 -0.006761909638 0.084)
(0 -0.006761909638 0.084)
(0.0045 -0.006761909638 0.084)
(0.009 -0.006761909638 0.084)
(0.0135 -0.006761909638 0.084)
(0.018 -0.006761909638 0.084)
(0.0225 -0.006761909638 0.084)
(-0.0225 -0.006298317429 0.084)
(-0.018 -0.006298317429 0.084)
(-0.0135 -0.006298317429 0.084)
(-0.009 -0.006298317429 0.084)
(-0.0045 -0.006298317429 0.084)
(0 -0.006298317429 0.084)
(0.0045 -0.006298317429 0.084)
(0.009 -0.006298317429 0.084)
(0.0135 -0.006298317429 0.084)
(0.018 -0.006298317429 0.084)
(0.0225 -0.006298317429 0.084)
(-0.0225 -0.005757523655 0.084)
(-0.018 -0.005757523655 0.084)
(-0.0135 -0.005757523655 0.084)
(-0.009 -0.005757523655 0.084)
(-0.0045 -0.005757523655 0.084)
(0 -0.005757523655 0.084)
(0.0045 -0.005757523655 0.084)
(0.009 -0.005757523655 0.084)
(0.0135 -0.005757523655 0.084)
(0.018 -0.005757523655 0.084)
(0.0225 -0.005757523655 0.084)
(-0.0225 -0.005126672013 0.084)
(-0.018 -0.005126672013 0.084)
(-0.0135 -0.005126672013 0.084)
(-0.009 -0.005126672013 0.084)
(-0.0045 -0.005126672013 0.084)
(0 -0.005126672013 0.084)
(0.0045 -0.005126672013 0.084)
(0.009 -0.005126672013 0.084)
(0.0135 -0.005126672013 0.084)
(0.018 -0.005126672013 0.084)
(0.0225 -0.005126672013 0.084)
(-0.0225 -0.004390765252 0.084)
(-0.018 -0.004390765252 0.084)
(-0.0135 -0.004390765252 0.084)
(-0.009 -0.004390765252 0.084)
(-0.0045 -0.004390765252 0.084)
(0 -0.004390765252 0.084)
(0.0045 -0.004390765252 0.084)
(0.009 -0.004390765252 0.084)
(0.0135 -0.004390765252 0.084)
(0.018 -0.004390765252 0.084)
(0.0225 -0.004390765252 0.084)
(-0.0225 -0.003532308646 0.084)
(-0.018 -0.003532308646 0.084)
(-0.0135 -0.003532308646 0.084)
(-0.009 -0.003532308646 0.084)
(-0.0045 -0.003532308646 0.084)
(0 -0.003532308646 0.084)
(0.0045 -0.003532308646 0.084)
(0.009 -0.003532308646 0.084)
(0.0135 -0.003532308646 0.084)
(0.018 -0.003532308646 0.084)
(0.0225 -0.003532308646 0.084)
(-0.0225 -0.002530894085 0.084)
(-0.018 -0.002530894085 0.084)
(-0.0135 -0.002530894085 0.084)
(-0.009 -0.002530894085 0.084)
(-0.0045 -0.002530894085 0.084)
(0 -0.002530894085 0.084)
(0.0045 -0.002530894085 0.084)
(0.009 -0.002530894085 0.084)
(0.0135 -0.002530894085 0.084)
(0.018 -0.002530894085 0.084)
(0.0225 -0.002530894085 0.084)
(-0.0225 -0.00136271492 0.084)
(-0.018 -0.00136271492 0.084)
(-0.0135 -0.00136271492 0.084)
(-0.009 -0.00136271492 0.084)
(-0.0045 -0.00136271492 0.084)
(0 -0.00136271492 0.084)
(0.0045 -0.00136271492 0.084)
(0.009 -0.00136271492 0.084)
(0.0135 -0.00136271492 0.084)
(0.018 -0.00136271492 0.084)
(0.0225 -0.00136271492 0.084)
(-0.0225 0 0.084)
(-0.018 0 0.084)
(-0.0135 0 0.084)
(-0.009 0 0.084)
(-0.0045 0 0.084)
(0 0 0.084)
(0.0045 0 0.084)
(0.009 0 0.084)
(0.0135 0 0.084)
(0.018 0 0.084)
(0.0225 0 0.084)
(-0.0225 -0.0075 0.096)
(-0.018 -0.0075 0.096)
(-0.0135 -0.0075 0.096)
(-0.009 -0.0075 0.096)
(-0.0045 -0.0075 0.096)
(0 -0.0075 0.096)
(0.0045 -0.0075 0.096)
(0.009 -0.0075 0.096)
(0.0135 -0.0075 0.096)
(0.018 -0.0075 0.096)
(0.0225 -0.0075 0.096)
(-0.0225 -0.00715932127 0.096)
(-0.018 -0.00715932127 0.096)
(-0.0135 -0.00715932127 0.096)
(-0.009 -0.00715932127 0.096)
(-0.0045 -0.00715932127 0.096)
(0 -0.00715932127 0.096)
(0.0045 -0.00715932127 0.096)
(0.009 -0.00715932127 0.096)
(0.0135 -0.00715932127 0.096)
(0.018 -0.00715932127 0.096)
(0.0225 -0.00715932127 0.096)
(-0.0225 -0.006761909638 0.096)
(-0.018 -0.006761909638 0.096)
(-0.0135 -0.006761909638 0.096)
(-0.009 -0.006761909638 0.096)
(-0.0045 -0.006761909638 0.096)
(0 -0.006761909638 0.096)
(0.0045 -0.006761909638 0.096)
(0.009 -0.006761909638 0.096)
(0.0135 -0.006761909638 0.096)
(0.018 -0.006761909638 0.096)
(0.0225 -0.006761909638 0.096)
(-0.0225 -0.006298317429 0.096)
(-0.018 -0.006298317429 0.096)
(-0.0135 -0.006298317429 0.096)
(-0.009 -0.006298317429 0.096)
(-0.0045 -0.006298317429 0.096)
(0 -0.006298317429 0.096)
(0.0045 -0.006298317429 0.096)
(0.009 -0.006298317429 0.096)
(0.0135 -0.006298317429 0.096)
(0.018 -0.006298317429 0.096)
(0.0225 -0.006298317429 0.096)
(-0.0225 -0.005757523655 0.096)
(-0.018 -0.005757523655 0.096)
(-0.0135 -0.005757523655 0.096)
(-0.009 -0.005757523655 0.096)
(-0.0045 -0.005757523655 0.096)
(0 -0.005757523655 0.096)
(0.0045 -0.005757523655 0.096)
(0.009 -0.005757523655 0.096)
(0.0135 -0.005757523655 0.096)
(0.018 -0.005757523655 0.096)
(0.0225 -0.005757523655 0.096)
(-0.0225 -0.005126672013 0.096)
(-0.018 -0.005126672013 0.096)
(-0.0135 -0.005126672013 0.096)
(-0.009 -0.005126672013 0.096)
(-0.0045 -0.005126672013 0.096)
(0 -0.005126672013 0.096)
(0.0045 -0.005126672013 0.096)
(0.009 -0.005126672013 0.096)
(0.0135 -0.005126672013 0.096)
(0.018 -0.005126672013 0.096)
(0.0225 -0.005126672013 0.096)
(-0.0225 -0.004390765252 0.096)
(-0.018 -0.004390765252 0.096)
(-0.0135 -0.004390765252 0.096)
(-0.009 -0.004390765252 0.096)
(-0.0045 -0.004390765252 0.096)
(0 -0.004390765252 0.096)
(0.0045 -0.004390765252 0.096)
(0.009 -0.004390765252 0.096)
(0.0135 -0.004390765252 0.096)
(0.018 -0.004390765252 0.096)
(0.0225 -0.004390765252 0.096)
(-0.0225 -0.003532308646 0.096)
(-0.018 -0.003532308646 0.096)
(-0.0135 -0.003532308646 0.096)
(-0.009 -0.003532308646 0.096)
(-0.0045 -0.003532308646 0.096)
(0 -0.003532308646 0.096)
(0.0045 -0.003532308646 0.096)
(0.009 -0.003532308646 0.096)
(0.0135 -0.003532308646 0.096)
(0.018 -0.003532308646 0.096)
(0.0225 -0.003532308646 0.096)
(-0.0225 -0.002530894085 0.096)
(-0.018 -0.002530894085 0.096)
(-0.0135 -0.002530894085 0.096)
(-0.009 -0.002530894085 0.096)
(-0.0045 -0.002530894085 0.096)
(0 -0.002530894085 0.096)
(0.0045 -0.002530894085 0.096)
(0.009 -0.002530894085 0.096)
(0.0135 -0.002530894085 0.096)
(0.018 -0.002530894085 0.096)
(0.0225 -0.002530894085 0.096)
(-0.0225 -0.00136271492 0.096)
(-0.018 -0.00136271492 0.096)
(-0.0135 -0.00136271492 0.096)
(-0.009 -0.00136271492 0.096)
(-0.0045 -0.00136271492 0.096)
(0 -0.00136271492 0.096)
(0.0045 -0.00136271492 0.096)
(0.009 -0.00136271492 0.096)
(0.0135 -0.00136271492 0.096)
(0.018 -0.00136271492 0.096)
(0.0225 -0.00136271492 0.096)
(-0.0225 0 0.096)
(-0.018 0 0.096)
(-0.0135 0 0.096)
(-0.009 0 0.096)
(-0.0045 0 0.096)
(0 0 0.096)
(0.0045 0 0.096)
(0.009 0 0.096)
(0.0135 0 0.096)
(0.018 0 0.096)
(0.0225 0 0.096)
(-0.0225 -0.0075 0.108)
(-0.018 -0.0075 0.108)
(-0.0135 -0.0075 0.108)
(-0.009 -0.0075 0.108)
(-0.0045 -0.0075 0.108)
(0 -0.0075 0.108)
(0.0045 -0.0075 0.108)
(0.009 -0.0075 0.108)
(0.0135 -0.0075 0.108)
(0.018 -0.0075 0.108)
(0.0225 -0.0075 0.108)
(-0.0225 -0.00715932127 0.108)
(-0.018 -0.00715932127 0.108)
(-0.0135 -0.00715932127 0.108)
(-0.009 -0.00715932127 0.108)
(-0.0045 -0.00715932127 0.108)
(0 -0.00715932127 0.108)
(0.0045 -0.00715932127 0.108)
(0.009 -0.00715932127 0.108)
(0.0135 -0.00715932127 0.108)
(0.018 -0.00715932127 0.108)
(0.0225 -0.00715932127 0.108)
(-0.0225 -0.006761909638 0.108)
(-0.018 -0.006761909638 0.108)
(-0.0135 -0.006761909638 0.108)
(-0.009 -0.006761909638 0.108)
(-0.0045 -0.006761909638 0.108)
(0 -0.006761909638 0.108)
(0.0045 -0.006761909638 0.108)
(0.009 -0.006761909638 0.108)
(0.0135 -0.006761909638 0.108)
(0.018 -0.006761909638 0.108)
(0.0225 -0.006761909638 0.108)
(-0.0225 -0.006298317429 0.108)
(-0.018 -0.006298317429 0.108)
(-0.0135 -0.006298317429 0.108)
(-0.009 -0.006298317429 0.108)
(-0.0045 -0.006298317429 0.108)
(0 -0.006298317429 0.108)
(0.0045 -0.006298317429 0.108)
(0.009 -0.006298317429 0.108)
(0.0135 -0.006298317429 0.108)
(0.018 -0.006298317429 0.108)
(0.0225 -0.006298317429 0.108)
(-0.0225 -0.005757523655 0.108)
(-0.018 -0.005757523655 0.108)
(-0.0135 -0.005757523655 0.108)
(-0.009 -0.005757523655 0.108)
(-0.0045 -0.005757523655 0.108)
(0 -0.005757523655 0.108)
(0.0045 -0.005757523655 0.108)
(0.009 -0.005757523655 0.108)
(0.0135 -0.005757523655 0.108)
(0.018 -0.005757523655 0.108)
(0.0225 -0.005757523655 0.108)
(-0.0225 -0.005126672013 0.108)
(-0.018 -0.005126672013 0.108)
(-0.0135 -0.005126672013 0.108)
(-0.009 -0.005126672013 0.108)
(-0.0045 -0.005126672013 0.108)
(0 -0.005126672013 0.108)
(0.0045 -0.005126672013 0.108)
(0.009 -0.005126672013 0.108)
(0.0135 -0.005126672013 0.108)
(0.018 -0.005126672013 0.108)
(0.0225 -0.005126672013 0.108)
(-0.0225 -0.004390765252 0.108)
(-0.018 -0.004390765252 0.108)
(-0.0135 -0.004390765252 0.108)
(-0.009 -0.004390765252 0.108)
(-0.0045 -0.004390765252 0.108)
(0 -0.004390765252 0.108)
(0.0045 -0.004390765252 0.108)
(0.009 -0.004390765252 0.108)
(0.0135 -0.004390765252 0.108)
(0.018 -0.004390765252 0.108)
(0.0225 -0.004390765252 0.108)
(-0.0225 -0.003532308646 0.108)
(-0.018 -0.003532308646 0.108)
(-0.0135 -0.003532308646 0.108)
(-0.009 -0.003532308646 0.108)
(-0.0045 -0.003532308646 0.108)
(0 -0.003532308646 0.108)
(0.0045 -0.003532308646 0.108)
(0.009 -0.003532308646 0.108)
(0.0135 -0.003532308646 0.108)
(0.018 -0.003532308646 0.108)
(0.0225 -0.003532308646 0.108)
(-0.0225 -0.002530894085 0.108)
(-0.018 -0.002530894085 0.108)
(-0.0135 -0.002530894085 0.108)
(-0.009 -0.002530894085 0.108)
(-0.0045 -0.002530894085 0.108)
(0 -0.002530894085 0.108)
(0.0045 -0.002530894085 0.108)
(0.009 -0.002530894085 0.108)
(0.0135 -0.002530894085 0.108)
(0.018 -0.002530894085 0.108)
(0.0225 -0.002530894085 0.108)
(-0.0225 -0.00136271492 0.108)
(-0.018 -0.00136271492 0.108)
(-0.0135 -0.00136271492 0.108)
(-0.009 -0.00136271492 0.108)
(-0.0045 -0.00136271492 0.108)
(0 -0.00136271492 0.108)
(0.0045 -0.00136271492 0.108)
(0.009 -0.00136271492 0.108)
(0.0135 -0.00136271492 0.108)
(0.018 -0.00136271492 0.108)
(0.0225 -0.00136271492 0.108)
(-0.0225 0 0.108)
(-0.018 0 0.108)
(-0.0135 0 0.108)
(-0.009 0 0.108)
(-0.0045 0 0.108)
(0 0 0.108)
(0.0045 0 0.108)
(0.009 0 0.108)
(0.0135 0 0.108)
(0.018 0 0.108)
(0.0225 0 0.108)
(-0.0225 -0.0075 0.12)
(-0.018 -0.0075 0.12)
(-0.0135 -0.0075 0.12)
(-0.009 -0.0075 0.12)
(-0.0045 -0.0075 0.12)
(0 -0.0075 0.12)
(0.0045 -0.0075 0.12)
(0.009 -0.0075 0.12)
(0.0135 -0.0075 0.12)
(0.018 -0.0075 0.12)
(0.0225 -0.0075 0.12)
(-0.0225 -0.00715932127 0.12)
(-0.018 -0.00715932127 0.12)
(-0.0135 -0.00715932127 0.12)
(-0.009 -0.00715932127 0.12)
(-0.0045 -0.00715932127 0.12)
(0 -0.00715932127 0.12)
(0.0045 -0.00715932127 0.12)
(0.009 -0.00715932127 0.12)
(0.0135 -0.00715932127 0.12)
(0.018 -0.00715932127 0.12)
(0.0225 -0.00715932127 0.12)
(-0.0225 -0.006761909638 0.12)
(-0.018 -0.006761909638 0.12)
(-0.0135 -0.006761909638 0.12)
(-0.009 -0.006761909638 0.12)
(-0.0045 -0.006761909638 0.12)
(0 -0.006761909638 0.12)
(0.0045 -0.006761909638 0.12)
(0.009 -0.006761909638 0.12)
(0.0135 -0.006761909638 0.12)
(0.018 -0.006761909638 0.12)
(0.0225 -0.006761909638 0.12)
(-0.0225 -0.006298317429 0.12)
(-0.018 -0.006298317429 0.12)
(-0.0135 -0.006298317429 0.12)
(-0.009 -0.006298317429 0.12)
(-0.0045 -0.006298317429 0.12)
(0 -0.006298317429 0.12)
(0.0045 -0.006298317429 0.12)
(0.009 -0.006298317429 0.12)
(0.0135 -0.006298317429 0.12)
(0.018 -0.006298317429 0.12)
(0.0225 -0.006298317429 0.12)
(-0.0225 -0.005757523655 0.12)
(-0.018 -0.005757523655 0.12)
(-0.0135 -0.005757523655 0.12)
(-0.009 -0.005757523655 0.12)
(-0.0045 -0.005757523655 0.12)
(0 -0.005757523655 0.12)
(0.0045 -0.005757523655 0.12)
(0.009 -0.005757523655 0.12)
(0.0135 -0.005757523655 0.12)
(0.018 -0.005757523655 0.12)
(0.0225 -0.005757523655 0.12)
(-0.0225 -0.005126672013 0.12)
(-0.018 -0.005126672013 0.12)
(-0.0135 -0.005126672013 0.12)
(-0.009 -0.005126672013 0.12)
(-0.0045 -0.005126672013 0.12)
(0 -0.005126672013 0.12)
(0.0045 -0.005126672013 0.12)
(0.009 -0.005126672013 0.12)
(0.0135 -0.005126672013 0.12)
(0.018 -0.005126672013 0.12)
(0.0225 -0.005126672013 0.12)
(-0.0225 -0.004390765252 0.12)
(-0.018 -0.004390765252 0.12)
(-0.0135 -0.004390765252 0.12)
(-0.009 -0.004390765252 0.12)
(-0.0045 -0.004390765252 0.12)
(0 -0.004390765252 0.12)
(0.0045 -0.004390765252 0.12)
(0.009 -0.004390765252 0.12)
(0.0135 -0.004390765252 0.12)
(0.018 -0.004390765252 0.12)
(0.0225 -0.004390765252 0.12)
(-0.0225 -0.003532308646 0.12)
(-0.018 -0.003532308646 0.12)
(-0.0135 -0.003532308646 0.12)
(-0.009 -0.003532308646 0.12)
(-0.0045 -0.003532308646 0.12)
(0 -0.003532308646 0.12)
(0.0045 -0.003532308646 0.12)
(0.009 -0.003532308646 0.12)
(0.0135 -0.003532308646 0.12)
(0.018 -0.003532308646 0.12)
(0.0225 -0.003532308646 0.12)
(-0.0225 -0.002530894085 0.12)
(-0.018 -0.002530894085 0.12)
(-0.0135 -0.002530894085 0.12)
(-0.009 -0.002530894085 0.12)
(-0.0045 -0.002530894085 0.12)
(0 -0.002530894085 0.12)
(0.0045 -0.002530894085 0.12)
(0.009 -0.002530894085 0.12)
(0.0135 -0.002530894085 0.12)
(0.018 -0.002530894085 0.12)
(0.0225 -0.002530894085 0.12)
(-0.0225 -0.00136271492 0.12)
(-0.018 -0.00136271492 0.12)
(-0.0135 -0.00136271492 0.12)
(-0.009 -0.00136271492 0.12)
(-0.0045 -0.00136271492 0.12)
(0 -0.00136271492 0.12)
(0.0045 -0.00136271492 0.12)
(0.009 -0.00136271492 0.12)
(0.0135 -0.00136271492 0.12)
(0.018 -0.00136271492 0.12)
(0.0225 -0.00136271492 0.12)
(-0.0225 0 0.12)
(-0.018 0 0.12)
(-0.0135 0 0.12)
(-0.009 0 0.12)
(-0.0045 0 0.12)
(0 0 0.12)
(0.0045 0 0.12)
(0.009 0 0.12)
(0.0135 0 0.12)
(0.018 0 0.12)
(0.0225 0 0.12)
(-0.0225 0.00136271492 0)
(-0.018 0.00136271492 0)
(-0.0135 0.00136271492 0)
(-0.009 0.00136271492 0)
(-0.0045 0.00136271492 0)
(0 0.00136271492 0)
(0.0045 0.00136271492 0)
(0.009 0.00136271492 0)
(0.0135 0.00136271492 0)
(0.018 0.00136271492 0)
(0.0225 0.00136271492 0)
(-0.0225 0.002530894085 0)
(-0.018 0.002530894085 0)
(-0.0135 0.002530894085 0)
(-0.009 0.002530894085 0)
(-0.0045 0.002530894085 0)
(0 0.002530894085 0)
(0.0045 0.002530894085 0)
(0.009 0.002530894085 0)
(0.0135 0.002530894085 0)
(0.018 0.002530894085 0)
(0.0225 0.002530894085 0)
(-0.0225 0.003532308646 0)
(-0.018 0.003532308646 0)
(-0.0135 0.003532308646 0)
(-0.009 0.003532308646 0)
(-0.0045 0.003532308646 0)
(0 0.003532308646 0)
(0.0045 0.003532308646 0)
(0.009 0.003532308646 0)
(0.0135 0.003532308646 0)
(0.018 0.003532308646 0)
(0.0225 0.003532308646 0)
(-0.0225 0.004390765252 0)
(-0.018 0.004390765252 0)
(-0.0135 0.004390765252 0)
(-0.009 0.004390765252 0)
(-0.0045 0.004390765252 0)
(0 0.004390765252 0)
(0.0045 0.004390765252 0)
(0.009 0.004390765252 0)
(0.0135 0.004390765252 0)
(0.018 0.004390765252 0)
(0.0225 0.004390765252 0)
(-0.0225 0.005126672013 0)
(-0.018 0.005126672013 0)
(-0.0135 0.005126672013 0)
(-0.009 0.005126672013 0)
(-0.0045 0.005126672013 0)
(0 0.005126672013 0)
(0.0045 0.005126672013 0)
(0.009 0.005126672013 0)
(0.0135 0.005126672013 0)
(0.018 0.005126672013 0)
(0.0225 0.005126672013 0)
(-0.0225 0.005757523655 0)
(-0.018 0.005757523655 0)
(-0.0135 0.005757523655 0)
(-0.009 0.005757523655 0)
(-0.0045 0.005757523655 0)
(0 0.005757523655 0)
(0.0045 0.005757523655 0)
(0.009 0.005757523655 0)
(0.0135 0.005757523655 0)
(0.018 0.005757523655 0)
(0.0225 0.005757523655 0)
(-0.0225 0.006298317429 0)
(-0.018 0.006298317429 0)
(-0.0135 0.006298317429 0)
(-0.009 0.006298317429 0)
(-0.0045 0.006298317429 0)
(0 0.006298317429 0)
(0.0045 0.006298317429 0)
(0.009 0.006298317429 0)
(0.0135 0.006298317429 0)
(0.018 0.006298317429 0)
(0.0225 0.006298317429 0)
(-0.0225 0.006761909638 0)
(-0.018 0.006761909638 0)
(-0.0135 0.006761909638 0)
(-0.009 0.006761909638 0)
(-0.0045 0.006761909638 0)
(0 0.006761909638 0)
(0.0045 0.006761909638 0)
(0.009 0.006761909638 0)
(0.0135 0.006761909638 0)
(0.018 0.006761909638 0)
(0.0225 0.006761909638 0)
(-0.0225 0.00715932127 0)
(-0.018 0.00715932127 0)
(-0.0135 0.00715932127 0)
(-0.009 0.00715932127 0)
(-0.0045 0.00715932127 0)
(0 0.00715932127 0)
(0.0045 0.00715932127 0)
(0.009 0.00715932127 0)
(0.0135 0.00715932127 0)
(0.018 0.00715932127 0)
(0.0225 0.00715932127 0)
(-0.0225 0.0075 0)
(-0.018 0.0075 0)
(-0.0135 0.0075 0)
(-0.009 0.0075 0)
(-0.0045 0.0075 0)
(0 0.0075 0)
(0.0045 0.0075 0)
(0.009 0.0075 0)
(0.0135 0.0075 0)
(0.018 0.0075 0)
(0.0225 0.0075 0)
(-0.0225 0.00136271492 0.012)
(-0.018 0.00136271492 0.012)
(-0.0135 0.00136271492 0.012)
(-0.009 0.00136271492 0.012)
(-0.0045 0.00136271492 0.012)
(0 0.00136271492 0.012)
(0.0045 0.00136271492 0.012)
(0.009 0.00136271492 0.012)
(0.0135 0.00136271492 0.012)
(0.018 0.00136271492 0.012)
(0.0225 0.00136271492 0.012)
(-0.0225 0.002530894085 0.012)
(-0.018 0.002530894085 0.012)
(-0.0135 0.002530894085 0.012)
(-0.009 0.002530894085 0.012)
(-0.0045 0.002530894085 0.012)
(0 0.002530894085 0.012)
(0.0045 0.002530894085 0.012)
(0.009 0.002530894085 0.012)
(0.0135 0.002530894085 0.012)
(0.018 0.002530894085 0.012)
(0.0225 0.002530894085 0.012)
(-0.0225 0.003532308646 0.012)
(-0.018 0.003532308646 0.012)
(-0.0135 0.003532308646 0.012)
(-0.009 0.003532308646 0.012)
(-0.0045 0.003532308646 0.012)
(0 0.003532308646 0.012)
(0.0045 0.003532308646 0.012)
(0.009 0.003532308646 0.012)
(0.0135 0.003532308646 0.012)
(0.018 0.003532308646 0.012)
(0.0225 0.003532308646 0.012)
(-0.0225 0.004390765252 0.012)
(-0.018 0.004390765252 0.012)
(-0.0135 0.004390765252 0.012)
(-0.009 0.004390765252 0.012)
(-0.0045 0.004390765252 0.012)
(0 0.004390765252 0.012)
(0.0045 0.004390765252 0.012)
(0.009 0.004390765252 0.012)
(0.0135 0.004390765252 0.012)
(0.018 0.004390765252 0.012)
(0.0225 0.004390765252 0.012)
(-0.0225 0.005126672013 0.012)
(-0.018 0.005126672013 0.012)
(-0.0135 0.005126672013 0.012)
(-0.009 0.005126672013 0.012)
(-0.0045 0.005126672013 0.012)
(0 0.005126672013 0.012)
(0.0045 0.005126672013 0.012)
(0.009 0.005126672013 0.012)
(0.0135 0.005126672013 0.012)
(0.018 0.005126672013 0.012)
(0.0225 0.005126672013 0.012)
(-0.0225 0.005757523655 0.012)
(-0.018 0.005757523655 0.012)
(-0.0135 0.005757523655 0.012)
(-0.009 0.005757523655 0.012)
(-0.0045 0.005757523655 0.012)
(0 0.005757523655 0.012)
(0.0045 0.005757523655 0.012)
(0.009 0.005757523655 0.012)
(0.0135 0.005757523655 0.012)
(0.018 0.005757523655 0.012)
(0.0225 0.005757523655 0.012)
(-0.0225 0.006298317429 0.012)
(-0.018 0.006298317429 0.012)
(-0.0135 0.006298317429 0.012)
(-0.009 0.006298317429 0.012)
(-0.0045 0.006298317429 0.012)
(0 0.006298317429 0.012)
(0.0045 0.006298317429 0.012)
(0.009 0.006298317429 0.012)
(0.0135 0.006298317429 0.012)
(0.018 0.006298317429 0.012)
(0.0225 0.006298317429 0.012)
(-0.0225 0.006761909638 0.012)
(-0.018 0.006761909638 0.012)
(-0.0135 0.006761909638 0.012)
(-0.009 0.006761909638 0.012)
(-0.0045 0.006761909638 0.012)
(0 0.006761909638 0.012)
(0.0045 0.006761909638 0.012)
(0.009 0.006761909638 0.012)
(0.0135 0.006761909638 0.012)
(0.018 0.006761909638 0.012)
(0.0225 0.006761909638 0.012)
(-0.0225 0.00715932127 0.012)
(-0.018 0.00715932127 0.012)
(-0.0135 0.00715932127 0.012)
(-0.009 0.00715932127 0.012)
(-0.0045 0.00715932127 0.012)
(0 0.00715932127 0.012)
(0.0045 0.00715932127 0.012)
(0.009 0.00715932127 0.012)
(0.0135 0.00715932127 0.012)
(0.018 0.00715932127 0.012)
(0.0225 0.00715932127 0.012)
(-0.0225 0.0075 0.012)
(-0.018 0.0075 0.012)
(-0.0135 0.0075 0.012)
(-0.009 0.0075 0.012)
(-0.0045 0.0075 0.012)
(0 0.0075 0.012)
(0.0045 0.0075 0.012)
(0.009 0.0075 0.012)
(0.0135 0.0075 0.012)
(0.018 0.0075 0.012)
(0.0225 0.0075 0.012)
(-0.0225 0.00136271492 0.024)
(-0.018 0.00136271492 0.024)
(-0.0135 0.00136271492 0.024)
(-0.009 0.00136271492 0.024)
(-0.0045 0.00136271492 0.024)
(0 0.00136271492 0.024)
(0.0045 0.00136271492 0.024)
(0.009 0.00136271492 0.024)
(0.0135 0.00136271492 0.024)
(0.018 0.00136271492 0.024)
(0.0225 0.00136271492 0.024)
(-0.0225 0.002530894085 0.024)
(-0.018 0.002530894085 0.024)
(-0.0135 0.002530894085 0.024)
(-0.009 0.002530894085 0.024)
(-0.0045 0.002530894085 0.024)
(0 0.002530894085 0.024)
(0.0045 0.002530894085 0.024)
(0.009 0.002530894085 0.024)
(0.0135 0.002530894085 0.024)
(0.018 0.002530894085 0.024)
(0.0225 0.002530894085 0.024)
(-0.0225 0.003532308646 0.024)
(-0.018 0.003532308646 0.024)
(-0.0135 0.003532308646 0.024)
(-0.009 0.003532308646 0.024)
(-0.0045 0.003532308646 0.024)
(0 0.003532308646 0.024)
(0.0045 0.003532308646 0.024)
(0.009 0.003532308646 0.024)
(0.0135 0.003532308646 0.024)
(0.018 0.003532308646 0.024)
(0.0225 0.003532308646 0.024)
(-0.0225 0.004390765252 0.024)
(-0.018 0.004390765252 0.024)
(-0.0135 0.004390765252 0.024)
(-0.009 0.004390765252 0.024)
(-0.0045 0.004390765252 0.024)
(0 0.004390765252 0.024)
(0.0045 0.004390765252 0.024)
(0.009 0.004390765252 0.024)
(0.0135 0.004390765252 0.024)
(0.018 0.004390765252 0.024)
(0.0225 0.004390765252 0.024)
(-0.0225 0.005126672013 0.024)
(-0.018 0.005126672013 0.024)
(-0.0135 0.005126672013 0.024)
(-0.009 0.005126672013 0.024)
(-0.0045 0.005126672013 0.024)
(0 0.005126672013 0.024)
(0.0045 0.005126672013 0.024)
(0.009 0.005126672013 0.024)
(0.0135 0.005126672013 0.024)
(0.018 0.005126672013 0.024)
(0.0225 0.005126672013 0.024)
(-0.0225 0.005757523655 0.024)
(-0.018 0.005757523655 0.024)
(-0.0135 0.005757523655 0.024)
(-0.009 0.005757523655 0.024)
(-0.0045 0.005757523655 0.024)
(0 0.005757523655 0.024)
(0.0045 0.005757523655 0.024)
(0.009 0.005757523655 0.024)
(0.0135 0.005757523655 0.024)
(0.018 0.005757523655 0.024)
(0.0225 0.005757523655 0.024)
(-0.0225 0.006298317429 0.024)
(-0.018 0.006298317429 0.024)
(-0.0135 0.006298317429 0.024)
(-0.009 0.006298317429 0.024)
(-0.0045 0.006298317429 0.024)
(0 0.006298317429 0.024)
(0.0045 0.006298317429 0.024)
(0.009 0.006298317429 0.024)
(0.0135 0.006298317429 0.024)
(0.018 0.006298317429 0.024)
(0.0225 0.006298317429 0.024)
(-0.0225 0.006761909638 0.024)
(-0.018 0.006761909638 0.024)
(-0.0135 0.006761909638 0.024)
(-0.009 0.006761909638 0.024)
(-0.0045 0.006761909638 0.024)
(0 0.006761909638 0.024)
(0.0045 0.006761909638 0.024)
(0.009 0.006761909638 0.024)
(0.0135 0.006761909638 0.024)
(0.018 0.006761909638 0.024)
(0.0225 0.006761909638 0.024)
(-0.0225 0.00715932127 0.024)
(-0.018 0.00715932127 0.024)
(-0.0135 0.00715932127 0.024)
(-0.009 0.00715932127 0.024)
(-0.0045 0.00715932127 0.024)
(0 0.00715932127 0.024)
(0.0045 0.00715932127 0.024)
(0.009 0.00715932127 0.024)
(0.0135 0.00715932127 0.024)
(0.018 0.00715932127 0.024)
(0.0225 0.00715932127 0.024)
(-0.0225 0.0075 0.024)
(-0.018 0.0075 0.024)
(-0.0135 0.0075 0.024)
(-0.009 0.0075 0.024)
(-0.0045 0.0075 0.024)
(0 0.0075 0.024)
(0.0045 0.0075 0.024)
(0.009 0.0075 0.024)
(0.0135 0.0075 0.024)
(0.018 0.0075 0.024)
(0.0225 0.0075 0.024)
(-0.0225 0.00136271492 0.036)
(-0.018 0.00136271492 0.036)
(-0.0135 0.00136271492 0.036)
(-0.009 0.00136271492 0.036)
(-0.0045 0.00136271492 0.036)
(0 0.00136271492 0.036)
(0.0045 0.00136271492 0.036)
(0.009 0.00136271492 0.036)
(0.0135 0.00136271492 0.036)
(0.018 0.00136271492 0.036)
(0.0225 0.00136271492 0.036)
(-0.0225 0.002530894085 0.036)
(-0.018 0.002530894085 0.036)
(-0.0135 0.002530894085 0.036)
(-0.009 0.002530894085 0.036)
(-0.0045 0.002530894085 0.036)
(0 0.002530894085 0.036)
(0.0045 0.002530894085 0.036)
(0.009 0.002530894085 0.036)
(0.0135 0.002530894085 0.036)
(0.018 0.002530894085 0.036)
(0.0225 0.002530894085 0.036)
(-0.0225 0.003532308646 0.036)
(-0.018 0.003532308646 0.036)
(-0.0135 0.003532308646 0.036)
(-0.009 0.003532308646 0.036)
(-0.0045 0.003532308646 0.036)
(0 0.003532308646 0.036)
(0.0045 0.003532308646 0.036)
(0.009 0.003532308646 0.036)
(0.0135 0.003532308646 0.036)
(0.018 0.003532308646 0.036)
(0.0225 0.003532308646 0.036)
(-0.0225 0.004390765252 0.036)
(-0.018 0.004390765252 0.036)
(-0.0135 0.004390765252 0.036)
(-0.009 0.004390765252 0.036)
(-0.0045 0.004390765252 0.036)
(0 0.004390765252 0.036)
(0.0045 0.004390765252 0.036)
(0.009 0.004390765252 0.036)
(0.0135 0.004390765252 0.036)
(0.018 0.004390765252 0.036)
(0.0225 0.004390765252 0.036)
(-0.0225 0.005126672013 0.036)
(-0.018 0.005126672013 0.036)
(-0.0135 0.005126672013 0.036)
(-0.009 0.005126672013 0.036)
(-0.0045 0.005126672013 0.036)
(0 0.005126672013 0.036)
(0.0045 0.005126672013 0.036)
(0.009 0.005126672013 0.036)
(0.0135 0.005126672013 0.036)
(0.018 0.005126672013 0.036)
(0.0225 0.005126672013 0.036)
(-0.0225 0.005757523655 0.036)
(-0.018 0.005757523655 0.036)
(-0.0135 0.005757523655 0.036)
(-0.009 0.005757523655 0.036)
(-0.0045 0.005757523655 0.036)
(0 0.005757523655 0.036)
(0.0045 0.005757523655 0.036)
(0.009 0.005757523655 0.036)
(0.0135 0.005757523655 0.036)
(0.018 0.005757523655 0.036)
(0.0225 0.005757523655 0.036)
(-0.0225 0.006298317429 0.036)
(-0.018 0.006298317429 0.036)
(-0.0135 0.006298317429 0.036)
(-0.009 0.006298317429 0.036)
(-0.0045 0.006298317429 0.036)
(0 0.006298317429 0.036)
(0.0045 0.006298317429 0.036)
(0.009 0.006298317429 0.036)
(0.0135 0.006298317429 0.036)
(0.018 0.006298317429 0.036)
(0.0225 0.006298317429 0.036)
(-0.0225 0.006761909638 0.036)
(-0.018 0.006761909638 0.036)
(-0.0135 0.006761909638 0.036)
(-0.009 0.006761909638 0.036)
(-0.0045 0.006761909638 0.036)
(0 0.006761909638 0.036)
(0.0045 0.006761909638 0.036)
(0.009 0.006761909638 0.036)
(0.0135 0.006761909638 0.036)
(0.018 0.006761909638 0.036)
(0.0225 0.006761909638 0.036)
(-0.0225 0.00715932127 0.036)
(-0.018 0.00715932127 0.036)
(-0.0135 0.00715932127 0.036)
(-0.009 0.00715932127 0.036)
(-0.0045 0.00715932127 0.036)
(0 0.00715932127 0.036)
(0.0045 0.00715932127 0.036)
(0.009 0.00715932127 0.036)
(0.0135 0.00715932127 0.036)
(0.018 0.00715932127 0.036)
(0.0225 0.00715932127 0.036)
(-0.0225 0.0075 0.036)
(-0.018 0.0075 0.036)
(-0.0135 0.0075 0.036)
(-0.009 0.0075 0.036)
(-0.0045 0.0075 0.036)
(0 0.0075 0.036)
(0.0045 0.0075 0.036)
(0.009 0.0075 0.036)
(0.0135 0.0075 0.036)
(0.018 0.0075 0.036)
(0.0225 0.0075 0.036)
(-0.0225 0.00136271492 0.048)
(-0.018 0.00136271492 0.048)
(-0.0135 0.00136271492 0.048)
(-0.009 0.00136271492 0.048)
(-0.0045 0.00136271492 0.048)
(0 0.00136271492 0.048)
(0.0045 0.00136271492 0.048)
(0.009 0.00136271492 0.048)
(0.0135 0.00136271492 0.048)
(0.018 0.00136271492 0.048)
(0.0225 0.00136271492 0.048)
(-0.0225 0.002530894085 0.048)
(-0.018 0.002530894085 0.048)
(-0.0135 0.002530894085 0.048)
(-0.009 0.002530894085 0.048)
(-0.0045 0.002530894085 0.048)
(0 0.002530894085 0.048)
(0.0045 0.002530894085 0.048)
(0.009 0.002530894085 0.048)
(0.0135 0.002530894085 0.048)
(0.018 0.002530894085 0.048)
(0.0225 0.002530894085 0.048)
(-0.0225 0.003532308646 0.048)
(-0.018 0.003532308646 0.048)
(-0.0135 0.003532308646 0.048)
(-0.009 0.003532308646 0.048)
(-0.0045 0.003532308646 0.048)
(0 0.003532308646 0.048)
(0.0045 0.003532308646 0.048)
(0.009 0.003532308646 0.048)
(0.0135 0.003532308646 0.048)
(0.018 0.003532308646 0.048)
(0.0225 0.003532308646 0.048)
(-0.0225 0.004390765252 0.048)
(-0.018 0.004390765252 0.048)
(-0.0135 0.004390765252 0.048)
(-0.009 0.004390765252 0.048)
(-0.0045 0.004390765252 0.048)
(0 0.004390765252 0.048)
(0.0045 0.004390765252 0.048)
(0.009 0.004390765252 0.048)
(0.0135 0.004390765252 0.048)
(0.018 0.004390765252 0.048)
(0.0225 0.004390765252 0.048)
(-0.0225 0.005126672013 0.048)
(-0.018 0.005126672013 0.048)
(-0.0135 0.005126672013 0.048)
(-0.009 0.005126672013 0.048)
(-0.0045 0.005126672013 0.048)
(0 0.005126672013 0.048)
(0.0045 0.005126672013 0.048)
(0.009 0.005126672013 0.048)
(0.0135 0.005126672013 0.048)
(0.018 0.005126672013 0.048)
(0.0225 0.005126672013 0.048)
(-0.0225 0.005757523655 0.048)
(-0.018 0.005757523655 0.048)
(-0.0135 0.005757523655 0.048)
(-0.009 0.005757523655 0.048)
(-0.0045 0.005757523655 0.048)
(0 0.005757523655 0.048)
(0.0045 0.005757523655 0.048)
(0.009 0.005757523655 0.048)
(0.0135 0.005757523655 0.048)
(0.018 0.005757523655 0.048)
(0.0225 0.005757523655 0.048)
(-0.0225 0.006298317429 0.048)
(-0.018 0.006298317429 0.048)
(-0.0135 0.006298317429 0.048)
(-0.009 0.006298317429 0.048)
(-0.0045 0.006298317429 0.048)
(0 0.006298317429 0.048)
(0.0045 0.006298317429 0.048)
(0.009 0.006298317429 0.048)
(0.0135 0.006298317429 0.048)
(0.018 0.006298317429 0.048)
(0.0225 0.006298317429 0.048)
(-0.0225 0.006761909638 0.048)
(-0.018 0.006761909638 0.048)
(-0.0135 0.006761909638 0.048)
(-0.009 0.006761909638 0.048)
(-0.0045 0.006761909638 0.048)
(0 0.006761909638 0.048)
(0.0045 0.006761909638 0.048)
(0.009 0.006761909638 0.048)
(0.0135 0.006761909638 0.048)
(0.018 0.006761909638 0.048)
(0.0225 0.006761909638 0.048)
(-0.0225 0.00715932127 0.048)
(-0.018 0.00715932127 0.048)
(-0.0135 0.00715932127 0.048)
(-0.009 0.00715932127 0.048)
(-0.0045 0.00715932127 0.048)
(0 0.00715932127 0.048)
(0.0045 0.00715932127 0.048)
(0.009 0.00715932127 0.048)
(0.0135 0.00715932127 0.048)
(0.018 0.00715932127 0.048)
(0.0225 0.00715932127 0.048)
(-0.0225 0.0075 0.048)
(-0.018 0.0075 0.048)
(-0.0135 0.0075 0.048)
(-0.009 0.0075 0.048)
(-0.0045 0.0075 0.048)
(0 0.0075 0.048)
(0.0045 0.0075 0.048)
(0.009 0.0075 0.048)
(0.0135 0.0075 0.048)
(0.018 0.0075 0.048)
(0.0225 0.0075 0.048)
(-0.0225 0.00136271492 0.06)
(-0.018 0.00136271492 0.06)
(-0.0135 0.00136271492 0.06)
(-0.009 0.00136271492 0.06)
(-0.0045 0.00136271492 0.06)
(0 0.00136271492 0.06)
(0.0045 0.00136271492 0.06)
(0.009 0.00136271492 0.06)
(0.0135 0.00136271492 0.06)
(0.018 0.00136271492 0.06)
(0.0225 0.00136271492 0.06)
(-0.0225 0.002530894085 0.06)
(-0.018 0.002530894085 0.06)
(-0.0135 0.002530894085 0.06)
(-0.009 0.002530894085 0.06)
(-0.0045 0.002530894085 0.06)
(0 0.002530894085 0.06)
(0.0045 0.002530894085 0.06)
(0.009 0.002530894085 0.06)
(0.0135 0.002530894085 0.06)
(0.018 0.002530894085 0.06)
(0.0225 0.002530894085 0.06)
(-0.0225 0.003532308646 0.06)
(-0.018 0.003532308646 0.06)
(-0.0135 0.003532308646 0.06)
(-0.009 0.003532308646 0.06)
(-0.0045 0.003532308646 0.06)
(0 0.003532308646 0.06)
(0.0045 0.003532308646 0.06)
(0.009 0.003532308646 0.06)
(0.0135 0.003532308646 0.06)
(0.018 0.003532308646 0.06)
(0.0225 0.003532308646 0.06)
(-0.0225 0.004390765252 0.06)
(-0.018 0.004390765252 0.06)
(-0.0135 0.004390765252 0.06)
(-0.009 0.004390765252 0.06)
(-0.0045 0.004390765252 0.06)
(0 0.004390765252 0.06)
(0.0045 0.004390765252 0.06)
(0.009 0.004390765252 0.06)
(0.0135 0.004390765252 0.06)
(0.018 0.004390765252 0.06)
(0.0225 0.004390765252 0.06)
(-0.0225 0.005126672013 0.06)
(-0.018 0.005126672013 0.06)
(-0.0135 0.005126672013 0.06)
(-0.009 0.005126672013 0.06)
(-0.0045 0.005126672013 0.06)
(0 0.005126672013 0.06)
(0.0045 0.005126672013 0.06)
(0.009 0.005126672013 0.06)
(0.0135 0.005126672013 0.06)
(0.018 0.005126672013 0.06)
(0.0225 0.005126672013 0.06)
(-0.0225 0.005757523655 0.06)
(-0.018 0.005757523655 0.06)
(-0.0135 0.005757523655 0.06)
(-0.009 0.005757523655 0.06)
(-0.0045 0.005757523655 0.06)
(0 0.005757523655 0.06)
(0.0045 0.005757523655 0.06)
(0.009 0.005757523655 0.06)
(0.0135 0.005757523655 0.06)
(0.018 0.005757523655 0.06)
(0.0225 0.005757523655 0.06)
(-0.0225 0.006298317429 0.06)
(-0.018 0.006298317429 0.06)
(-0.0135 0.006298317429 0.06)
(-0.009 0.006298317429 0.06)
(-0.0045 0.006298317429 0.06)
(0 0.006298317429 0.06)
(0.0045 0.006298317429 0.06)
(0.009 0.006298317429 0.06)
(0.0135 0.006298317429 0.06)
(0.018 0.006298317429 0.06)
(0.0225 0.006298317429 0.06)
(-0.0225 0.006761909638 0.06)
(-0.018 0.006761909638 0.06)
(-0.0135 0.006761909638 0.06)
(-0.009 0.006761909638 0.06)
(-0.0045 0.006761909638 0.06)
(0 0.006761909638 0.06)
(0.0045 0.006761909638 0.06)
(0.009 0.006761909638 0.06)
(0.0135 0.006761909638 0.06)
(0.018 0.006761909638 0.06)
(0.0225 0.006761909638 0.06)
(-0.0225 0.00715932127 0.06)
(-0.018 0.00715932127 0.06)
(-0.0135 0.00715932127 0.06)
(-0.009 0.00715932127 0.06)
(-0.0045 0.00715932127 0.06)
(0 0.00715932127 0.06)
(0.0045 0.00715932127 0.06)
(0.009 0.00715932127 0.06)
(0.0135 0.00715932127 0.06)
(0.018 0.00715932127 0.06)
(0.0225 0.00715932127 0.06)
(-0.0225 0.0075 0.06)
(-0.018 0.0075 0.06)
(-0.0135 0.0075 0.06)
(-0.009 0.0075 0.06)
(-0.0045 0.0075 0.06)
(0 0.0075 0.06)
(0.0045 0.0075 0.06)
(0.009 0.0075 0.06)
(0.0135 0.0075 0.06)
(0.018 0.0075 0.06)
(0.0225 0.0075 0.06)
(-0.0225 0.00136271492 0.072)
(-0.018 0.00136271492 0.072)
(-0.0135 0.00136271492 0.072)
(-0.009 0.00136271492 0.072)
(-0.0045 0.00136271492 0.072)
(0 0.00136271492 0.072)
(0.0045 0.00136271492 0.072)
(0.009 0.00136271492 0.072)
(0.0135 0.00136271492 0.072)
(0.018 0.00136271492 0.072)
(0.0225 0.00136271492 0.072)
(-0.0225 0.002530894085 0.072)
(-0.018 0.002530894085 0.072)
(-0.0135 0.002530894085 0.072)
(-0.009 0.002530894085 0.072)
(-0.0045 0.002530894085 0.072)
(0 0.002530894085 0.072)
(0.0045 0.002530894085 0.072)
(0.009 0.002530894085 0.072)
(0.0135 0.002530894085 0.072)
(0.018 0.002530894085 0.072)
(0.0225 0.002530894085 0.072)
(-0.0225 0.003532308646 0.072)
(-0.018 0.003532308646 0.072)
(-0.0135 0.003532308646 0.072)
(-0.009 0.003532308646 0.072)
(-0.0045 0.003532308646 0.072)
(0 0.003532308646 0.072)
(0.0045 0.003532308646 0.072)
(0.009 0.003532308646 0.072)
(0.0135 0.003532308646 0.072)
(0.018 0.003532308646 0.072)
(0.0225 0.003532308646 0.072)
(-0.0225 0.004390765252 0.072)
(-0.018 0.004390765252 0.072)
(-0.0135 0.004390765252 0.072)
(-0.009 0.004390765252 0.072)
(-0.0045 0.004390765252 0.072)
(0 0.004390765252 0.072)
(0.0045 0.004390765252 0.072)
(0.009 0.004390765252 0.072)
(0.0135 0.004390765252 0.072)
(0.018 0.004390765252 0.072)
(0.0225 0.004390765252 0.072)
(-0.0225 0.005126672013 0.072)
(-0.018 0.005126672013 0.072)
(-0.0135 0.005126672013 0.072)
(-0.009 0.005126672013 0.072)
(-0.0045 0.005126672013 0.072)
(0 0.005126672013 0.072)
(0.0045 0.005126672013 0.072)
(0.009 0.005126672013 0.072)
(0.0135 0.005126672013 0.072)
(0.018 0.005126672013 0.072)
(0.0225 0.005126672013 0.072)
(-0.0225 0.005757523655 0.072)
(-0.018 0.005757523655 0.072)
(-0.0135 0.005757523655 0.072)
(-0.009 0.005757523655 0.072)
(-0.0045 0.005757523655 0.072)
(0 0.005757523655 0.072)
(0.0045 0.005757523655 0.072)
(0.009 0.005757523655 0.072)
(0.0135 0.005757523655 0.072)
(0.018 0.005757523655 0.072)
(0.0225 0.005757523655 0.072)
(-0.0225 0.006298317429 0.072)
(-0.018 0.006298317429 0.072)
(-0.0135 0.006298317429 0.072)
(-0.009 0.006298317429 0.072)
(-0.0045 0.006298317429 0.072)
(0 0.006298317429 0.072)
(0.0045 0.006298317429 0.072)
(0.009 0.006298317429 0.072)
(0.0135 0.006298317429 0.072)
(0.018 0.006298317429 0.072)
(0.0225 0.006298317429 0.072)
(-0.0225 0.006761909638 0.072)
(-0.018 0.006761909638 0.072)
(-0.0135 0.006761909638 0.072)
(-0.009 0.006761909638 0.072)
(-0.0045 0.006761909638 0.072)
(0 0.006761909638 0.072)
(0.0045 0.006761909638 0.072)
(0.009 0.006761909638 0.072)
(0.0135 0.006761909638 0.072)
(0.018 0.006761909638 0.072)
(0.0225 0.006761909638 0.072)
(-0.0225 0.00715932127 0.072)
(-0.018 0.00715932127 0.072)
(-0.0135 0.00715932127 0.072)
(-0.009 0.00715932127 0.072)
(-0.0045 0.00715932127 0.072)
(0 0.00715932127 0.072)
(0.0045 0.00715932127 0.072)
(0.009 0.00715932127 0.072)
(0.0135 0.00715932127 0.072)
(0.018 0.00715932127 0.072)
(0.0225 0.00715932127 0.072)
(-0.0225 0.0075 0.072)
(-0.018 0.0075 0.072)
(-0.0135 0.0075 0.072)
(-0.009 0.0075 0.072)
(-0.0045 0.0075 0.072)
(0 0.0075 0.072)
(0.0045 0.0075 0.072)
(0.009 0.0075 0.072)
(0.0135 0.0075 0.072)
(0.018 0.0075 0.072)
(0.0225 0.0075 0.072)
(-0.0225 0.00136271492 0.084)
(-0.018 0.00136271492 0.084)
(-0.0135 0.00136271492 0.084)
(-0.009 0.00136271492 0.084)
(-0.0045 0.00136271492 0.084)
(0 0.00136271492 0.084)
(0.0045 0.00136271492 0.084)
(0.009 0.00136271492 0.084)
(0.0135 0.00136271492 0.084)
(0.018 0.00136271492 0.084)
(0.0225 0.00136271492 0.084)
(-0.0225 0.002530894085 0.084)
(-0.018 0.002530894085 0.084)
(-0.0135 0.002530894085 0.084)
(-0.009 0.002530894085 0.084)
(-0.0045 0.002530894085 0.084)
(0 0.002530894085 0.084)
(0.0045 0.002530894085 0.084)
(0.009 0.002530894085 0.084)
(0.0135 0.002530894085 0.084)
(0.018 0.002530894085 0.084)
(0.0225 0.002530894085 0.084)
(-0.0225 0.003532308646 0.084)
(-0.018 0.003532308646 0.084)
(-0.0135 0.003532308646 0.084)
(-0.009 0.003532308646 0.084)
(-0.0045 0.003532308646 0.084)
(0 0.003532308646 0.084)
(0.0045 0.003532308646 0.084)
(0.009 0.003532308646 0.084)
(0.0135 0.003532308646 0.084)
(0.018 0.003532308646 0.084)
(0.0225 0.003532308646 0.084)
(-0.0225 0.004390765252 0.084)
(-0.018 0.004390765252 0.084)
(-0.0135 0.004390765252 0.084)
(-0.009 0.004390765252 0.084)
(-0.0045 0.004390765252 0.084)
(0 0.004390765252 0.084)
(0.0045 0.004390765252 0.084)
(0.009 0.004390765252 0.084)
(0.0135 0.004390765252 0.084)
(0.018 0.004390765252 0.084)
(0.0225 0.004390765252 0.084)
(-0.0225 0.005126672013 0.084)
(-0.018 0.005126672013 0.084)
(-0.0135 0.005126672013 0.084)
(-0.009 0.005126672013 0.084)
(-0.0045 0.005126672013 0.084)
(0 0.005126672013 0.084)
(0.0045 0.005126672013 0.084)
(0.009 0.005126672013 0.084)
(0.0135 0.005126672013 0.084)
(0.018 0.005126672013 0.084)
(0.0225 0.005126672013 0.084)
(-0.0225 0.005757523655 0.084)
(-0.018 0.005757523655 0.084)
(-0.0135 0.005757523655 0.084)
(-0.009 0.005757523655 0.084)
(-0.0045 0.005757523655 0.084)
(0 0.005757523655 0.084)
(0.0045 0.005757523655 0.084)
(0.009 0.005757523655 0.084)
(0.0135 0.005757523655 0.084)
(0.018 0.005757523655 0.084)
(0.0225 0.005757523655 0.084)
(-0.0225 0.006298317429 0.084)
(-0.018 0.006298317429 0.084)
(-0.0135 0.006298317429 0.084)
(-0.009 0.006298317429 0.084)
(-0.0045 0.006298317429 0.084)
(0 0.006298317429 0.084)
(0.0045 0.006298317429 0.084)
(0.009 0.006298317429 0.084)
(0.0135 0.006298317429 0.084)
(0.018 0.006298317429 0.084)
(0.0225 0.006298317429 0.084)
(-0.0225 0.006761909638 0.084)
(-0.018 0.006761909638 0.084)
(-0.0135 0.006761909638 0.084)
(-0.009 0.006761909638 0.084)
(-0.0045 0.006761909638 0.084)
(0 0.006761909638 0.084)
(0.0045 0.006761909638 0.084)
(0.009 0.006761909638 0.084)
(0.0135 0.006761909638 0.084)
(0.018 0.006761909638 0.084)
(0.0225 0.006761909638 0.084)
(-0.0225 0.00715932127 0.084)
(-0.018 0.00715932127 0.084)
(-0.0135 0.00715932127 0.084)
(-0.009 0.00715932127 0.084)
(-0.0045 0.00715932127 0.084)
(0 0.00715932127 0.084)
(0.0045 0.00715932127 0.084)
(0.009 0.00715932127 0.084)
(0.0135 0.00715932127 0.084)
(0.018 0.00715932127 0.084)
(0.0225 0.00715932127 0.084)
(-0.0225 0.0075 0.084)
(-0.018 0.0075 0.084)
(-0.0135 0.0075 0.084)
(-0.009 0.0075 0.084)
(-0.0045 0.0075 0.084)
(0 0.0075 0.084)
(0.0045 0.0075 0.084)
(0.009 0.0075 0.084)
(0.0135 0.0075 0.084)
(0.018 0.0075 0.084)
(0.0225 0.0075 0.084)
(-0.0225 0.00136271492 0.096)
(-0.018 0.00136271492 0.096)
(-0.0135 0.00136271492 0.096)
(-0.009 0.00136271492 0.096)
(-0.0045 0.00136271492 0.096)
(0 0.00136271492 0.096)
(0.0045 0.00136271492 0.096)
(0.009 0.00136271492 0.096)
(0.0135 0.00136271492 0.096)
(0.018 0.00136271492 0.096)
(0.0225 0.00136271492 0.096)
(-0.0225 0.002530894085 0.096)
(-0.018 0.002530894085 0.096)
(-0.0135 0.002530894085 0.096)
(-0.009 0.002530894085 0.096)
(-0.0045 0.002530894085 0.096)
(0 0.002530894085 0.096)
(0.0045 0.002530894085 0.096)
(0.009 0.002530894085 0.096)
(0.0135 0.002530894085 0.096)
(0.018 0.002530894085 0.096)
(0.0225 0.002530894085 0.096)
(-0.0225 0.003532308646 0.096)
(-0.018 0.003532308646 0.096)
(-0.0135 0.003532308646 0.096)
(-0.009 0.003532308646 0.096)
(-0.0045 0.003532308646 0.096)
(0 0.003532308646 0.096)
(0.0045 0.003532308646 0.096)
(0.009 0.003532308646 0.096)
(0.0135 0.003532308646 0.096)
(0.018 0.003532308646 0.096)
(0.0225 0.003532308646 0.096)
(-0.0225 0.004390765252 0.096)
(-0.018 0.004390765252 0.096)
(-0.0135 0.004390765252 0.096)
(-0.009 0.004390765252 0.096)
(-0.0045 0.004390765252 0.096)
(0 0.004390765252 0.096)
(0.0045 0.004390765252 0.096)
(0.009 0.004390765252 0.096)
(0.0135 0.004390765252 0.096)
(0.018 0.004390765252 0.096)
(0.0225 0.004390765252 0.096)
(-0.0225 0.005126672013 0.096)
(-0.018 0.005126672013 0.096)
(-0.0135 0.005126672013 0.096)
(-0.009 0.005126672013 0.096)
(-0.0045 0.005126672013 0.096)
(0 0.005126672013 0.096)
(0.0045 0.005126672013 0.096)
(0.009 0.005126672013 0.096)
(0.0135 0.005126672013 0.096)
(0.018 0.005126672013 0.096)
(0.0225 0.005126672013 0.096)
(-0.0225 0.005757523655 0.096)
(-0.018 0.005757523655 0.096)
(-0.0135 0.005757523655 0.096)
(-0.009 0.005757523655 0.096)
(-0.0045 0.005757523655 0.096)
(0 0.005757523655 0.096)
(0.0045 0.005757523655 0.096)
(0.009 0.005757523655 0.096)
(0.0135 0.005757523655 0.096)
(0.018 0.005757523655 0.096)
(0.0225 0.005757523655 0.096)
(-0.0225 0.006298317429 0.096)
(-0.018 0.006298317429 0.096)
(-0.0135 0.006298317429 0.096)
(-0.009 0.006298317429 0.096)
(-0.0045 0.006298317429 0.096)
(0 0.006298317429 0.096)
(0.0045 0.006298317429 0.096)
(0.009 0.006298317429 0.096)
(0.0135 0.006298317429 0.096)
(0.018 0.006298317429 0.096)
(0.0225 0.006298317429 0.096)
(-0.0225 0.006761909638 0.096)
(-0.018 0.006761909638 0.096)
(-0.0135 0.006761909638 0.096)
(-0.009 0.006761909638 0.096)
(-0.0045 0.006761909638 0.096)
(0 0.006761909638 0.096)
(0.0045 0.006761909638 0.096)
(0.009 0.006761909638 0.096)
(0.0135 0.006761909638 0.096)
(0.018 0.006761909638 0.096)
(0.0225 0.006761909638 0.096)
(-0.0225 0.00715932127 0.096)
(-0.018 0.00715932127 0.096)
(-0.0135 0.00715932127 0.096)
(-0.009 0.00715932127 0.096)
(-0.0045 0.00715932127 0.096)
(0 0.00715932127 0.096)
(0.0045 0.00715932127 0.096)
(0.009 0.00715932127 0.096)
(0.0135 0.00715932127 0.096)
(0.018 0.00715932127 0.096)
(0.0225 0.00715932127 0.096)
(-0.0225 0.0075 0.096)
(-0.018 0.0075 0.096)
(-0.0135 0.0075 0.096)
(-0.009 0.0075 0.096)
(-0.0045 0.0075 0.096)
(0 0.0075 0.096)
(0.0045 0.0075 0.096)
(0.009 0.0075 0.096)
(0.0135 0.0075 0.096)
(0.018 0.0075 0.096)
(0.0225 0.0075 0.096)
(-0.0225 0.00136271492 0.108)
(-0.018 0.00136271492 0.108)
(-0.0135 0.00136271492 0.108)
(-0.009 0.00136271492 0.108)
(-0.0045 0.00136271492 0.108)
(0 0.00136271492 0.108)
(0.0045 0.00136271492 0.108)
(0.009 0.00136271492 0.108)
(0.0135 0.00136271492 0.108)
(0.018 0.00136271492 0.108)
(0.0225 0.00136271492 0.108)
(-0.0225 0.002530894085 0.108)
(-0.018 0.002530894085 0.108)
(-0.0135 0.002530894085 0.108)
(-0.009 0.002530894085 0.108)
(-0.0045 0.002530894085 0.108)
(0 0.002530894085 0.108)
(0.0045 0.002530894085 0.108)
(0.009 0.002530894085 0.108)
(0.0135 0.002530894085 0.108)
(0.018 0.002530894085 0.108)
(0.0225 0.002530894085 0.108)
(-0.0225 0.003532308646 0.108)
(-0.018 0.003532308646 0.108)
(-0.0135 0.003532308646 0.108)
(-0.009 0.003532308646 0.108)
(-0.0045 0.003532308646 0.108)
(0 0.003532308646 0.108)
(0.0045 0.003532308646 0.108)
(0.009 0.003532308646 0.108)
(0.0135 0.003532308646 0.108)
(0.018 0.003532308646 0.108)
(0.0225 0.003532308646 0.108)
(-0.0225 0.004390765252 0.108)
(-0.018 0.004390765252 0.108)
(-0.0135 0.004390765252 0.108)
(-0.009 0.004390765252 0.108)
(-0.0045 0.004390765252 0.108)
(0 0.004390765252 0.108)
(0.0045 0.004390765252 0.108)
(0.009 0.004390765252 0.108)
(0.0135 0.004390765252 0.108)
(0.018 0.004390765252 0.108)
(0.0225 0.004390765252 0.108)
(-0.0225 0.005126672013 0.108)
(-0.018 0.005126672013 0.108)
(-0.0135 0.005126672013 0.108)
(-0.009 0.005126672013 0.108)
(-0.0045 0.005126672013 0.108)
(0 0.005126672013 0.108)
(0.0045 0.005126672013 0.108)
(0.009 0.005126672013 0.108)
(0.0135 0.005126672013 0.108)
(0.018 0.005126672013 0.108)
(0.0225 0.005126672013 0.108)
(-0.0225 0.005757523655 0.108)
(-0.018 0.005757523655 0.108)
(-0.0135 0.005757523655 0.108)
(-0.009 0.005757523655 0.108)
(-0.0045 0.005757523655 0.108)
(0 0.005757523655 0.108)
(0.0045 0.005757523655 0.108)
(0.009 0.005757523655 0.108)
(0.0135 0.005757523655 0.108)
(0.018 0.005757523655 0.108)
(0.0225 0.005757523655 0.108)
(-0.0225 0.006298317429 0.108)
(-0.018 0.006298317429 0.108)
(-0.0135 0.006298317429 0.108)
(-0.009 0.006298317429 0.108)
(-0.0045 0.006298317429 0.108)
(0 0.006298317429 0.108)
(0.0045 0.006298317429 0.108)
(0.009 0.006298317429 0.108)
(0.0135 0.006298317429 0.108)
(0.018 0.006298317429 0.108)
(0.0225 0.006298317429 0.108)
(-0.0225 0.006761909638 0.108)
(-0.018 0.006761909638 0.108)
(-0.0135 0.006761909638 0.108)
(-0.009 0.006761909638 0.108)
(-0.0045 0.006761909638 0.108)
(0 0.006761909638 0.108)
(0.0045 0.006761909638 0.108)
(0.009 0.006761909638 0.108)
(0.0135 0.006761909638 0.108)
(0.018 0.006761909638 0.108)
(0.0225 0.006761909638 0.108)
(-0.0225 0.00715932127 0.108)
(-0.018 0.00715932127 0.108)
(-0.0135 0.00715932127 0.108)
(-0.009 0.00715932127 0.108)
(-0.0045 0.00715932127 0.108)
(0 0.00715932127 0.108)
(0.0045 0.00715932127 0.108)
(0.009 0.00715932127 0.108)
(0.0135 0.00715932127 0.108)
(0.018 0.00715932127 0.108)
(0.0225 0.00715932127 0.108)
(-0.0225 0.0075 0.108)
(-0.018 0.0075 0.108)
(-0.0135 0.0075 0.108)
(-0.009 0.0075 0.108)
(-0.0045 0.0075 0.108)
(0 0.0075 0.108)
(0.0045 0.0075 0.108)
(0.009 0.0075 0.108)
(0.0135 0.0075 0.108)
(0.018 0.0075 0.108)
(0.0225 0.0075 0.108)
(-0.0225 0.00136271492 0.12)
(-0.018 0.00136271492 0.12)
(-0.0135 0.00136271492 0.12)
(-0.009 0.00136271492 0.12)
(-0.0045 0.00136271492 0.12)
(0 0.00136271492 0.12)
(0.0045 0.00136271492 0.12)
(0.009 0.00136271492 0.12)
(0.0135 0.00136271492 0.12)
(0.018 0.00136271492 0.12)
(0.0225 0.00136271492 0.12)
(-0.0225 0.002530894085 0.12)
(-0.018 0.002530894085 0.12)
(-0.0135 0.002530894085 0.12)
(-0.009 0.002530894085 0.12)
(-0.0045 0.002530894085 0.12)
(0 0.002530894085 0.12)
(0.0045 0.002530894085 0.12)
(0.009 0.002530894085 0.12)
(0.0135 0.002530894085 0.12)
(0.018 0.002530894085 0.12)
(0.0225 0.002530894085 0.12)
(-0.0225 0.003532308646 0.12)
(-0.018 0.003532308646 0.12)
(-0.0135 0.003532308646 0.12)
(-0.009 0.003532308646 0.12)
(-0.0045 0.003532308646 0.12)
(0 0.003532308646 0.12)
(0.0045 0.003532308646 0.12)
(0.009 0.003532308646 0.12)
(0.0135 0.003532308646 0.12)
(0.018 0.003532308646 0.12)
(0.0225 0.003532308646 0.12)
(-0.0225 0.004390765252 0.12)
(-0.018 0.004390765252 0.12)
(-0.0135 0.004390765252 0.12)
(-0.009 0.004390765252 0.12)
(-0.0045 0.004390765252 0.12)
(0 0.004390765252 0.12)
(0.0045 0.004390765252 0.12)
(0.009 0.004390765252 0.12)
(0.0135 0.004390765252 0.12)
(0.018 0.004390765252 0.12)
(0.0225 0.004390765252 0.12)
(-0.0225 0.005126672013 0.12)
(-0.018 0.005126672013 0.12)
(-0.0135 0.005126672013 0.12)
(-0.009 0.005126672013 0.12)
(-0.0045 0.005126672013 0.12)
(0 0.005126672013 0.12)
(0.0045 0.005126672013 0.12)
(0.009 0.005126672013 0.12)
(0.0135 0.005126672013 0.12)
(0.018 0.005126672013 0.12)
(0.0225 0.005126672013 0.12)
(-0.0225 0.005757523655 0.12)
(-0.018 0.005757523655 0.12)
(-0.0135 0.005757523655 0.12)
(-0.009 0.005757523655 0.12)
(-0.0045 0.005757523655 0.12)
(0 0.005757523655 0.12)
(0.0045 0.005757523655 0.12)
(0.009 0.005757523655 0.12)
(0.0135 0.005757523655 0.12)
(0.018 0.005757523655 0.12)
(0.0225 0.005757523655 0.12)
(-0.0225 0.006298317429 0.12)
(-0.018 0.006298317429 0.12)
(-0.0135 0.006298317429 0.12)
(-0.009 0.006298317429 0.12)
(-0.0045 0.006298317429 0.12)
(0 0.006298317429 0.12)
(0.0045 0.006298317429 0.12)
(0.009 0.006298317429 0.12)
(0.0135 0.006298317429 0.12)
(0.018 0.006298317429 0.12)
(0.0225 0.006298317429 0.12)
(-0.0225 0.006761909638 0.12)
(-0.018 0.006761909638 0.12)
(-0.0135 0.006761909638 0.12)
(-0.009 0.006761909638 0.12)
(-0.0045 0.006761909638 0.12)
(0 0.006761909638 0.12)
(0.0045 0.006761909638 0.12)
(0.009 0.006761909638 0.12)
(0.0135 0.006761909638 0.12)
(0.018 0.006761909638 0.12)
(0.0225 0.006761909638 0.12)
(-0.0225 0.00715932127 0.12)
(-0.018 0.00715932127 0.12)
(-0.0135 0.00715932127 0.12)
(-0.009 0.00715932127 0.12)
(-0.0045 0.00715932127 0.12)
(0 0.00715932127 0.12)
(0.0045 0.00715932127 0.12)
(0.009 0.00715932127 0.12)
(0.0135 0.00715932127 0.12)
(0.018 0.00715932127 0.12)
(0.0225 0.00715932127 0.12)
(-0.0225 0.0075 0.12)
(-0.018 0.0075 0.12)
(-0.0135 0.0075 0.12)
(-0.009 0.0075 0.12)
(-0.0045 0.0075 0.12)
(0 0.0075 0.12)
(0.0045 0.0075 0.12)
(0.009 0.0075 0.12)
(0.0135 0.0075 0.12)
(0.018 0.0075 0.12)
(0.0225 0.0075 0.12)
)


// ************************************************************************* //
