-0.0075 	0 	0 	0
-0.0075 	-3.58779e-21 	-3.11543e-22 	1.41766e-18
-0.00745622 	2.31673e-05 	2.01171e-06 	-0.00915418
-0.00745622 	2.31673e-05 	2.01171e-06 	-0.00915418
-0.00741165 	4.57802e-05 	7.23528e-06 	-0.0185011
-0.00741165 	4.57802e-05 	7.23528e-06 	-0.0185011
-0.00736628 	6.74439e-05 	1.60296e-05 	-0.028026
-0.00736628 	6.74439e-05 	1.60296e-05 	-0.028026
-0.0073201 	8.77895e-05 	2.83723e-05 	-0.0376702
-0.0073201 	8.77895e-05 	2.83723e-05 	-0.0376702
-0.00727309 	0.000106589 	4.40647e-05 	-0.0473742
-0.00727309 	0.000106589 	4.40647e-05 	-0.0473742
-0.00722524 	0.000123758 	6.29304e-05 	-0.0570794
-0.00722524 	0.000123758 	6.29304e-05 	-0.0570794
-0.00717653 	0.000139346 	8.4777e-05 	-0.066731
-0.00717653 	0.000139346 	8.4777e-05 	-0.066731
-0.00712695 	0.000153523 	0.000109399 	-0.0762813
-0.00712695 	0.000153523 	0.000109399 	-0.0762813
-0.00707647 	0.000166555 	0.000136589 	-0.0856912
-0.00707647 	0.000166555 	0.000136589 	-0.0856912
-0.0070251 	0.000178777 	0.000166154 	-0.0949327
-0.0070251 	0.000178777 	0.000166154 	-0.0949327
-0.0069728 	0.000190566 	0.000197929 	-0.103988
-0.0069728 	0.000190566 	0.000197929 	-0.103988
-0.00691956 	0.000202317 	0.00023178 	-0.112849
-0.00691956 	0.000202317 	0.00023178 	-0.112849
-0.00686537 	0.000214417 	0.000267603 	-0.121514
-0.00686537 	0.000214417 	0.000267603 	-0.121514
-0.00681021 	0.000227227 	0.000305315 	-0.129984
-0.00681021 	0.000227227 	0.000305315 	-0.129984
-0.00675406 	0.000241061 	0.000344843 	-0.138262
-0.00675406 	0.000241061 	0.000344843 	-0.138262
-0.0066969 	0.000256169 	0.000386111 	-0.146347
-0.0066969 	0.000256169 	0.000386111 	-0.146347
-0.00663871 	0.00027272 	0.000429025 	-0.154238
-0.00663871 	0.00027272 	0.000429025 	-0.154238
-0.00657949 	0.000290783 	0.00047346 	-0.161927
-0.00657949 	0.000290783 	0.00047346 	-0.161927
-0.0065192 	0.000310317 	0.000519242 	-0.169406
-0.0065192 	0.000310317 	0.000519242 	-0.169406
-0.00645783 	0.000331161 	0.000566149 	-0.176659
-0.00645783 	0.000331161 	0.000566149 	-0.176659
-0.00639535 	0.000353029 	0.000613899 	-0.183671
-0.00639535 	0.000353029 	0.000613899 	-0.183671
-0.00633176 	0.000375521 	0.00066215 	-0.190423
-0.00633176 	0.000375521 	0.00066215 	-0.190423
-0.00626703 	0.000398136 	0.000710506 	-0.196894
-0.00626703 	0.000398136 	0.000710506 	-0.196894
-0.00620114 	0.000420292 	0.000758517 	-0.203065
-0.00620114 	0.000420292 	0.000758517 	-0.203065
-0.00613406 	0.00044136 	0.000805687 	-0.208916
-0.00613406 	0.00044136 	0.000805687 	-0.208916
-0.00606579 	0.000460689 	0.000851489 	-0.214429
-0.00606579 	0.000460689 	0.000851489 	-0.214429
-0.00599629 	0.000477644 	0.000895371 	-0.219587
-0.00599629 	0.000477644 	0.000895371 	-0.219587
-0.00592554 	0.000491641 	0.000936776 	-0.224379
-0.00592554 	0.000491641 	0.000936776 	-0.224379
-0.00585352 	0.00050217 	0.000975154 	-0.228794
-0.00585352 	0.00050217 	0.000975154 	-0.228794
-0.00578022 	0.000508825 	0.00100998 	-0.232826
-0.00578022 	0.000508825 	0.00100998 	-0.232826
-0.00570559 	0.000511321 	0.00104078 	-0.236473
-0.00570559 	0.000511321 	0.00104078 	-0.236473
-0.00562963 	0.000509504 	0.00106714 	-0.239739
-0.00562963 	0.000509504 	0.00106714 	-0.239739
-0.00555231 	0.000503359 	0.00108871 	-0.242631
-0.00555231 	0.000503359 	0.00108871 	-0.242631
-0.0054736 	0.000493006 	0.00110525 	-0.24516
-0.0054736 	0.000493006 	0.00110525 	-0.24516
-0.00539348 	0.000478694 	0.00111661 	-0.247344
-0.00539348 	0.000478694 	0.00111661 	-0.247344
-0.00531193 	0.000460788 	0.00112274 	-0.249202
-0.00531193 	0.000460788 	0.00112274 	-0.249202
-0.00522891 	0.000439756 	0.0011237 	-0.250757
-0.00522891 	0.000439756 	0.0011237 	-0.250757
-0.0051444 	0.00041616 	0.00111968 	-0.252035
-0.0051444 	0.00041616 	0.00111968 	-0.252035
-0.00505838 	0.000390609 	0.00111094 	-0.253065
-0.00505838 	0.000390609 	0.00111094 	-0.253065
-0.00497081 	0.000363706 	0.00109787 	-0.253877
-0.00497081 	0.000363706 	0.00109787 	-0.253877
-0.00488168 	0.000336049 	0.00108087 	-0.254503
-0.00488168 	0.000336049 	0.00108087 	-0.254503
-0.00479094 	0.000308227 	0.00106041 	-0.254972
-0.00479094 	0.000308227 	0.00106041 	-0.254972
-0.00469858 	0.000280771 	0.00103695 	-0.255311
-0.00469858 	0.000280771 	0.00103695 	-0.255311
-0.00460456 	0.000254122 	0.00101098 	-0.255545
-0.00460456 	0.000254122 	0.00101098 	-0.255545
-0.00450886 	0.000228618 	0.000982934 	-0.255697
-0.00450886 	0.000228618 	0.000982934 	-0.255697
-0.00441144 	0.000204488 	0.000953213 	-0.255785
-0.00441144 	0.000204488 	0.000953213 	-0.255785
-0.00431227 	0.000181857 	0.000922164 	-0.255825
-0.00431227 	0.000181857 	0.000922164 	-0.255825
-0.00421133 	0.00016076 	0.000890076 	-0.25583
-0.00421133 	0.00016076 	0.000890076 	-0.25583
-0.00410857 	0.000141153 	0.000857171 	-0.255809
-0.00410857 	0.000141153 	0.000857171 	-0.255809
-0.00400397 	0.000122931 	0.00082362 	-0.255769
-0.00400397 	0.000122931 	0.00082362 	-0.255769
-0.0038975 	0.000105959 	0.000789519 	-0.255715
-0.0038975 	0.000105959 	0.000789519 	-0.255715
-0.00378912 	9.0107e-05 	0.000754899 	-0.255649
-0.00378912 	9.0107e-05 	0.000754899 	-0.255649
-0.00367879 	7.52995e-05 	0.000719734 	-0.255575
-0.00367879 	7.52995e-05 	0.000719734 	-0.255575
-0.00356649 	6.15339e-05 	0.00068405 	-0.255494
-0.00356649 	6.15339e-05 	0.00068405 	-0.255494
-0.00345217 	4.88104e-05 	0.00064793 	-0.255408
-0.00345217 	4.88104e-05 	0.00064793 	-0.255408
-0.0033358 	3.70332e-05 	0.000611283 	-0.255318
-0.0033358 	3.70332e-05 	0.000611283 	-0.255318
-0.00321735 	2.61044e-05 	0.000573976 	-0.255224
-0.00321735 	2.61044e-05 	0.000573976 	-0.255224
-0.00309677 	1.60577e-05 	0.000536107 	-0.255127
-0.00309677 	1.60577e-05 	0.000536107 	-0.255127
-0.00297403 	6.99925e-06 	0.000497813 	-0.255029
-0.00297403 	6.99925e-06 	0.000497813 	-0.255029
-0.00284909 	-9.75324e-07 	0.000459146 	-0.254932
-0.00284909 	-9.75324e-07 	0.000459146 	-0.254932
-0.0027219 	-7.78751e-06 	0.000420178 	-0.254836
-0.0027219 	-7.78751e-06 	0.000420178 	-0.254836
-0.00259244 	-1.33709e-05 	0.000381031 	-0.254743
-0.00259244 	-1.33709e-05 	0.000381031 	-0.254743
-0.00246065 	-1.7635e-05 	0.000341802 	-0.254653
-0.00246065 	-1.7635e-05 	0.000341802 	-0.254653
-0.00232651 	-2.04284e-05 	0.000302575 	-0.254569
-0.00232651 	-2.04284e-05 	0.000302575 	-0.254569
-0.00218995 	-2.1581e-05 	0.00026347 	-0.254489
-0.00218995 	-2.1581e-05 	0.00026347 	-0.254489
-0.00205095 	-2.09371e-05 	0.000224503 	-0.254415
-0.00205095 	-2.09371e-05 	0.000224503 	-0.254415
-0.00190946 	-1.83171e-05 	0.000185649 	-0.254346
-0.00190946 	-1.83171e-05 	0.000185649 	-0.254346
-0.00176543 	-1.35286e-05 	0.00014693 	-0.254284
-0.00176543 	-1.35286e-05 	0.00014693 	-0.254284
-0.00161881 	-6.39596e-06 	0.000108288 	-0.254226
-0.00161881 	-6.39596e-06 	0.000108288 	-0.254226
-0.00146957 	3.2548e-06 	6.96543e-05 	-0.254175
-0.00146957 	3.2548e-06 	6.96543e-05 	-0.254175
-0.00131765 	1.55757e-05 	3.10017e-05 	-0.25413
-0.00131765 	1.55757e-05 	3.10017e-05 	-0.25413
-0.001163 	3.06509e-05 	-7.71623e-06 	-0.254092
-0.001163 	3.06509e-05 	-7.71623e-06 	-0.254092
-0.00100559 	4.84783e-05 	-4.65608e-05 	-0.254061
-0.00100559 	4.84783e-05 	-4.65608e-05 	-0.254061
-0.000845345 	6.89622e-05 	-8.55905e-05 	-0.254037
-0.000845345 	6.89622e-05 	-8.55905e-05 	-0.254037
-0.000682232 	9.18979e-05 	-0.000124853 	-0.254021
-0.000682232 	9.18979e-05 	-0.000124853 	-0.254021
-0.000516194 	0.000116953 	-0.000164385 	-0.254012
-0.000516194 	0.000116953 	-0.000164385 	-0.254012
-0.000347178 	0.000143653 	-0.000204209 	-0.254012
-0.000347178 	0.000143653 	-0.000204209 	-0.254012
-0.000175132 	0.000171375 	-0.000244327 	-0.254021
-0.000175132 	0.000171375 	-0.000244327 	-0.254021
0 	0.000199232 	-0.000284543 	-0.25404
0 	0.000199232 	-0.000284543 	-0.25404
0.000175132 	0.000226003 	-0.000324296 	-0.254067
0.000175132 	0.000226003 	-0.000324296 	-0.254067
0.000347178 	0.000250527 	-0.000363038 	-0.254104
0.000347178 	0.000250527 	-0.000363038 	-0.254104
0.000516194 	0.000272022 	-0.000400597 	-0.25415
0.000516194 	0.000272022 	-0.000400597 	-0.25415
0.000682232 	0.00028997 	-0.000436993 	-0.254205
0.000682232 	0.00028997 	-0.000436993 	-0.254205
0.000845345 	0.000303999 	-0.000472277 	-0.254268
0.000845345 	0.000303999 	-0.000472277 	-0.254268
0.00100559 	0.000313874 	-0.00050652 	-0.25434
0.00100559 	0.000313874 	-0.00050652 	-0.25434
0.001163 	0.0003195 	-0.00053965 	-0.254421
0.001163 	0.0003195 	-0.00053965 	-0.254421
0.00131765 	0.000320858 	-0.000571665 	-0.254511
0.00131765 	0.000320858 	-0.000571665 	-0.254511
0.00146957 	0.000317888 	-0.000602878 	-0.254613
0.00146957 	0.000317888 	-0.000602878 	-0.254613
0.00161881 	0.000310535 	-0.000633488 	-0.254729
0.00161881 	0.000310535 	-0.000633488 	-0.254729
0.00176543 	0.000298874 	-0.000663509 	-0.254861
0.00176543 	0.000298874 	-0.000663509 	-0.254861
0.00190946 	0.000283175 	-0.000693049 	-0.255009
0.00190946 	0.000283175 	-0.000693049 	-0.255009
0.00205095 	0.000263894 	-0.000722223 	-0.25517
0.00205095 	0.000263894 	-0.000722223 	-0.25517
0.00218995 	0.000241633 	-0.00075108 	-0.255345
0.00218995 	0.000241633 	-0.00075108 	-0.255345
0.00232651 	0.000217086 	-0.000779602 	-0.255531
0.00232651 	0.000217086 	-0.000779602 	-0.255531
0.00246065 	0.000190977 	-0.000807727 	-0.255725
0.00246065 	0.000190977 	-0.000807727 	-0.255725
0.00259244 	0.000164013 	-0.000835351 	-0.255927
0.00259244 	0.000164013 	-0.000835351 	-0.255927
0.0027219 	0.000136848 	-0.000862346 	-0.256133
0.0027219 	0.000136848 	-0.000862346 	-0.256133
0.00284909 	0.000110062 	-0.000888563 	-0.256342
0.00284909 	0.000110062 	-0.000888563 	-0.256342
0.00297403 	8.41626e-05 	-0.00091384 	-0.256551
0.00297403 	8.41626e-05 	-0.00091384 	-0.256551
0.00309677 	5.95912e-05 	-0.000938013 	-0.256757
0.00309677 	5.95912e-05 	-0.000938013 	-0.256757
0.00321735 	3.67487e-05 	-0.000960934 	-0.256959
0.00321735 	3.67487e-05 	-0.000960934 	-0.256959
0.0033358 	1.60202e-05 	-0.000982474 	-0.257151
0.0033358 	1.60202e-05 	-0.000982474 	-0.257151
0.00345217 	-2.23043e-06 	-0.00100245 	-0.257328
0.00345217 	-2.23043e-06 	-0.00100245 	-0.257328
0.00356649 	-1.77973e-05 	-0.00102056 	-0.257486
0.00356649 	-1.77973e-05 	-0.00102056 	-0.257486
0.00367879 	-3.08695e-05 	-0.00103674 	-0.257625
0.00367879 	-3.08695e-05 	-0.00103674 	-0.257625
0.00378912 	-4.19676e-05 	-0.00105115 	-0.257745
0.00378912 	-4.19676e-05 	-0.00105115 	-0.257745
0.0038975 	-5.15037e-05 	-0.00106378 	-0.257849
0.0038975 	-5.15037e-05 	-0.00106378 	-0.257849
0.00400397 	-5.95899e-05 	-0.00107449 	-0.257933
0.00400397 	-5.95899e-05 	-0.00107449 	-0.257933
0.00410857 	-6.62325e-05 	-0.00108318 	-0.257989
0.00410857 	-6.62325e-05 	-0.00108318 	-0.257989
0.00421133 	-7.14611e-05 	-0.00108979 	-0.258009
0.00421133 	-7.14611e-05 	-0.00108979 	-0.258009
0.00431227 	-7.53353e-05 	-0.00109423 	-0.257981
0.00431227 	-7.53353e-05 	-0.00109423 	-0.257981
0.00441144 	-7.79585e-05 	-0.00109639 	-0.257889
0.00441144 	-7.79585e-05 	-0.00109639 	-0.257889
0.00450886 	-7.9491e-05 	-0.00109619 	-0.257714
0.00450886 	-7.9491e-05 	-0.00109619 	-0.257714
0.00460456 	-8.01603e-05 	-0.00109353 	-0.257433
0.00460456 	-8.01603e-05 	-0.00109353 	-0.257433
0.00469858 	-8.0262e-05 	-0.0010883 	-0.257018
0.00469858 	-8.0262e-05 	-0.0010883 	-0.257018
0.00479094 	-8.01535e-05 	-0.00108042 	-0.25644
0.00479094 	-8.01535e-05 	-0.00108042 	-0.25644
0.00488168 	-8.02396e-05 	-0.00106983 	-0.255667
0.00488168 	-8.02396e-05 	-0.00106983 	-0.255667
0.00497081 	-8.09441e-05 	-0.00105645 	-0.254667
0.00497081 	-8.09441e-05 	-0.00105645 	-0.254667
0.00505838 	-8.26794e-05 	-0.00104021 	-0.253403
0.00505838 	-8.26794e-05 	-0.00104021 	-0.253403
0.0051444 	-8.58253e-05 	-0.00102103 	-0.251841
0.0051444 	-8.58253e-05 	-0.00102103 	-0.251841
0.00522891 	-9.07022e-05 	-0.0009989 	-0.249947
0.00522891 	-9.07022e-05 	-0.0009989 	-0.249947
0.00531193 	-9.75401e-05 	-0.000973849 	-0.247692
0.00531193 	-9.75401e-05 	-0.000973849 	-0.247692
0.00539348 	-0.000106453 	-0.000945944 	-0.245051
0.00539348 	-0.000106453 	-0.000945944 	-0.245051
0.0054736 	-0.000117422 	-0.000915285 	-0.242001
0.0054736 	-0.000117422 	-0.000915285 	-0.242001
0.00555231 	-0.000130289 	-0.00088201 	-0.238525
0.00555231 	-0.000130289 	-0.00088201 	-0.238525
0.00562963 	-0.000144753 	-0.000846298 	-0.234609
0.00562963 	-0.000144753 	-0.000846298 	-0.234609
0.00570559 	-0.00016038 	-0.000808373 	-0.230249
0.00570559 	-0.00016038 	-0.000808373 	-0.230249
0.00578022 	-0.00017663 	-0.000768497 	-0.225441
0.00578022 	-0.00017663 	-0.000768497 	-0.225441
0.00585352 	-0.00019288 	-0.000726969 	-0.220191
0.00585352 	-0.00019288 	-0.000726969 	-0.220191
0.00592554 	-0.00020847 	-0.000684119 	-0.214509
0.00592554 	-0.00020847 	-0.000684119 	-0.214509
0.00599629 	-0.000222742 	-0.000640292 	-0.208409
0.00599629 	-0.000222742 	-0.000640292 	-0.208409
0.00606579 	-0.000235085 	-0.000595844 	-0.201909
0.00606579 	-0.000235085 	-0.000595844 	-0.201909
0.00613406 	-0.000244974 	-0.000551133 	-0.195031
0.00613406 	-0.000244974 	-0.000551133 	-0.195031
0.00620114 	-0.000251999 	-0.000506518 	-0.187802
0.00620114 	-0.000251999 	-0.000506518 	-0.187802
0.00626703 	-0.000255892 	-0.000462358 	-0.180252
0.00626703 	-0.000255892 	-0.000462358 	-0.180252
0.00633176 	-0.000256539 	-0.000419006 	-0.172413
0.00633176 	-0.000256539 	-0.000419006 	-0.172413
0.00639535 	-0.00025398 	-0.000376806 	-0.16432
0.00639535 	-0.00025398 	-0.000376806 	-0.16432
0.00645783 	-0.000248394 	-0.000336088 	-0.156012
0.00645783 	-0.000248394 	-0.000336088 	-0.156012
0.0065192 	-0.000240079 	-0.000297163 	-0.147526
0.0065192 	-0.000240079 	-0.000297163 	-0.147526
0.00657949 	-0.000229421 	-0.000260312 	-0.138905
0.00657949 	-0.000229421 	-0.000260312 	-0.138905
0.00663871 	-0.000216858 	-0.000225781 	-0.130191
0.00663871 	-0.000216858 	-0.000225781 	-0.130191
0.0066969 	-0.00020285 	-0.000193772 	-0.121426
0.0066969 	-0.00020285 	-0.000193772 	-0.121426
0.00675406 	-0.000187846 	-0.00016443 	-0.112655
0.00675406 	-0.000187846 	-0.00016443 	-0.112655
0.00681021 	-0.000172258 	-0.000137839 	-0.103919
0.00681021 	-0.000172258 	-0.000137839 	-0.103919
0.00686537 	-0.000156448 	-0.000114028 	-0.0952595
0.00686537 	-0.000156448 	-0.000114028 	-0.0952595
0.00691956 	-0.00014072 	-9.29684e-05 	-0.0867175
0.00691956 	-0.00014072 	-9.29684e-05 	-0.0867175
0.0069728 	-0.000125311 	-7.45785e-05 	-0.0783286
0.0069728 	-0.000125311 	-7.45785e-05 	-0.0783286
0.0070251 	-0.000110397 	-5.87312e-05 	-0.0701223
0.0070251 	-0.000110397 	-5.87312e-05 	-0.0701223
0.00707647 	-9.60978e-05 	-4.52639e-05 	-0.0621209
0.00707647 	-9.60978e-05 	-4.52639e-05 	-0.0621209
0.00712695 	-8.24875e-05 	-3.39907e-05 	-0.0543392
0.00712695 	-8.24875e-05 	-3.39907e-05 	-0.0543392
0.00717653 	-6.96069e-05 	-2.47143e-05 	-0.0467851
0.00717653 	-6.96069e-05 	-2.47143e-05 	-0.0467851
0.00722524 	-5.74734e-05 	-1.72349e-05 	-0.0394609
0.00722524 	-5.74734e-05 	-1.72349e-05 	-0.0394609
0.00727309 	-4.6089e-05 	-1.13567e-05 	-0.032364
0.00727309 	-4.6089e-05 	-1.13567e-05 	-0.032364
0.0073201 	-3.54468e-05 	-6.89547e-06 	-0.0254887
0.0073201 	-3.54468e-05 	-6.89547e-06 	-0.0254887
0.00736628 	-2.5535e-05 	-3.67772e-06 	-0.018827
0.00736628 	-2.5535e-05 	-3.67772e-06 	-0.018827
0.00741165 	-1.63404e-05 	-1.569e-06 	-0.0123694
0.00741165 	-1.63404e-05 	-1.569e-06 	-0.0123694
0.00745622 	-7.84894e-06 	-4.10362e-07 	-0.00610615
0.00745622 	-7.84894e-06 	-4.10362e-07 	-0.00610615
0.0075 	0 	0 	0
0.0075 	0 	0 	0
