
1264
(
(-4.48739e-06 0.00560919 0.272606)
(-4.51236e-06 0.00554253 0.272503)
(-4.51609e-06 0.00547552 0.272332)
(-4.48641e-06 0.00540813 0.272091)
(-4.43312e-06 0.00534147 0.271784)
(-4.35655e-06 0.00527526 0.271412)
(-4.25885e-06 0.00520959 0.270977)
(-4.14226e-06 0.00514452 0.270479)
(-4.00874e-06 0.00508002 0.26992)
(-3.86036e-06 0.00501607 0.2693)
(-3.69924e-06 0.00495263 0.268621)
(-3.52749e-06 0.00488967 0.267883)
(-3.34716e-06 0.00482715 0.267088)
(-3.16014e-06 0.00476501 0.266236)
(-2.96822e-06 0.00470323 0.265329)
(-2.7731e-06 0.00464179 0.264369)
(-2.57652e-06 0.0045806 0.263355)
(-2.37967e-06 0.0045196 0.26229)
(-2.1822e-06 0.00445894 0.261174)
(-1.98272e-06 0.00439851 0.260004)
(-1.78239e-06 0.00433816 0.258771)
(-1.58467e-06 0.00427773 0.257476)
(-1.39195e-06 0.00421716 0.256122)
(-1.20552e-06 0.00415635 0.25471)
(-1.02623e-06 0.00409522 0.253246)
(-8.54725e-07 0.00403374 0.251731)
(-6.9156e-07 0.00397187 0.25017)
(-5.3713e-07 0.00390959 0.248562)
(-3.91755e-07 0.00384689 0.246912)
(-2.5544e-07 0.00378376 0.245216)
(-1.27925e-07 0.00372018 0.243473)
(-9.105e-09 0.00365614 0.241682)
(1.0082e-07 0.00359163 0.239839)
(2.0155e-07 0.00352663 0.237943)
(2.9276e-07 0.00346103 0.235992)
(3.7415e-07 0.0033947 0.233984)
(4.4546e-07 0.00332751 0.231917)
(5.06565e-07 0.00325926 0.229789)
(5.575e-07 0.00318979 0.227596)
(5.98285e-07 0.0031189 0.225336)
(6.2884e-07 0.00304648 0.223009)
(6.49105e-07 0.00297242 0.220612)
(6.5909e-07 0.00289653 0.218146)
(6.5883e-07 0.00281871 0.215608)
(6.48425e-07 0.00273883 0.213)
(6.27995e-07 0.00265678 0.210319)
(5.97755e-07 0.00257245 0.207564)
(5.5796e-07 0.00248575 0.204732)
(5.08965e-07 0.00239657 0.201824)
(4.51225e-07 0.00230485 0.198835)
(3.8534e-07 0.00221054 0.195764)
(3.12025e-07 0.00211359 0.192606)
(2.3222e-07 0.00201401 0.189359)
(1.47145e-07 0.00191186 0.186015)
(5.824e-08 0.0018072 0.18257)
(-3.2765e-08 0.00170021 0.179015)
(-1.2387e-07 0.00159121 0.175339)
(-2.1279e-07 0.00148073 0.171525)
(-2.97505e-07 0.00136931 0.167542)
(-3.76655e-07 0.00125743 0.16335)
(-4.48705e-07 0.00114577 0.158905)
(-5.1153e-07 0.00103515 0.15416)
(-5.62798e-07 0.00092638 0.14906)
(-6.00263e-07 0.000820349 0.143544)
(-6.21826e-07 0.000717998 0.137541)
(-6.25781e-07 0.000620266 0.130986)
(-6.11169e-07 0.000528055 0.123824)
(-5.77987e-07 0.000442158 0.116032)
(-5.27477e-07 0.000363269 0.107627)
(-4.62532e-07 0.000291983 0.0986723)
(-3.87972e-07 0.000228711 0.0892707)
(-3.10113e-07 0.000173635 0.0795346)
(-2.35385e-07 0.00012673 0.069558)
(-1.68585e-07 8.78255e-05 0.0593931)
(-1.11428e-07 5.6617e-05 0.0490518)
(-6.0795e-08 3.26982e-05 0.0385239)
(-5.0335e-09 1.56252e-05 0.0277969)
(4.7541e-08 5.19305e-06 0.0168643)
(4.6822e-08 1.71175e-07 0.00572443)
(0.000547228 0.00408371 0.274312)
(0.00053305 0.00407049 0.27413)
(0.000519642 0.00405689 0.273874)
(0.000505474 0.00404167 0.273548)
(0.000491115 0.0040253 0.273154)
(0.000477114 0.00400756 0.272694)
(0.000463745 0.00398848 0.27217)
(0.000451129 0.0039681 0.271583)
(0.000439301 0.0039464 0.270935)
(0.00042826 0.00392343 0.270228)
(0.000417962 0.00389919 0.269462)
(0.000408363 0.00387372 0.268641)
(0.000399397 0.00384703 0.267764)
(0.000391032 0.00381918 0.266834)
(0.00038323 0.00379018 0.265853)
(0.000375957 0.00376009 0.264822)
(0.000369181 0.00372893 0.263741)
(0.000362859 0.00369671 0.262613)
(0.000357005 0.00366362 0.261436)
(0.000351704 0.00362965 0.260209)
(0.00034698 0.00359472 0.258924)
(0.000342761 0.00355878 0.257583)
(0.000338974 0.0035218 0.256185)
(0.000335557 0.00348379 0.254736)
(0.000332461 0.00344469 0.253236)
(0.000329651 0.00340454 0.25169)
(0.000327088 0.00336332 0.250099)
(0.000324723 0.00332104 0.248465)
(0.000322534 0.00327772 0.246788)
(0.000320552 0.0032334 0.245067)
(0.000318846 0.00318811 0.2433)
(0.000317444 0.00314191 0.241488)
(0.000316341 0.00309473 0.239628)
(0.000315519 0.00304654 0.237717)
(0.000314947 0.00299725 0.235753)
(0.00031459 0.00294675 0.233732)
(0.000314434 0.00289488 0.231652)
(0.000314488 0.00284156 0.229508)
(0.000314766 0.00278664 0.2273)
(0.000315263 0.00273001 0.225027)
(0.000315966 0.00267154 0.222687)
(0.000316866 0.0026111 0.22028)
(0.000317949 0.00254859 0.217804)
(0.000319207 0.00248388 0.215259)
(0.000320621 0.00241689 0.212645)
(0.000322175 0.0023475 0.209959)
(0.000323849 0.00227563 0.207201)
(0.000325616 0.0022012 0.204368)
(0.000327449 0.00212412 0.201459)
(0.00032931 0.00204434 0.198473)
(0.000331158 0.00196182 0.195406)
(0.000332943 0.00187654 0.192254)
(0.000334605 0.0017885 0.189016)
(0.000336074 0.00169778 0.185684)
(0.000337265 0.00160449 0.182253)
(0.000338074 0.00150884 0.178715)
(0.000338369 0.00141121 0.175057)
(0.000338021 0.00131216 0.171258)
(0.00033692 0.00121209 0.167283)
(0.000334935 0.00111152 0.163094)
(0.000331895 0.00101121 0.158651)
(0.000327594 0.000911874 0.153907)
(0.000321776 0.000814325 0.14881)
(0.000314154 0.000719434 0.143296)
(0.000304421 0.000628089 0.137296)
(0.000292295 0.00054117 0.130747)
(0.000277545 0.000459493 0.123596)
(0.000260056 0.000383732 0.115821)
(0.000239903 0.000314488 0.107441)
(0.000217442 0.000252212 0.0985183)
(0.000193343 0.000197184 0.0891527)
(0.000168495 0.000149463 0.0794524)
(0.000143777 0.000108944 0.0695066)
(0.000119779 7.54245e-05 0.0593649)
(9.65742e-05 4.85965e-05 0.0490391)
(7.34923e-05 2.80755e-05 0.0385202)
(4.8678e-05 1.34709e-05 0.0277978)
(2.34306e-05 4.47855e-06 0.0168661)
(4.39503e-06 1.9767e-07 0.00572531)
(-0.000214176 0.00451839 0.276616)
(-0.000199396 0.00449112 0.276344)
(-0.000184811 0.00446279 0.275994)
(-0.000171611 0.00443363 0.275572)
(-0.000159379 0.00440351 0.275081)
(-0.000147692 0.0043723 0.274524)
(-0.000136353 0.00434014 0.273901)
(-0.000125288 0.00430705 0.273217)
(-0.000114487 0.00427309 0.272473)
(-0.00010397 0.00423828 0.27167)
(-9.37675e-05 0.00420268 0.270812)
(-8.39195e-05 0.00416629 0.2699)
(-7.44665e-05 0.00412916 0.268938)
(-6.54475e-05 0.0040913 0.267926)
(-5.68935e-05 0.00405273 0.266867)
(-4.88245e-05 0.00401346 0.265762)
(-4.1258e-05 0.00397351 0.264612)
(-3.41875e-05 0.00393287 0.263421)
(-2.7518e-05 0.00389169 0.262186)
(-2.10445e-05 0.00384993 0.260906)
(-1.47705e-05 0.00380742 0.259575)
(-8.9695e-06 0.00376419 0.258192)
(-3.8295e-06 0.00372026 0.256756)
(7.18e-07 0.00367561 0.255267)
(4.953e-06 0.00363022 0.253726)
(9.09e-06 0.00358415 0.252138)
(1.3135e-05 0.00353742 0.250508)
(1.70055e-05 0.00349002 0.248837)
(2.06295e-05 0.00344193 0.247127)
(2.39795e-05 0.00339311 0.245377)
(2.7064e-05 0.00334351 0.243588)
(2.99165e-05 0.00329312 0.241756)
(3.25745e-05 0.00324187 0.239879)
(3.50625e-05 0.00318969 0.237954)
(3.7366e-05 0.00313647 0.235979)
(3.94485e-05 0.00308213 0.233949)
(4.1304e-05 0.0030265 0.231862)
(4.29705e-05 0.00296944 0.229713)
(4.4499e-05 0.00291083 0.227501)
(4.5908e-05 0.00285054 0.225226)
(4.71925e-05 0.00278844 0.222884)
(4.8349e-05 0.00272439 0.220477)
(4.93745e-05 0.00265829 0.218003)
(5.02655e-05 0.00259001 0.21546)
(5.1018e-05 0.00251944 0.212849)
(5.16277e-05 0.00244648 0.210168)
(5.20873e-05 0.00237103 0.207416)
(5.23877e-05 0.002293 0.204591)
(5.25204e-05 0.00221233 0.201691)
(5.24734e-05 0.00212893 0.198715)
(5.22335e-05 0.00204278 0.195659)
(5.17866e-05 0.00195385 0.192522)
(5.11165e-05 0.00186216 0.189298)
(5.02075e-05 0.00176777 0.185984)
(4.90419e-05 0.0016708 0.182573)
(4.75979e-05 0.00157145 0.179057)
(4.58392e-05 0.0014701 0.175423)
(4.37544e-05 0.00136734 0.171653)
(4.1362e-05 0.00126356 0.16771)
(3.86625e-05 0.00115927 0.163554)
(3.56617e-05 0.00105526 0.159145)
(3.2364e-05 0.000952248 0.154438)
(2.87419e-05 0.00085105 0.149377)
(2.47565e-05 0.000752555 0.143897)
(2.03716e-05 0.000657666 0.137928)
(1.55697e-05 0.000567253 0.131405)
(1.03561e-05 0.000482142 0.124269)
(4.78105e-06 0.000403055 0.116497)
(-1.00525e-06 0.000330616 0.108103)
(-6.68695e-06 0.000265353 0.099149)
(-1.17708e-05 0.000207592 0.0897349)
(-1.56846e-05 0.00015744 0.0799721)
(-1.79716e-05 0.000114822 0.0699544)
(-1.84981e-05 7.95545e-05 0.0597363)
(-1.76515e-05 5.13345e-05 0.049334)
(-1.66369e-05 2.97415e-05 0.0387413)
(-1.81637e-05 1.43794e-05 0.0279491)
(-1.95546e-05 4.8329e-06 0.0169524)
(-1.11145e-05 2.45015e-07 0.00575228)
(0.000150576 0.00439863 0.277772)
(0.000151348 0.00437209 0.277465)
(0.000152659 0.00434424 0.277079)
(0.000154566 0.00431524 0.27662)
(0.000156836 0.00428529 0.27609)
(0.000159314 0.00425424 0.275493)
(0.000161902 0.00422223 0.274831)
(0.000164531 0.00418934 0.274107)
(0.000167161 0.00415559 0.273323)
(0.00016976 0.00412106 0.272481)
(0.000172313 0.00408578 0.271586)
(0.000174808 0.00404979 0.270638)
(0.000177239 0.00401309 0.269641)
(0.000179601 0.00397574 0.268596)
(0.000181894 0.00393772 0.267505)
(0.000184115 0.00389908 0.26637)
(0.000186265 0.0038598 0.265193)
(0.000188363 0.0038199 0.263974)
(0.000190497 0.00377951 0.262715)
(0.00019273 0.00373857 0.261412)
(0.000194996 0.00369701 0.26006)
(0.000197182 0.00365482 0.258655)
(0.000199236 0.003612 0.257195)
(0.000201221 0.00356857 0.255682)
(0.000203229 0.00352455 0.254119)
(0.000205301 0.00347993 0.252512)
(0.000207436 0.00343468 0.250862)
(0.000209626 0.00338876 0.249174)
(0.000211869 0.00334213 0.247449)
(0.000214169 0.00329476 0.245686)
(0.000216542 0.00324664 0.243884)
(0.000219004 0.00319773 0.242042)
(0.000221557 0.00314798 0.240157)
(0.000224188 0.00309731 0.238227)
(0.000226892 0.00304565 0.236245)
(0.000229676 0.00299287 0.234208)
(0.000232563 0.00293886 0.232113)
(0.000235571 0.00288348 0.229958)
(0.000238704 0.00282661 0.227741)
(0.000241958 0.00276811 0.22546)
(0.000245336 0.00270785 0.223114)
(0.000248836 0.0026457 0.220703)
(0.000252459 0.00258152 0.218226)
(0.000256202 0.00251522 0.215682)
(0.000260062 0.00244667 0.213068)
(0.000264032 0.00237579 0.210386)
(0.000268104 0.00230247 0.207632)
(0.000272265 0.0022266 0.204806)
(0.0002765 0.00214813 0.201906)
(0.000280787 0.00206699 0.198929)
(0.000285101 0.00198313 0.195875)
(0.000289408 0.00189654 0.192737)
(0.000293667 0.00180723 0.189514)
(0.000297826 0.00171526 0.1862)
(0.000301822 0.00162075 0.182788)
(0.000305575 0.00152393 0.179271)
(0.000309001 0.00142522 0.175636)
(0.000312019 0.00132512 0.171861)
(0.000314521 0.00122403 0.16791)
(0.000316324 0.00112249 0.163744)
(0.000317207 0.00102127 0.159326)
(0.000316908 0.000921075 0.154605)
(0.000315099 0.000822721 0.149529)
(0.000311384 0.000727072 0.144033)
(0.000305324 0.000635029 0.138048)
(0.000296474 0.000547439 0.131506)
(0.000284419 0.000465094 0.124354)
(0.000268868 0.000388674 0.116565)
(0.000249768 0.000318775 0.108155)
(0.000227434 0.000255869 0.0991884)
(0.000202591 0.000200233 0.0897641)
(0.000176262 0.000151939 0.0799934)
(0.000149501 0.000110901 0.0699696)
(0.000123086 7.6938e-05 0.0597474)
(9.72361e-05 4.97595e-05 0.0493422)
(7.13071e-05 2.8961e-05 0.0387472)
(4.31693e-05 1.41536e-05 0.0279529)
(1.65569e-05 4.8074e-06 0.0169538)
(1.17975e-06 3.7271e-07 0.00575217)
(-0.000140551 0.00446345 0.278291)
(-0.000134438 0.00443565 0.277985)
(-0.000128474 0.00440686 0.277599)
(-0.000122494 0.00437699 0.277137)
(-0.000116575 0.00434631 0.276602)
(-0.000110791 0.00431467 0.276)
(-0.000105186 0.00428219 0.275332)
(-9.97874e-05 0.00424889 0.274599)
(-9.46151e-05 0.00421482 0.273807)
(-8.96832e-05 0.00418 0.272958)
(-8.50002e-05 0.00414446 0.272053)
(-8.05716e-05 0.00410822 0.271097)
(-7.63983e-05 0.00407127 0.270091)
(-7.24806e-05 0.00403366 0.269037)
(-6.88172e-05 0.00399538 0.267939)
(-6.54063e-05 0.00395644 0.266797)
(-6.22445e-05 0.00391684 0.265613)
(-5.93139e-05 0.00387662 0.264387)
(-5.65645e-05 0.00383587 0.263121)
(-5.3917e-05 0.00379451 0.261809)
(-5.1325e-05 0.00375247 0.260447)
(-4.8802e-05 0.00370976 0.259031)
(-4.63815e-05 0.0036664 0.257559)
(-4.40955e-05 0.00362247 0.256034)
(-4.195e-05 0.00357794 0.254463)
(-3.99345e-05 0.00353282 0.252846)
(-3.8034e-05 0.00348703 0.251189)
(-3.6237e-05 0.00344051 0.249495)
(-3.4534e-05 0.00339324 0.247762)
(-3.2918e-05 0.00334517 0.245994)
(-3.1382e-05 0.0032963 0.244188)
(-2.9917e-05 0.00324659 0.242342)
(-2.85125e-05 0.003196 0.240455)
(-2.7156e-05 0.00314446 0.238521)
(-2.58415e-05 0.00309186 0.236538)
(-2.45725e-05 0.0030381 0.234499)
(-2.3353e-05 0.00298308 0.232403)
(-2.2184e-05 0.00292669 0.230245)
(-2.10635e-05 0.00286876 0.228027)
(-1.9991e-05 0.00280918 0.225746)
(-1.8968e-05 0.00274782 0.2234)
(-1.79969e-05 0.00268454 0.220989)
(-1.70821e-05 0.00261922 0.218512)
(-1.62281e-05 0.00255176 0.215967)
(-1.54426e-05 0.00248203 0.213355)
(-1.47331e-05 0.00240994 0.210672)
(-1.41102e-05 0.0023354 0.207921)
(-1.35844e-05 0.00225832 0.205096)
(-1.31692e-05 0.00217862 0.202197)
(-1.28779e-05 0.00209623 0.199223)
(-1.27264e-05 0.00201112 0.196171)
(-1.27321e-05 0.00192328 0.193037)
(-1.29132e-05 0.0018327 0.189818)
(-1.32886e-05 0.00173946 0.186509)
(-1.38772e-05 0.00164366 0.183103)
(-1.46914e-05 0.00154556 0.179594)
(-1.57261e-05 0.00144555 0.175967)
(-1.69565e-05 0.00134416 0.172201)
(-1.83667e-05 0.00124179 0.168259)
(-1.99662e-05 0.00113899 0.164104)
(-2.17552e-05 0.00103652 0.159695)
(-2.37085e-05 0.000935121 0.154986)
(-2.57865e-05 0.000835577 0.14992)
(-2.79385e-05 0.000738781 0.144434)
(-3.01016e-05 0.000645615 0.138457)
(-3.21971e-05 0.000556943 0.131921)
(-3.41295e-05 0.000473551 0.124768)
(-3.57879e-05 0.000396117 0.116974)
(-3.70482e-05 0.000325244 0.108553)
(-3.77858e-05 0.000261405 0.0995658)
(-3.79035e-05 0.000204893 0.0901126)
(-3.73586e-05 0.000155799 0.0803057)
(-3.61607e-05 0.000114039 0.0702403)
(-3.43276e-05 7.94215e-05 0.0599733)
(-3.18116e-05 5.1651e-05 0.0495225)
(-2.8397e-05 3.0331e-05 0.0388829)
(-2.35179e-05 1.49672e-05 0.0280452)
(-1.55765e-05 5.22915e-06 0.0170053)
(-4.90572e-06 5.071e-07 0.00576759)
(-3.24575e-06 0.00459816 0.278455)
(8.4975e-07 0.00456439 0.278161)
(4.89525e-06 0.00452978 0.277786)
(8.89445e-06 0.00449434 0.277334)
(1.28189e-05 0.00445825 0.276807)
(1.66463e-05 0.00442138 0.276211)
(2.03604e-05 0.00438386 0.275548)
(2.39501e-05 0.0043457 0.274822)
(2.74063e-05 0.00430693 0.274035)
(3.07219e-05 0.00426759 0.273189)
(3.38942e-05 0.00422769 0.272288)
(3.69208e-05 0.00418726 0.271335)
(3.98027e-05 0.0041463 0.270332)
(4.25433e-05 0.00410482 0.269281)
(4.51465e-05 0.00406284 0.268184)
(4.76173e-05 0.00402034 0.267045)
(4.99649e-05 0.00397734 0.265862)
(5.22063e-05 0.0039339 0.264638)
(5.43723e-05 0.00389005 0.263372)
(5.64853e-05 0.00384569 0.262059)
(5.85351e-05 0.00380078 0.260695)
(6.05236e-05 0.00375532 0.259278)
(6.24766e-05 0.00370929 0.257806)
(6.44082e-05 0.00366273 0.256283)
(6.63157e-05 0.00361569 0.254712)
(6.81929e-05 0.00356816 0.253097)
(7.00362e-05 0.00352009 0.251443)
(7.1847e-05 0.00347144 0.249749)
(7.36308e-05 0.00342214 0.24802)
(7.53962e-05 0.00337218 0.246252)
(7.71532e-05 0.0033215 0.244448)
(7.89105e-05 0.00327008 0.242604)
(8.06788e-05 0.00321786 0.240716)
(8.24702e-05 0.00316477 0.238784)
(8.42959e-05 0.00311073 0.2368)
(8.61652e-05 0.0030556 0.234762)
(8.80823e-05 0.00299928 0.232665)
(9.00507e-05 0.00294165 0.230508)
(9.20759e-05 0.00288257 0.228289)
(9.41623e-05 0.0028219 0.226008)
(9.63132e-05 0.00275951 0.223661)
(9.85313e-05 0.00269526 0.221249)
(0.000100819 0.00262905 0.21877)
(0.000103176 0.00256075 0.216225)
(0.000105603 0.00249025 0.213611)
(0.000108097 0.00241743 0.210927)
(0.000110656 0.00234222 0.208173)
(0.000113273 0.00226451 0.205346)
(0.000115943 0.00218422 0.202445)
(0.000118655 0.0021013 0.199468)
(0.000121397 0.00201569 0.196412)
(0.000124151 0.00192737 0.193272)
(0.000126898 0.00183635 0.190048)
(0.00012961 0.00174269 0.186732)
(0.000132256 0.0016465 0.183319)
(0.000134794 0.00154803 0.1798)
(0.000137172 0.00144765 0.176164)
(0.000139339 0.00134593 0.172387)
(0.000141246 0.00124324 0.168436)
(0.00014283 0.00114011 0.16427)
(0.000144007 0.00103732 0.159849)
(0.00014468 0.000935587 0.155127)
(0.000144743 0.000835717 0.150049)
(0.00014407 0.000738586 0.144547)
(0.000142516 0.000645099 0.138555)
(0.000139913 0.000556122 0.132003)
(0.000136083 0.000472449 0.124835)
(0.000130845 0.000394787 0.117025)
(0.000124038 0.000323741 0.108587)
(0.000115551 0.000259807 0.0995848)
(0.000105378 0.00020327 0.0901182)
(9.36619e-05 0.0001542 0.0803002)
(8.07092e-05 0.000112501 0.0702272)
(6.69845e-05 7.7978e-05 0.0599561)
(5.31023e-05 5.03285e-05 0.0495045)
(3.99037e-05 2.91545e-05 0.0388666)
(2.87267e-05 1.40485e-05 0.0280327)
(1.92383e-05 4.68395e-06 0.0169981)
(7.93236e-06 2.5083e-07 0.00576555)
(-8.5498e-05 0.00463947 0.278474)
(-8.29817e-05 0.0046053 0.278195)
(-8.0455e-05 0.00457019 0.277833)
(-7.79008e-05 0.0045342 0.277392)
(-7.53707e-05 0.00449753 0.276877)
(-7.29006e-05 0.00446007 0.27629)
(-7.05126e-05 0.00442192 0.275637)
(-6.822e-05 0.00438313 0.274921)
(-6.60325e-05 0.00434372 0.274142)
(-6.39552e-05 0.00430372 0.273305)
(-6.19921e-05 0.00426315 0.272412)
(-6.01444e-05 0.00422205 0.271466)
(-5.84126e-05 0.00418041 0.27047)
(-5.6796e-05 0.00413825 0.269427)
(-5.52928e-05 0.00409561 0.268337)
(-5.39024e-05 0.00405246 0.267203)
(-5.262e-05 0.00400881 0.266026)
(-5.14339e-05 0.00396478 0.264809)
(-5.032e-05 0.00392035 0.263547)
(-4.92602e-05 0.00387538 0.262236)
(-4.82569e-05 0.00382986 0.260873)
(-4.73114e-05 0.0037838 0.259458)
(-4.64171e-05 0.00373715 0.25799)
(-4.5568e-05 0.00368993 0.25647)
(-4.47635e-05 0.00364222 0.254902)
(-4.40054e-05 0.00359401 0.25329)
(-4.32967e-05 0.00354529 0.251638)
(-4.26394e-05 0.00349601 0.249948)
(-4.20335e-05 0.00344611 0.248221)
(-4.1478e-05 0.00339555 0.246456)
(-4.0971e-05 0.00334432 0.244654)
(-4.05096e-05 0.00329234 0.24281)
(-4.00917e-05 0.00323957 0.240924)
(-3.97154e-05 0.00318594 0.238991)
(-3.93792e-05 0.00313135 0.237008)
(-3.90809e-05 0.00307568 0.234969)
(-3.88186e-05 0.0030188 0.232872)
(-3.85911e-05 0.00296063 0.230715)
(-3.83981e-05 0.00290099 0.228496)
(-3.82398e-05 0.00283977 0.226212)
(-3.81166e-05 0.00277683 0.223865)
(-3.80292e-05 0.00271204 0.221452)
(-3.79783e-05 0.00264527 0.218971)
(-3.79646e-05 0.00257643 0.216423)
(-3.79885e-05 0.00250538 0.213807)
(-3.80502e-05 0.00243203 0.211121)
(-3.81494e-05 0.00235628 0.208364)
(-3.82851e-05 0.00227804 0.205534)
(-3.84551e-05 0.00219723 0.20263)
(-3.86564e-05 0.00211378 0.199649)
(-3.88842e-05 0.00202766 0.196588)
(-3.91317e-05 0.00193883 0.193446)
(-3.93898e-05 0.00184732 0.190217)
(-3.96462e-05 0.00175317 0.186897)
(-3.98855e-05 0.00165651 0.18348)
(-4.00906e-05 0.00155755 0.179957)
(-4.02447e-05 0.00145669 0.176317)
(-4.03253e-05 0.00135447 0.172536)
(-4.02977e-05 0.00125129 0.168582)
(-4.01202e-05 0.00114766 0.164413)
(-3.97413e-05 0.00104436 0.15999)
(-3.9107e-05 0.00094212 0.155265)
(-3.81654e-05 0.000841744 0.150183)
(-3.68638e-05 0.000744105 0.14468)
(-3.51523e-05 0.000650108 0.138686)
(-3.29909e-05 0.000560621 0.13213)
(-3.03619e-05 0.00047645 0.124959)
(-2.72834e-05 0.000398295 0.117145)
(-2.38201e-05 0.000326776 0.108702)
(-2.00867e-05 0.000262387 0.0996925)
(-1.62388e-05 0.000205426 0.0902174)
(-1.24541e-05 0.000155975 0.0803897)
(-8.91175e-06 0.00011394 0.0703058)
(-5.7801e-06 7.91235e-05 0.0600231)
(-3.2173e-06 5.1218e-05 0.0495594)
(-1.39775e-06 2.98135e-05 0.0389093)
(-5.8625e-07 1.4513e-05 0.0280634)
(-6.052e-07 4.9341e-06 0.0170167)
(-4.94875e-07 3.2583e-07 0.00577177)
(-5.27335e-06 0.00472332 0.278471)
(-4.07485e-06 0.0046875 0.278202)
(-2.90085e-06 0.00465077 0.277849)
(-1.71985e-06 0.00461319 0.277417)
(-5.588e-07 0.00457493 0.27691)
(5.617e-07 0.0045359 0.276332)
(1.6302e-06 0.00449619 0.275687)
(2.6411e-06 0.00445584 0.274977)
(3.59155e-06 0.00441488 0.274205)
(4.4808e-06 0.00437335 0.273375)
(5.3094e-06 0.00433126 0.272489)
(6.07935e-06 0.00428865 0.271549)
(6.79335e-06 0.00424554 0.270558)
(7.45465e-06 0.00420192 0.26952)
(8.06665e-06 0.00415781 0.268435)
(8.63265e-06 0.00411323 0.267307)
(9.15655e-06 0.00406815 0.266134)
(9.6453e-06 0.00402273 0.264921)
(1.01097e-05 0.00397692 0.263663)
(1.05566e-05 0.00393056 0.262354)
(1.09889e-05 0.00388369 0.260993)
(1.14132e-05 0.00383627 0.259582)
(1.18354e-05 0.00378827 0.258117)
(1.22531e-05 0.00373969 0.256599)
(1.26605e-05 0.00369057 0.255035)
(1.30559e-05 0.00364098 0.253426)
(1.34414e-05 0.00359089 0.251777)
(1.38201e-05 0.00354026 0.25009)
(1.41953e-05 0.00348905 0.248365)
(1.45702e-05 0.0034372 0.246604)
(1.49473e-05 0.00338469 0.244803)
(1.53296e-05 0.00333145 0.242962)
(1.57199e-05 0.00327744 0.241077)
(1.61207e-05 0.00322257 0.239146)
(1.65344e-05 0.00316675 0.237165)
(1.69629e-05 0.00310987 0.235127)
(1.74075e-05 0.00305179 0.233032)
(1.78688e-05 0.00299241 0.230875)
(1.83481e-05 0.00293157 0.228656)
(1.88457e-05 0.00286916 0.226375)
(1.93621e-05 0.00280503 0.224027)
(1.98974e-05 0.00273907 0.221614)
(2.04519e-05 0.00267114 0.219135)
(2.10256e-05 0.00260113 0.216587)
(2.16184e-05 0.00252892 0.213972)
(2.22301e-05 0.00245443 0.211285)
(2.28605e-05 0.00237754 0.208529)
(2.35092e-05 0.00229816 0.205698)
(2.41759e-05 0.00221623 0.202793)
(2.48598e-05 0.00213167 0.199811)
(2.55603e-05 0.00204444 0.19675)
(2.62762e-05 0.00195452 0.193605)
(2.70062e-05 0.00186192 0.190374)
(2.77485e-05 0.0017667 0.187051)
(2.85002e-05 0.00166897 0.183631)
(2.92582e-05 0.00156897 0.180104)
(3.00186e-05 0.00146707 0.176458)
(3.07795e-05 0.00136384 0.172674)
(3.15364e-05 0.00125968 0.168714)
(3.22755e-05 0.00115509 0.164539)
(3.2977e-05 0.00105088 0.16011)
(3.36165e-05 0.000947763 0.155378)
(3.41589e-05 0.000846553 0.150288)
(3.45586e-05 0.000748131 0.144776)
(3.47584e-05 0.000653406 0.138771)
(3.46902e-05 0.000563251 0.132206)
(3.42777e-05 0.000478486 0.125024)
(3.3443e-05 0.000399818 0.117197)
(3.21207e-05 0.000327859 0.108742)
(3.02747e-05 0.0002631 0.0997215)
(2.79127e-05 0.000205846 0.0902356)
(2.50885e-05 0.000156172 0.0803989)
(2.18881e-05 0.000113981 0.070308)
(1.84053e-05 7.9069e-05 0.0600207)
(1.47139e-05 5.11235e-05 0.0495545)
(1.08383e-05 2.97305e-05 0.0389036)
(6.70528e-06 1.44519e-05 0.028058)
(2.95741e-06 4.90475e-06 0.0170125)
(5.96271e-07 3.3924e-07 0.00576998)
(1.63388e-05 0.00470365 0.278456)
(1.6272e-05 0.00466782 0.27819)
(1.61738e-05 0.00463107 0.277839)
(1.60516e-05 0.0045935 0.277409)
(1.59058e-05 0.00455526 0.276905)
(1.57379e-05 0.00451627 0.27633)
(1.55495e-05 0.00447661 0.275686)
(1.53426e-05 0.00443633 0.274977)
(1.51197e-05 0.00439545 0.274208)
(1.48827e-05 0.00435402 0.273379)
(1.46341e-05 0.00431204 0.272494)
(1.43758e-05 0.00426954 0.271556)
(1.41101e-05 0.00422654 0.270566)
(1.38389e-05 0.00418305 0.269529)
(1.35641e-05 0.00413909 0.268446)
(1.32871e-05 0.00409466 0.267316)
(1.30097e-05 0.00404975 0.266146)
(1.27332e-05 0.0040045 0.264933)
(1.2458e-05 0.00395888 0.263675)
(1.21833e-05 0.00391271 0.262367)
(1.19095e-05 0.00386602 0.261006)
(1.16381e-05 0.00381881 0.259594)
(1.13702e-05 0.00377102 0.25813)
(1.1106e-05 0.00372264 0.256613)
(1.0846e-05 0.00367374 0.255047)
(1.05915e-05 0.00362437 0.253439)
(1.03439e-05 0.00357451 0.251788)
(1.01044e-05 0.00352413 0.250101)
(9.87348e-06 0.00347316 0.248376)
(9.65152e-06 0.00342157 0.246614)
(9.43845e-06 0.00336932 0.244812)
(9.2341e-06 0.00331636 0.242971)
(9.0383e-06 0.00326264 0.241086)
(8.85097e-06 0.00320807 0.239153)
(8.67196e-06 0.00315255 0.237171)
(8.5009e-06 0.00309598 0.235133)
(8.33749e-06 0.00303823 0.233036)
(8.18149e-06 0.00297918 0.230879)
(8.033e-06 0.00291869 0.228659)
(7.8921e-06 0.00285662 0.226376)
(7.75894e-06 0.00279285 0.224027)
(7.63358e-06 0.00272725 0.221614)
(7.51609e-06 0.00265969 0.219132)
(7.40649e-06 0.00259004 0.216584)
(7.30475e-06 0.00251822 0.213967)
(7.21078e-06 0.00244411 0.21128)
(7.12442e-06 0.00236761 0.208521)
(7.04543e-06 0.00228864 0.205689)
(6.97349e-06 0.0022071 0.202784)
(6.90812e-06 0.00212295 0.199801)
(6.84874e-06 0.00203612 0.196739)
(6.7946e-06 0.00194662 0.193594)
(6.74471e-06 0.00185443 0.190363)
(6.69786e-06 0.00175964 0.187041)
(6.65255e-06 0.00166234 0.18362)
(6.60693e-06 0.00156276 0.180094)
(6.55886e-06 0.0014613 0.176451)
(6.50586e-06 0.00135851 0.172668)
(6.4451e-06 0.00125477 0.16871)
(6.37312e-06 0.00115063 0.164537)
(6.28583e-06 0.00104684 0.160109)
(6.1788e-06 0.000944148 0.155379)
(6.04734e-06 0.00084336 0.150293)
(5.88632e-06 0.000745349 0.144784)
(5.69011e-06 0.000651022 0.138784)
(5.4529e-06 0.000561254 0.132222)
(5.16945e-06 0.000476852 0.125044)
(4.83582e-06 0.000398518 0.117222)
(4.45029e-06 0.000326861 0.10877)
(4.01456e-06 0.000262369 0.0997521)
(3.53496e-06 0.000205343 0.0902679)
(3.02289e-06 0.000155855 0.0804312)
(2.49438e-06 0.000113811 0.0703389)
(1.96909e-06 7.9005e-05 0.0600487)
(1.47041e-06 5.11295e-05 0.0495785)
(1.02915e-06 2.97715e-05 0.0389227)
(6.9515e-07 1.44908e-05 0.0280717)
(4.60552e-07 4.9339e-06 0.0170206)
(1.98001e-07 3.4968e-07 0.00577261)
(3.64092e-05 0.00471877 0.27851)
(3.50723e-05 0.0046831 0.278239)
(3.37017e-05 0.0046465 0.277886)
(3.22816e-05 0.00460903 0.277453)
(3.0839e-05 0.0045709 0.276946)
(2.93962e-05 0.00453197 0.276367)
(2.79672e-05 0.00449238 0.275721)
(2.65612e-05 0.00445215 0.27501)
(2.51847e-05 0.0044113 0.274238)
(2.38428e-05 0.00436989 0.273407)
(2.25391e-05 0.00432791 0.27252)
(2.12759e-05 0.00428541 0.27158)
(2.00546e-05 0.00424239 0.270589)
(1.88755e-05 0.00419886 0.269551)
(1.77386e-05 0.00415486 0.268465)
(1.66433e-05 0.00411036 0.267336)
(1.55887e-05 0.00406538 0.266163)
(1.45706e-05 0.00402004 0.26495)
(1.35788e-05 0.00397432 0.263691)
(1.26048e-05 0.00392806 0.262383)
(1.16469e-05 0.00388126 0.261022)
(1.07018e-05 0.00383392 0.25961)
(9.7652e-06 0.00378599 0.258144)
(8.83955e-06 0.00373748 0.256627)
(7.93125e-06 0.00368844 0.255062)
(7.0443e-06 0.00363891 0.253453)
(6.17975e-06 0.00358888 0.251804)
(5.3368e-06 0.00353831 0.250116)
(4.5136e-06 0.00348715 0.248392)
(3.70775e-06 0.00343536 0.246631)
(2.91635e-06 0.00338289 0.24483)
(2.1362e-06 0.00332971 0.242988)
(1.3642e-06 0.00327575 0.241104)
(5.9755e-07 0.00322093 0.239172)
(-1.6645e-07 0.00316516 0.23719)
(-9.3055e-07 0.00310832 0.235153)
(-1.6967e-06 0.00305029 0.233057)
(-2.4663e-06 0.00299096 0.230901)
(-3.24015e-06 0.00293017 0.228682)
(-4.01865e-06 0.0028678 0.226399)
(-4.80195e-06 0.00280372 0.224052)
(-5.59015e-06 0.00273779 0.221639)
(-6.38325e-06 0.00266991 0.219159)
(-7.1813e-06 0.00259994 0.216612)
(-7.98425e-06 0.00252778 0.213995)
(-8.7921e-06 0.00245332 0.211309)
(-9.605e-06 0.00237647 0.208551)
(-1.04229e-05 0.00229714 0.205722)
(-1.1246e-05 0.00221525 0.202816)
(-1.20747e-05 0.00213073 0.199834)
(-1.29091e-05 0.00204354 0.196772)
(-1.37497e-05 0.00195365 0.193628)
(-1.45966e-05 0.0018611 0.190396)
(-1.54505e-05 0.00176592 0.187074)
(-1.63111e-05 0.00166824 0.183652)
(-1.71784e-05 0.00156827 0.180126)
(-1.80524e-05 0.00146641 0.17648)
(-1.89353e-05 0.00136323 0.172694)
(-1.98277e-05 0.00125911 0.168735)
(-2.07217e-05 0.00115457 0.16456)
(-2.1605e-05 0.00105039 0.160129)
(-2.2461e-05 0.000947315 0.155396)
(-2.32632e-05 0.000846143 0.150306)
(-2.39751e-05 0.000747763 0.144793)
(-2.45497e-05 0.000653078 0.138788)
(-2.49295e-05 0.000562961 0.132222)
(-2.50471e-05 0.000478239 0.125039)
(-2.48317e-05 0.000399601 0.117211)
(-2.42198e-05 0.000327676 0.108755)
(-2.31708e-05 0.000262953 0.099733)
(-2.16789e-05 0.00020573 0.0902457)
(-1.97751e-05 0.000156083 0.0804074)
(-1.75159e-05 0.000113915 0.070315)
(-1.49608e-05 7.90225e-05 0.0600263)
(-1.21459e-05 5.1093e-05 0.0495587)
(-9.04989e-06 2.9711e-05 0.0389067)
(-5.52865e-06 1.44398e-05 0.0280601)
(-2.2198e-06 4.89905e-06 0.0170137)
(-2.93008e-07 3.3669e-07 0.00577037)
(0.000113109 0.00463118 0.278547)
(0.000110451 0.00459726 0.278265)
(0.000107738 0.0045624 0.277901)
(0.000104968 0.00452668 0.277459)
(0.000102188 0.00449026 0.276942)
(9.94371e-05 0.00445304 0.276355)
(9.67364e-05 0.00441513 0.275701)
(9.4103e-05 0.00437657 0.274983)
(9.15493e-05 0.00433738 0.274203)
(8.90842e-05 0.0042976 0.273365)
(8.67144e-05 0.00425724 0.272471)
(8.44457e-05 0.00421634 0.271525)
(8.22813e-05 0.00417491 0.270529)
(8.02235e-05 0.00413295 0.269485)
(7.82734e-05 0.00409048 0.268394)
(7.64322e-05 0.0040475 0.26726)
(7.46976e-05 0.00400403 0.266083)
(7.30607e-05 0.00396016 0.264865)
(7.14972e-05 0.00391588 0.263603)
(6.99877e-05 0.00387105 0.262291)
(6.85368e-05 0.00382568 0.260928)
(6.7147e-05 0.00377975 0.259513)
(6.58133e-05 0.00373323 0.258045)
(6.45289e-05 0.00368615 0.256524)
(6.32934e-05 0.00363856 0.254956)
(6.21111e-05 0.00359048 0.253344)
(6.09885e-05 0.00354187 0.251692)
(5.99283e-05 0.0034927 0.250001)
(5.89323e-05 0.00344292 0.248274)
(5.80001e-05 0.00339248 0.246509)
(5.71298e-05 0.00334134 0.244706)
(5.63177e-05 0.00328946 0.242862)
(5.55613e-05 0.00323679 0.240976)
(5.48597e-05 0.00318324 0.239044)
(5.42095e-05 0.00312874 0.23706)
(5.36083e-05 0.00307315 0.235021)
(5.30533e-05 0.00301637 0.232924)
(5.25431e-05 0.00295827 0.230766)
(5.20776e-05 0.00289871 0.228547)
(5.1657e-05 0.00283756 0.226263)
(5.12818e-05 0.0027747 0.223915)
(5.0953e-05 0.00270998 0.221501)
(5.06711e-05 0.0026433 0.21902)
(5.0437e-05 0.00257452 0.216472)
(5.02509e-05 0.00250355 0.213856)
(5.01131e-05 0.00243027 0.21117)
(5.00228e-05 0.00235459 0.208412)
(4.99786e-05 0.00227642 0.205582)
(4.9978e-05 0.00219568 0.202677)
(5.00171e-05 0.00211231 0.199695)
(5.00901e-05 0.00202625 0.196635)
(5.01894e-05 0.0019375 0.193492)
(5.03043e-05 0.00184606 0.190263)
(5.04206e-05 0.00175199 0.186943)
(5.05209e-05 0.0016554 0.183525)
(5.05853e-05 0.00155652 0.180002)
(5.05945e-05 0.00145573 0.17636)
(5.05221e-05 0.00135359 0.17258)
(5.03301e-05 0.00125048 0.168624)
(4.99711e-05 0.00114692 0.164454)
(4.9388e-05 0.00104369 0.160029)
(4.85206e-05 0.000941523 0.155304)
(4.73101e-05 0.000841208 0.150221)
(4.56969e-05 0.000743638 0.144716)
(4.36228e-05 0.000649701 0.13872)
(4.10398e-05 0.000560275 0.132164)
(3.79239e-05 0.000476159 0.12499)
(3.42891e-05 0.000398061 0.117174)
(3.02004e-05 0.000326589 0.108728)
(2.57787e-05 0.000262241 0.0997162)
(2.11935e-05 0.000205317 0.0902379)
(1.6642e-05 0.000155895 0.080407)
(1.23282e-05 0.000113885 0.0703199)
(8.4462e-06 7.90875e-05 0.0600343)
(5.18055e-06 5.1194e-05 0.0495679)
(2.7345e-06 2.97995e-05 0.0389154)
(1.41365e-06 1.45051e-05 0.0280674)
(1.07135e-06 4.9317e-06 0.0170189)
(6.73295e-07 3.2483e-07 0.00577249)
(2.3626e-05 0.00458755 0.27855)
(1.94639e-05 0.00455414 0.278255)
(1.53222e-05 0.00451986 0.277877)
(1.1202e-05 0.00448476 0.277423)
(7.1309e-06 0.00444902 0.276895)
(3.132e-06 0.00441248 0.276298)
(-7.78e-07 0.00437528 0.275633)
(-4.583e-06 0.00433743 0.274906)
(-8.2735e-06 0.00429897 0.274118)
(-1.18395e-05 0.00425993 0.273271)
(-1.5275e-05 0.00422033 0.272369)
(-1.85752e-05 0.00418017 0.271416)
(-2.17398e-05 0.00413948 0.270412)
(-2.47692e-05 0.00409825 0.269361)
(-2.76664e-05 0.00405652 0.268264)
(-3.04345e-05 0.00401425 0.267124)
(-3.30811e-05 0.00397148 0.26594)
(-3.56231e-05 0.00392824 0.264717)
(-3.809e-05 0.00388461 0.263451)
(-4.05048e-05 0.00384044 0.262136)
(-4.28574e-05 0.00379572 0.260772)
(-4.51485e-05 0.00375044 0.259355)
(-4.74038e-05 0.00370457 0.257884)
(-4.96368e-05 0.00365818 0.25636)
(-5.18439e-05 0.0036113 0.254788)
(-5.40166e-05 0.00356391 0.253174)
(-5.61504e-05 0.00351599 0.251518)
(-5.82459e-05 0.00346747 0.249826)
(-6.03087e-05 0.00341831 0.248095)
(-6.23475e-05 0.00336846 0.24633)
(-6.43705e-05 0.00331791 0.244524)
(-6.63889e-05 0.00326659 0.24268)
(-6.84131e-05 0.00321449 0.240792)
(-7.04545e-05 0.00316151 0.23886)
(-7.25256e-05 0.00310755 0.236876)
(-7.46355e-05 0.00305251 0.234837)
(-7.67891e-05 0.0029963 0.23274)
(-7.89899e-05 0.00293875 0.230582)
(-8.12423e-05 0.00287975 0.228363)
(-8.35517e-05 0.00281917 0.226081)
(-8.59211e-05 0.00275687 0.223734)
(-8.83536e-05 0.00269271 0.221322)
(-9.08498e-05 0.00262658 0.218843)
(-9.34114e-05 0.00255836 0.216297)
(-9.60379e-05 0.00248794 0.213683)
(-9.87271e-05 0.00241521 0.210999)
(-0.000101476 0.00234008 0.208244)
(-0.00010428 0.00226245 0.205417)
(-0.000107132 0.00218225 0.202515)
(-0.000110023 0.00209941 0.199537)
(-0.000112939 0.00201388 0.19648)
(-0.000115867 0.00192565 0.193341)
(-0.000118785 0.00183472 0.190115)
(-0.000121668 0.00174115 0.186799)
(-0.000124486 0.00164506 0.183384)
(-0.000127198 0.00154667 0.179866)
(-0.000129755 0.00144638 0.176228)
(-0.000132108 0.00134475 0.172451)
(-0.00013421 0.00124214 0.168498)
(-0.000136001 0.0011391 0.16433)
(-0.000137402 0.0010364 0.159908)
(-0.000138318 0.000934749 0.155184)
(-0.000138646 0.000834966 0.150103)
(-0.000138266 0.000737919 0.144601)
(-0.000137035 0.000644513 0.138607)
(-0.000134789 0.000555613 0.132051)
(-0.000131351 0.00047202 0.124881)
(-0.000126542 0.000394431 0.117067)
(-0.000120193 0.000323458 0.108626)
(-0.000112188 0.000259584 0.0996192)
(-0.000102508 0.000203103 0.0901479)
(-9.12817e-05 0.000154077 0.0803252)
(-7.88023e-05 0.000112415 0.0702476)
(-6.55202e-05 7.7919e-05 0.0599722)
(-5.20411e-05 5.02905e-05 0.0495166)
(-3.92013e-05 2.91305e-05 0.0388753)
(-2.83399e-05 1.40326e-05 0.0280384)
(-1.909e-05 4.67675e-06 0.0170013)
(-7.90814e-06 2.47745e-07 0.00576652)
(0.000154561 0.00445373 0.278394)
(0.000148433 0.00442634 0.278087)
(0.000142442 0.00439787 0.277699)
(0.000136411 0.00436836 0.277235)
(0.000130424 0.004338 0.2767)
(0.000124558 0.00430667 0.276096)
(0.00011886 0.0042745 0.275425)
(0.00011336 0.00424151 0.274693)
(0.000108081 0.00420773 0.2739)
(0.000103038 0.0041732 0.27305)
(9.82403e-05 0.00413793 0.272145)
(9.3695e-05 0.00410195 0.271188)
(8.94037e-05 0.00406527 0.270181)
(8.53672e-05 0.0040279 0.269128)
(8.15847e-05 0.00398985 0.268029)
(7.80545e-05 0.00395113 0.266887)
(7.47737e-05 0.00391175 0.265702)
(7.17248e-05 0.00387173 0.264477)
(6.88557e-05 0.00383118 0.263211)
(6.60848e-05 0.00379001 0.261898)
(6.33669e-05 0.00374814 0.260536)
(6.07167e-05 0.00370559 0.25912)
(5.81684e-05 0.0036624 0.257648)
(5.57551e-05 0.00361861 0.256124)
(5.34844e-05 0.00357424 0.254551)
(5.13434e-05 0.00352925 0.252935)
(4.93178e-05 0.00348357 0.251279)
(4.7396e-05 0.00343719 0.249584)
(4.55683e-05 0.00339003 0.247852)
(4.3826e-05 0.00334207 0.246083)
(4.21628e-05 0.0032933 0.244277)
(4.05701e-05 0.00324369 0.242431)
(3.90358e-05 0.0031932 0.240543)
(3.75478e-05 0.00314173 0.238611)
(3.61002e-05 0.00308922 0.236627)
(3.46952e-05 0.00303554 0.234588)
(3.33388e-05 0.00298061 0.23249)
(3.20308e-05 0.00292428 0.230333)
(3.07695e-05 0.00286642 0.228115)
(2.95543e-05 0.00280691 0.225833)
(2.83871e-05 0.00274562 0.223488)
(2.72695e-05 0.0026824 0.221076)
(2.62065e-05 0.00261715 0.218598)
(2.52028e-05 0.00254975 0.216053)
(2.42647e-05 0.00248008 0.21344)
(2.34008e-05 0.00240806 0.210757)
(2.2621e-05 0.00233357 0.208004)
(2.19356e-05 0.00225655 0.20518)
(2.13582e-05 0.00217691 0.202281)
(2.0902e-05 0.00209459 0.199306)
(2.05823e-05 0.00200955 0.196254)
(2.0416e-05 0.00192177 0.193119)
(2.04214e-05 0.00183126 0.189898)
(2.06169e-05 0.00173809 0.186588)
(2.10203e-05 0.00164238 0.183182)
(2.16439e-05 0.00154435 0.179671)
(2.24806e-05 0.00144443 0.176043)
(2.35034e-05 0.00134312 0.172275)
(2.4695e-05 0.00124083 0.168332)
(2.60632e-05 0.00113812 0.164175)
(2.76073e-05 0.00103573 0.159765)
(2.93e-05 0.000934401 0.155053)
(3.10994e-05 0.000834934 0.149986)
(3.29524e-05 0.000738215 0.144498)
(3.47942e-05 0.000645118 0.138517)
(3.65452e-05 0.000556514 0.131978)
(3.8111e-05 0.000473187 0.124823)
(3.93845e-05 0.000395818 0.117025)
(4.02491e-05 0.000324997 0.108599)
(4.05909e-05 0.000261206 0.0996067)
(4.03256e-05 0.000204742 0.090148)
(3.9424e-05 0.000155692 0.0803354)
(3.79044e-05 0.000113967 0.0702645)
(3.57856e-05 7.93755e-05 0.0599923)
(3.30092e-05 5.1623e-05 0.0495369)
(2.93301e-05 3.03155e-05 0.0388932)
(2.41193e-05 1.49567e-05 0.0280519)
(1.57962e-05 5.2252e-06 0.017009)
(4.88303e-06 5.052e-07 0.00576871)
(-0.000143747 0.00438891 0.277869)
(-0.00014445 0.0043627 0.27756)
(-0.00014569 0.00433517 0.277173)
(-0.000147543 0.00430649 0.276713)
(-0.000149767 0.00427684 0.276181)
(-0.000152202 0.00424609 0.275583)
(-0.000154744 0.0042144 0.27492)
(-0.000157329 0.00418179 0.274195)
(-0.000159907 0.00414835 0.27341)
(-0.000162452 0.0041141 0.272568)
(-0.000164947 0.00407909 0.271672)
(-0.00016738 0.00404336 0.270724)
(-0.000169745 0.00400692 0.269726)
(-0.000172039 0.00396981 0.268681)
(-0.000174259 0.00393203 0.267589)
(-0.000176408 0.00389361 0.266455)
(-0.000178483 0.00385455 0.265277)
(-0.000180506 0.00381486 0.264058)
(-0.000182567 0.00377466 0.262799)
(-0.00018473 0.00373391 0.261495)
(-0.000186929 0.00369252 0.260143)
(-0.000189053 0.00365051 0.258738)
(-0.000191047 0.00360786 0.257278)
(-0.000192974 0.00356457 0.255765)
(-0.000194926 0.0035207 0.254202)
(-0.000196943 0.00347622 0.252595)
(-0.000199029 0.0034311 0.250946)
(-0.000201175 0.00338531 0.249258)
(-0.000203381 0.0033388 0.247532)
(-0.000205652 0.00329155 0.245769)
(-0.000208006 0.00324354 0.243968)
(-0.000210456 0.00319473 0.242125)
(-0.000213005 0.00314506 0.240241)
(-0.000215642 0.00309449 0.23831)
(-0.000218359 0.00304292 0.236328)
(-0.000221166 0.00299022 0.234291)
(-0.000224084 0.00293628 0.232196)
(-0.000227132 0.00288099 0.23004)
(-0.000230311 0.00282419 0.227823)
(-0.000233622 0.00276577 0.225542)
(-0.000237064 0.00270557 0.223196)
(-0.000240638 0.00264349 0.220784)
(-0.000244344 0.00257939 0.218307)
(-0.000248181 0.00251315 0.215762)
(-0.000252143 0.00244468 0.213149)
(-0.000256226 0.00237386 0.210466)
(-0.000260421 0.0023006 0.207712)
(-0.000264716 0.00222481 0.204885)
(-0.000269096 0.00214641 0.201985)
(-0.000273539 0.00206534 0.199009)
(-0.000278019 0.00198155 0.195952)
(-0.000282504 0.00189503 0.192815)
(-0.000286952 0.00180579 0.18959)
(-0.000291311 0.00171389 0.186275)
(-0.000295518 0.00161945 0.182864)
(-0.000299495 0.0015227 0.179345)
(-0.000303157 0.00142406 0.175709)
(-0.000306424 0.00132404 0.171933)
(-0.000309188 0.00122303 0.167981)
(-0.000311267 0.00112157 0.163814)
(-0.00031244 0.00102042 0.159393)
(-0.000312447 0.000920304 0.154671)
(-0.000310956 0.000822023 0.149593)
(-0.000307576 0.000726456 0.144095)
(-0.000301865 0.000634479 0.138108)
(-0.000293374 0.000546963 0.131563)
(-0.000281686 0.000464689 0.124407)
(-0.000266499 0.000388332 0.116614)
(-0.000247751 0.000318501 0.1082)
(-0.00022574 0.000255651 0.0992293)
(-0.000201178 0.000200066 0.0897993)
(-0.000175076 0.000151816 0.0800232)
(-0.000148488 0.000110815 0.0699941)
(-0.000122197 7.6883e-05 0.0597667)
(-9.6444e-05 4.97275e-05 0.0493568)
(-7.06244e-05 2.8945e-05 0.0387578)
(-4.26817e-05 1.41462e-05 0.0279598)
(-1.63651e-05 4.8066e-06 0.0169577)
(-1.20799e-06 3.7244e-07 0.00575331)
(0.000215795 0.0045109 0.276697)
(0.000201023 0.00448389 0.276422)
(0.000186471 0.00445581 0.276071)
(0.000173309 0.00442691 0.275648)
(0.000161131 0.00439705 0.275155)
(0.000149515 0.00436609 0.274596)
(0.000138266 0.00433416 0.273973)
(0.00012731 0.00430131 0.273288)
(0.000116633 0.00426757 0.272542)
(0.000106257 0.00423298 0.271738)
(9.62105e-05 0.00419758 0.27088)
(8.65305e-05 0.0041614 0.269968)
(7.7257e-05 0.00412446 0.269004)
(6.8425e-05 0.00408677 0.267992)
(6.0065e-05 0.00404837 0.266932)
(5.21955e-05 0.00400928 0.265826)
(4.48305e-05 0.00396949 0.264676)
(3.7964e-05 0.003929 0.263484)
(3.1499e-05 0.00388796 0.262249)
(2.52305e-05 0.00384633 0.260969)
(1.91645e-05 0.00380395 0.259637)
(1.35745e-05 0.00376084 0.258254)
(8.6445e-06 0.00371704 0.256819)
(4.299e-06 0.0036725 0.255328)
(2.545e-07 0.00362721 0.253788)
(-3.7015e-06 0.00358125 0.252201)
(-7.572e-06 0.00353463 0.25057)
(-1.1276e-05 0.00348733 0.248899)
(-1.47455e-05 0.00343934 0.247189)
(-1.7951e-05 0.00339059 0.24544)
(-2.09045e-05 0.00334109 0.243649)
(-2.3638e-05 0.00329077 0.241817)
(-2.61895e-05 0.00323959 0.23994)
(-2.8583e-05 0.00318749 0.238015)
(-3.0803e-05 0.00313435 0.23604)
(-3.28155e-05 0.00308007 0.23401)
(-3.46145e-05 0.0030245 0.231923)
(-3.6238e-05 0.0029675 0.229774)
(-3.77375e-05 0.00290895 0.227563)
(-3.91305e-05 0.00284872 0.225286)
(-4.04125e-05 0.00278667 0.222945)
(-4.1581e-05 0.00272268 0.220537)
(-4.26345e-05 0.00265663 0.218063)
(-4.3568e-05 0.0025884 0.21552)
(-4.4379e-05 0.0025179 0.212909)
(-4.50625e-05 0.00244499 0.210228)
(-4.56115e-05 0.00236959 0.207475)
(-4.60189e-05 0.00229163 0.204649)
(-4.62739e-05 0.002211 0.20175)
(-4.63659e-05 0.00212766 0.198773)
(-4.62817e-05 0.00204157 0.195717)
(-4.60061e-05 0.00195269 0.19258)
(-4.55236e-05 0.00186106 0.189356)
(-4.48177e-05 0.00176673 0.186041)
(-4.38703e-05 0.00166981 0.18263)
(-4.26576e-05 0.00157052 0.179113)
(-4.11441e-05 0.00146923 0.175479)
(-3.93162e-05 0.00136654 0.171708)
(-3.71926e-05 0.00126282 0.167764)
(-3.47736e-05 0.00115859 0.163607)
(-3.20636e-05 0.00105464 0.159198)
(-2.9066e-05 0.000951683 0.15449)
(-2.57513e-05 0.000850546 0.149427)
(-2.20791e-05 0.000752108 0.143946)
(-1.80106e-05 0.000657269 0.137977)
(-1.3524e-05 0.000566911 0.13145)
(-8.61885e-06 0.000481853 0.124313)
(-3.3371e-06 0.000402809 0.116538)
(2.18145e-06 0.00033042 0.108141)
(7.6329e-06 0.000265196 0.099183)
(1.25334e-05 0.000207471 0.0897647)
(1.63159e-05 0.000157349 0.0799976)
(1.85204e-05 0.000114758 0.0699752)
(1.9003e-05 7.95125e-05 0.0597529)
(1.81335e-05 5.131e-05 0.0493467)
(1.7091e-05 2.97285e-05 0.0387504)
(1.85455e-05 1.43747e-05 0.0279551)
(1.97816e-05 4.8317e-06 0.0169557)
(1.11592e-05 2.458e-07 0.00575326)
(-0.000550479 0.00407541 0.274365)
(-0.00053638 0.0040624 0.274181)
(-0.000523003 0.00404901 0.273924)
(-0.000508816 0.00403398 0.273597)
(-0.000494405 0.00401789 0.273201)
(-0.000480306 0.00400038 0.27274)
(-0.000466797 0.00398154 0.272215)
(-0.000454011 0.00396138 0.271627)
(-0.000441993 0.00393991 0.270977)
(-0.000430728 0.00391716 0.270268)
(-0.000420182 0.00389314 0.269502)
(-0.000410314 0.00386789 0.268679)
(-0.000401072 0.00384141 0.267802)
(-0.00039242 0.00381375 0.266871)
(-0.000384314 0.00378495 0.265889)
(-0.000376741 0.00375504 0.264857)
(-0.000369656 0.00372405 0.263775)
(-0.000363028 0.00369201 0.262646)
(-0.000356863 0.00365909 0.26147)
(-0.000351245 0.00362528 0.260241)
(-0.000346208 0.00359051 0.258956)
(-0.000341674 0.00355472 0.257614)
(-0.00033758 0.00351788 0.256217)
(-0.000333862 0.00348 0.254767)
(-0.000330476 0.00344104 0.253267)
(-0.000327387 0.00340102 0.25172)
(-0.000324555 0.00335993 0.25013)
(-0.000321935 0.00331777 0.248496)
(-0.000319503 0.00327458 0.246817)
(-0.000317297 0.00323035 0.245096)
(-0.00031538 0.0031852 0.243329)
(-0.000313784 0.00313909 0.241517)
(-0.000312499 0.00309203 0.239656)
(-0.000311512 0.00304393 0.237745)
(-0.000310789 0.00299474 0.235782)
(-0.000310297 0.00294432 0.233761)
(-0.000310021 0.00289255 0.23168)
(-0.000309974 0.00283931 0.229536)
(-0.000310167 0.00278448 0.227328)
(-0.000310597 0.00272794 0.225054)
(-0.00031125 0.00266954 0.222714)
(-0.000312117 0.00260918 0.220308)
(-0.000313187 0.00254674 0.217832)
(-0.000314448 0.00248211 0.215287)
(-0.000315884 0.00241519 0.212672)
(-0.000317478 0.00234588 0.209986)
(-0.00031921 0.00227408 0.207227)
(-0.000321054 0.00219972 0.204395)
(-0.000322981 0.00212271 0.201487)
(-0.000324954 0.002043 0.1985)
(-0.000326931 0.00196055 0.195433)
(-0.000328859 0.00187533 0.192282)
(-0.00033068 0.00178738 0.189043)
(-0.00033232 0.00169673 0.185711)
(-0.000333694 0.0016035 0.18228)
(-0.000334695 0.00150791 0.178742)
(-0.000335189 0.00141034 0.175084)
(-0.000335044 0.00131135 0.171286)
(-0.000334149 0.00121134 0.167311)
(-0.000332372 0.00111082 0.163121)
(-0.000329539 0.00101057 0.158677)
(-0.000325442 0.000911295 0.153934)
(-0.000319823 0.000813807 0.148836)
(-0.000312391 0.000718974 0.143321)
(-0.00030284 0.000627685 0.137321)
(-0.000290882 0.000540823 0.130771)
(-0.000276288 0.000459195 0.12362)
(-0.000258937 0.000383484 0.115844)
(-0.000238903 0.000314285 0.107461)
(-0.00021654 0.000252048 0.0985374)
(-0.00019252 0.000197058 0.0891697)
(-0.000167736 0.000149369 0.0794672)
(-0.000143072 0.000108877 0.0695189)
(-0.000119125 7.5378e-05 0.0593749)
(-9.59772e-05 4.8568e-05 0.0490467)
(-7.29612e-05 2.80595e-05 0.0385257)
(-4.82199e-05 1.34648e-05 0.0278015)
(-2.30823e-05 4.4772e-06 0.0168681)
(-4.2474e-06 1.97745e-07 0.00572593)
)
