-0.0075 	0 	0 	0
-0.0075 	-1.24278e-21 	-3.69649e-22 	1.37728e-18
-0.00745622 	8.02498e-06 	2.38692e-06 	-0.00889344
-0.00745622 	8.02498e-06 	2.38692e-06 	-0.00889344
-0.00741165 	1.43153e-05 	8.50675e-06 	-0.017981
-0.00741165 	1.43153e-05 	8.50675e-06 	-0.017981
-0.00736628 	1.9349e-05 	1.87158e-05 	-0.027247
-0.00736628 	1.9349e-05 	1.87158e-05 	-0.027247
-0.0073201 	2.35463e-05 	3.29035e-05 	-0.0366344
-0.0073201 	2.35463e-05 	3.29035e-05 	-0.0366344
-0.00727309 	2.72598e-05 	5.09068e-05 	-0.0460868
-0.00727309 	2.72598e-05 	5.09068e-05 	-0.0460868
-0.00722524 	3.07786e-05 	7.25351e-05 	-0.0555499
-0.00722524 	3.07786e-05 	7.25351e-05 	-0.0555499
-0.00717653 	3.43338e-05 	9.76252e-05 	-0.0649741
-0.00717653 	3.43338e-05 	9.76252e-05 	-0.0649741
-0.00712695 	3.80984e-05 	0.000125998 	-0.0743167
-0.00712695 	3.80984e-05 	0.000125998 	-0.0743167
-0.00707647 	4.21905e-05 	0.000157471 	-0.083543
-0.00707647 	4.21905e-05 	0.000157471 	-0.083543
-0.0070251 	4.66769e-05 	0.000191861 	-0.0926277
-0.0070251 	4.66769e-05 	0.000191861 	-0.0926277
-0.0069728 	5.15787e-05 	0.000228998 	-0.101554
-0.0069728 	5.15787e-05 	0.000228998 	-0.101554
-0.00691956 	5.68784e-05 	0.000268721 	-0.110315
-0.00691956 	5.68784e-05 	0.000268721 	-0.110315
-0.00686537 	6.2527e-05 	0.000310888 	-0.118906
-0.00686537 	6.2527e-05 	0.000310888 	-0.118906
-0.00681021 	6.84519e-05 	0.000355365 	-0.127328
-0.00681021 	6.84519e-05 	0.000355365 	-0.127328
-0.00675406 	7.45659e-05 	0.000402029 	-0.135581
-0.00675406 	7.45659e-05 	0.000402029 	-0.135581
-0.0066969 	8.07773e-05 	0.000450757 	-0.143664
-0.0066969 	8.07773e-05 	0.000450757 	-0.143664
-0.00663871 	8.70015e-05 	0.000501423 	-0.151576
-0.00663871 	8.70015e-05 	0.000501423 	-0.151576
-0.00657949 	9.31719e-05 	0.000553881 	-0.159309
-0.00657949 	9.31719e-05 	0.000553881 	-0.159309
-0.0065192 	9.92503e-05 	0.000607962 	-0.166855
-0.0065192 	9.92503e-05 	0.000607962 	-0.166855
-0.00645783 	0.000105235 	0.000663462 	-0.174199
-0.00645783 	0.000105235 	0.000663462 	-0.174199
-0.00639535 	0.000111166 	0.000720144 	-0.181324
-0.00639535 	0.000111166 	0.000720144 	-0.181324
-0.00633176 	0.00011712 	0.000777733 	-0.18821
-0.00633176 	0.00011712 	0.000777733 	-0.18821
-0.00626703 	0.000123209 	0.000835925 	-0.194834
-0.00626703 	0.000123209 	0.000835925 	-0.194834
-0.00620114 	0.000129556 	0.000894385 	-0.201175
-0.00620114 	0.000129556 	0.000894385 	-0.201175
-0.00613406 	0.00013628 	0.00095276 	-0.207208
-0.00613406 	0.00013628 	0.00095276 	-0.207208
-0.00606579 	0.000143468 	0.00101069 	-0.212914
-0.00606579 	0.000143468 	0.00101069 	-0.212914
-0.00599629 	0.000151144 	0.00106779 	-0.218272
-0.00599629 	0.000151144 	0.00106779 	-0.218272
-0.00592554 	0.00015925 	0.00112371 	-0.223266
-0.00592554 	0.00015925 	0.00112371 	-0.223266
-0.00585352 	0.000167623 	0.0011781 	-0.227885
-0.00585352 	0.000167623 	0.0011781 	-0.227885
-0.00578022 	0.000175989 	0.00123061 	-0.23212
-0.00578022 	0.000175989 	0.00123061 	-0.23212
-0.00570559 	0.000183963 	0.00128094 	-0.235967
-0.00570559 	0.000183963 	0.00128094 	-0.235967
-0.00562963 	0.000191066 	0.00132879 	-0.239429
-0.00562963 	0.000191066 	0.00132879 	-0.239429
-0.00555231 	0.000196753 	0.00137393 	-0.242512
-0.00555231 	0.000196753 	0.00137393 	-0.242512
-0.0054736 	0.000200448 	0.00141614 	-0.245226
-0.0054736 	0.000200448 	0.00141614 	-0.245226
-0.00539348 	0.000201593 	0.00145523 	-0.247588
-0.00539348 	0.000201593 	0.00145523 	-0.247588
-0.00531193 	0.000199695 	0.00149105 	-0.249616
-0.00531193 	0.000199695 	0.00149105 	-0.249616
-0.00522891 	0.000194374 	0.0015235 	-0.251334
-0.00522891 	0.000194374 	0.0015235 	-0.251334
-0.0051444 	0.000185415 	0.0015525 	-0.252765
-0.0051444 	0.000185415 	0.0015525 	-0.252765
-0.00505838 	0.000172792 	0.00157803 	-0.253936
-0.00505838 	0.000172792 	0.00157803 	-0.253936
-0.00497081 	0.000156664 	0.00160009 	-0.254877
-0.00497081 	0.000156664 	0.00160009 	-0.254877
-0.00488168 	0.000137375 	0.00161876 	-0.255618
-0.00488168 	0.000137375 	0.00161876 	-0.255618
-0.00479094 	0.000115464 	0.00163406 	-0.256185
-0.00479094 	0.000115464 	0.00163406 	-0.256185
-0.00469858 	9.16153e-05 	0.00164605 	-0.256607
-0.00469858 	9.16153e-05 	0.00164605 	-0.256607
-0.00460456 	6.6575e-05 	0.0016548 	-0.256908
-0.00460456 	6.6575e-05 	0.0016548 	-0.256908
-0.00450886 	4.11042e-05 	0.00166037 	-0.257112
-0.00450886 	4.11042e-05 	0.00166037 	-0.257112
-0.00441144 	1.59234e-05 	0.00166283 	-0.257238
-0.00441144 	1.59234e-05 	0.00166283 	-0.257238
-0.00431227 	-8.33848e-06 	0.00166225 	-0.257303
-0.00431227 	-8.33848e-06 	0.00166225 	-0.257303
-0.00421133 	-3.11799e-05 	0.00165869 	-0.257322
-0.00421133 	-3.11799e-05 	0.00165869 	-0.257322
-0.00410857 	-5.22326e-05 	0.00165219 	-0.257305
-0.00410857 	-5.22326e-05 	0.00165219 	-0.257305
-0.00400397 	-7.12458e-05 	0.00164281 	-0.257262
-0.00400397 	-7.12458e-05 	0.00164281 	-0.257262
-0.0038975 	-8.80564e-05 	0.00163056 	-0.257199
-0.0038975 	-8.80564e-05 	0.00163056 	-0.257199
-0.00378912 	-0.000102535 	0.00161546 	-0.257119
-0.00378912 	-0.000102535 	0.00161546 	-0.257119
-0.00367879 	-0.000114604 	0.00159756 	-0.257026
-0.00367879 	-0.000114604 	0.00159756 	-0.257026
-0.00356649 	-0.000124259 	0.00157672 	-0.25692
-0.00356649 	-0.000124259 	0.00157672 	-0.25692
-0.00345217 	-0.000131331 	0.00155288 	-0.256802
-0.00345217 	-0.000131331 	0.00155288 	-0.256802
-0.0033358 	-0.000135318 	0.00152606 	-0.256672
-0.0033358 	-0.000135318 	0.00152606 	-0.256672
-0.00321735 	-0.000135511 	0.00149618 	-0.256532
-0.00321735 	-0.000135511 	0.00149618 	-0.256532
-0.00309677 	-0.000131222 	0.00146327 	-0.256384
-0.00309677 	-0.000131222 	0.00146327 	-0.256384
-0.00297403 	-0.000121966 	0.00142745 	-0.256231
-0.00297403 	-0.000121966 	0.00142745 	-0.256231
-0.00284909 	-0.00010751 	0.00138881 	-0.256075
-0.00284909 	-0.00010751 	0.00138881 	-0.256075
-0.0027219 	-8.78751e-05 	0.00134745 	-0.255918
-0.0027219 	-8.78751e-05 	0.00134745 	-0.255918
-0.00259244 	-6.33395e-05 	0.00130353 	-0.255763
-0.00259244 	-6.33395e-05 	0.00130353 	-0.255763
-0.00246065 	-3.44246e-05 	0.0012572 	-0.255612
-0.00246065 	-3.44246e-05 	0.0012572 	-0.255612
-0.00232651 	-1.87773e-06 	0.00120868 	-0.255466
-0.00232651 	-1.87773e-06 	0.00120868 	-0.255466
-0.00218995 	3.33523e-05 	0.00115818 	-0.255328
-0.00218995 	3.33523e-05 	0.00115818 	-0.255328
-0.00205095 	7.01536e-05 	0.00110597 	-0.255199
-0.00205095 	7.01536e-05 	0.00110597 	-0.255199
-0.00190946 	0.000107309 	0.00105234 	-0.255081
-0.00190946 	0.000107309 	0.00105234 	-0.255081
-0.00176543 	0.000143569 	0.000997512 	-0.254973
-0.00176543 	0.000143569 	0.000997512 	-0.254973
-0.00161881 	0.000177735 	0.00094173 	-0.254877
-0.00161881 	0.000177735 	0.00094173 	-0.254877
-0.00146957 	0.000208771 	0.000885249 	-0.254794
-0.00146957 	0.000208771 	0.000885249 	-0.254794
-0.00131765 	0.000235839 	0.000828189 	-0.254723
-0.00131765 	0.000235839 	0.000828189 	-0.254723
-0.001163 	0.000258267 	0.000770662 	-0.254666
-0.001163 	0.000258267 	0.000770662 	-0.254666
-0.00100559 	0.000275513 	0.000712819 	-0.254623
-0.00100559 	0.000275513 	0.000712819 	-0.254623
-0.000845345 	0.000287102 	0.000654714 	-0.254595
-0.000845345 	0.000287102 	0.000654714 	-0.254595
-0.000682232 	0.000292589 	0.000596375 	-0.254583
-0.000682232 	0.000292589 	0.000596375 	-0.254583
-0.000516194 	0.000291559 	0.00053779 	-0.254587
-0.000516194 	0.000291559 	0.00053779 	-0.254587
-0.000347178 	0.000283609 	0.000478994 	-0.254608
-0.000347178 	0.000283609 	0.000478994 	-0.254608
-0.000175132 	0.000268374 	0.000420048 	-0.254647
-0.000175132 	0.000268374 	0.000420048 	-0.254647
0 	0.000245652 	0.000361159 	-0.254704
0 	0.000245652 	0.000361159 	-0.254704
0.000175132 	0.00021572 	0.00030308 	-0.254779
0.000175132 	0.00021572 	0.00030308 	-0.254779
0.000347178 	0.000179194 	0.000246568 	-0.254871
0.000347178 	0.000179194 	0.000246568 	-0.254871
0.000516194 	0.000136714 	0.000191799 	-0.25498
0.000516194 	0.000136714 	0.000191799 	-0.25498
0.000682232 	8.92843e-05 	0.000138837 	-0.255103
0.000682232 	8.92843e-05 	0.000138837 	-0.255103
0.000845345 	3.84155e-05 	8.78426e-05 	-0.25524
0.000845345 	3.84155e-05 	8.78426e-05 	-0.25524
0.00100559 	-1.42278e-05 	3.88853e-05 	-0.255386
0.00100559 	-1.42278e-05 	3.88853e-05 	-0.255386
0.001163 	-6.70338e-05 	-8.02258e-06 	-0.255541
0.001163 	-6.70338e-05 	-8.02258e-06 	-0.255541
0.00131765 	-0.000118541 	-5.28918e-05 	-0.255701
0.00131765 	-0.000118541 	-5.28918e-05 	-0.255701
0.00146957 	-0.000167504 	-9.57668e-05 	-0.255864
0.00146957 	-0.000167504 	-9.57668e-05 	-0.255864
0.00161881 	-0.000212925 	-0.000136731 	-0.25603
0.00161881 	-0.000212925 	-0.000136731 	-0.25603
0.00176543 	-0.000254058 	-0.000175902 	-0.256196
0.00176543 	-0.000254058 	-0.000175902 	-0.256196
0.00190946 	-0.00029039 	-0.000213425 	-0.256362
0.00190946 	-0.00029039 	-0.000213425 	-0.256362
0.00205095 	-0.000321615 	-0.000249466 	-0.256526
0.00205095 	-0.000321615 	-0.000249466 	-0.256526
0.00218995 	-0.000347593 	-0.000284206 	-0.25669
0.00218995 	-0.000347593 	-0.000284206 	-0.25669
0.00232651 	-0.000368311 	-0.000317831 	-0.256852
0.00232651 	-0.000368311 	-0.000317831 	-0.256852
0.00246065 	-0.000383851 	-0.000350527 	-0.257012
0.00246065 	-0.000383851 	-0.000350527 	-0.257012
0.00259244 	-0.000394361 	-0.000382478 	-0.257171
0.00259244 	-0.000394361 	-0.000382478 	-0.257171
0.0027219 	-0.000400041 	-0.000413855 	-0.257329
0.0027219 	-0.000400041 	-0.000413855 	-0.257329
0.00284909 	-0.000401141 	-0.000444814 	-0.257486
0.00284909 	-0.000401141 	-0.000444814 	-0.257486
0.00297403 	-0.000397973 	-0.000475487 	-0.257642
0.00297403 	-0.000397973 	-0.000475487 	-0.257642
0.00309677 	-0.00039094 	-0.000505987 	-0.257795
0.00309677 	-0.00039094 	-0.000505987 	-0.257795
0.00321735 	-0.000380576 	-0.000536409 	-0.257946
0.00321735 	-0.000380576 	-0.000536409 	-0.257946
0.0033358 	-0.000367581 	-0.000566755 	-0.25809
0.0033358 	-0.000367581 	-0.000566755 	-0.25809
0.00345217 	-0.000352752 	-0.000596938 	-0.258226
0.00345217 	-0.000352752 	-0.000596938 	-0.258226
0.00356649 	-0.000336744 	-0.000626964 	-0.258353
0.00356649 	-0.000336744 	-0.000626964 	-0.258353
0.00367879 	-0.000319878 	-0.000656955 	-0.25847
0.00367879 	-0.000319878 	-0.000656955 	-0.25847
0.00378912 	-0.000302256 	-0.000686976 	-0.258577
0.00378912 	-0.000302256 	-0.000686976 	-0.258577
0.0038975 	-0.000283989 	-0.000716969 	-0.258673
0.0038975 	-0.000283989 	-0.000716969 	-0.258673
0.00400397 	-0.000265276 	-0.000746827 	-0.258752
0.00400397 	-0.000265276 	-0.000746827 	-0.258752
0.00410857 	-0.000246356 	-0.000776393 	-0.25881
0.00410857 	-0.000246356 	-0.000776393 	-0.25881
0.00421133 	-0.000227478 	-0.000805442 	-0.258836
0.00421133 	-0.000227478 	-0.000805442 	-0.258836
0.00431227 	-0.0002089 	-0.000833678 	-0.258819
0.00431227 	-0.0002089 	-0.000833678 	-0.258819
0.00441144 	-0.000190888 	-0.000860729 	-0.258744
0.00441144 	-0.000190888 	-0.000860729 	-0.258744
0.00450886 	-0.000173684 	-0.000886153 	-0.25859
0.00450886 	-0.000173684 	-0.000886153 	-0.25859
0.00460456 	-0.000157477 	-0.000909454 	-0.258332
0.00460456 	-0.000157477 	-0.000909454 	-0.258332
0.00469858 	-0.000142362 	-0.000930107 	-0.257944
0.00469858 	-0.000142362 	-0.000930107 	-0.257944
0.00479094 	-0.000128328 	-0.000947588 	-0.257393
0.00479094 	-0.000128328 	-0.000947588 	-0.257393
0.00488168 	-0.00011524 	-0.000961376 	-0.256646
0.00488168 	-0.00011524 	-0.000961376 	-0.256646
0.00497081 	-0.000102851 	-0.000970986 	-0.255667
0.00497081 	-0.000102851 	-0.000970986 	-0.255667
0.00505838 	-9.08172e-05 	-0.000976008 	-0.254419
0.00505838 	-9.08172e-05 	-0.000976008 	-0.254419
0.0051444 	-7.87344e-05 	-0.0009761 	-0.252863
0.0051444 	-7.87344e-05 	-0.0009761 	-0.252863
0.00522891 	-6.61866e-05 	-0.00097103 	-0.250966
0.00522891 	-6.61866e-05 	-0.00097103 	-0.250966
0.00531193 	-5.27901e-05 	-0.000960709 	-0.248698
0.00531193 	-5.27901e-05 	-0.000960709 	-0.248698
0.00539348 	-3.82319e-05 	-0.000945176 	-0.246032
0.00539348 	-3.82319e-05 	-0.000945176 	-0.246032
0.0054736 	-2.23033e-05 	-0.000924582 	-0.242946
0.0054736 	-2.23033e-05 	-0.000924582 	-0.242946
0.00555231 	-4.92699e-06 	-0.000899181 	-0.239424
0.00555231 	-4.92699e-06 	-0.000899181 	-0.239424
0.00562963 	1.38299e-05 	-0.000869327 	-0.235455
0.00562963 	1.38299e-05 	-0.000869327 	-0.235455
0.00570559 	3.37532e-05 	-0.000835454 	-0.231035
0.00570559 	3.37532e-05 	-0.000835454 	-0.231035
0.00578022 	5.44929e-05 	-0.000798063 	-0.226165
0.00578022 	5.44929e-05 	-0.000798063 	-0.226165
0.00585352 	7.55852e-05 	-0.000757703 	-0.220852
0.00585352 	7.55852e-05 	-0.000757703 	-0.220852
0.00592554 	9.64857e-05 	-0.00071495 	-0.215108
0.00592554 	9.64857e-05 	-0.00071495 	-0.215108
0.00599629 	0.000116607 	-0.000670383 	-0.208948
0.00599629 	0.000116607 	-0.000670383 	-0.208948
0.00606579 	0.000135359 	-0.000624575 	-0.202393
0.00606579 	0.000135359 	-0.000624575 	-0.202393
0.00613406 	0.000152185 	-0.000578074 	-0.195466
0.00613406 	0.000152185 	-0.000578074 	-0.195466
0.00620114 	0.000166598 	-0.000531406 	-0.188193
0.00620114 	0.000166598 	-0.000531406 	-0.188193
0.00626703 	0.000178211 	-0.000485064 	-0.180604
0.00626703 	0.000178211 	-0.000485064 	-0.180604
0.00633176 	0.000186757 	-0.00043951 	-0.172733
0.00633176 	0.000186757 	-0.00043951 	-0.172733
0.00639535 	0.000192101 	-0.000395168 	-0.164615
0.00639535 	0.000192101 	-0.000395168 	-0.164615
0.00645783 	0.000194237 	-0.000352423 	-0.156286
0.00645783 	0.000194237 	-0.000352423 	-0.156286
0.0065192 	0.000193287 	-0.000311614 	-0.147784
0.0065192 	0.000193287 	-0.000311614 	-0.147784
0.00657949 	0.000189477 	-0.000273033 	-0.139151
0.00657949 	0.000189477 	-0.000273033 	-0.139151
0.00663871 	0.000183118 	-0.000236921 	-0.130426
0.00663871 	0.000183118 	-0.000236921 	-0.130426
0.0066969 	0.000174584 	-0.000203462 	-0.121652
0.0066969 	0.000174584 	-0.000203462 	-0.121652
0.00675406 	0.000164282 	-0.000172782 	-0.11287
0.00675406 	0.000164282 	-0.000172782 	-0.11287
0.00681021 	0.000152628 	-0.000144946 	-0.104122
0.00681021 	0.000152628 	-0.000144946 	-0.104122
0.00686537 	0.000140027 	-0.00011997 	-0.0954489
0.00686537 	0.000140027 	-0.00011997 	-0.0954489
0.00691956 	0.00012686 	-9.78237e-05 	-0.0868904
0.00691956 	0.00012686 	-9.78237e-05 	-0.0868904
0.0069728 	0.000113464 	-7.84348e-05 	-0.0784836
0.0069728 	0.000113464 	-7.84348e-05 	-0.0784836
0.0070251 	0.000100123 	-6.16897e-05 	-0.0702593
0.0070251 	0.000100123 	-6.16897e-05 	-0.0702593
0.00707647 	8.70654e-05 	-4.74412e-05 	-0.0622408
0.00707647 	8.70654e-05 	-4.74412e-05 	-0.0622408
0.00712695 	7.44672e-05 	-3.55147e-05 	-0.0544434
0.00712695 	7.44672e-05 	-3.55147e-05 	-0.0544434
0.00717653 	6.24562e-05 	-2.57167e-05 	-0.0468752
0.00717653 	6.24562e-05 	-2.57167e-05 	-0.0468752
0.00722524 	5.11233e-05 	-1.78427e-05 	-0.0395379
0.00722524 	5.11233e-05 	-1.78427e-05 	-0.0395379
0.00727309 	4.05325e-05 	-1.16853e-05 	-0.0324286
0.00727309 	4.05325e-05 	-1.16853e-05 	-0.0324286
0.0073201 	3.07296e-05 	-7.0424e-06 	-0.0255411
0.0073201 	3.07296e-05 	-7.0424e-06 	-0.0255411
0.00736628 	2.17493e-05 	-3.72514e-06 	-0.0188669
0.00736628 	2.17493e-05 	-3.72514e-06 	-0.0188669
0.00741165 	1.36185e-05 	-1.56931e-06 	-0.0123964
0.00741165 	1.36185e-05 	-1.56931e-06 	-0.0123964
0.00745622 	6.36289e-06 	-4.01138e-07 	-0.00611989
0.00745622 	6.36289e-06 	-4.01138e-07 	-0.00611989
0.0075 	0 	0 	0
0.0075 	0 	0 	0
