-0.0075 	0 	0 	0
-0.0075 	3.00446e-21 	-3.40405e-22 	1.4134e-18
-0.00745622 	-1.94005e-05 	2.19808e-06 	-0.00912671
-0.00745622 	-1.94005e-05 	2.19808e-06 	-0.00912671
-0.00741165 	-3.80766e-05 	7.85054e-06 	-0.0184463
-0.00741165 	-3.80766e-05 	7.85054e-06 	-0.0184463
-0.00736628 	-5.64682e-05 	1.73289e-05 	-0.0279426
-0.00736628 	-5.64682e-05 	1.73289e-05 	-0.0279426
-0.0073201 	-7.48479e-05 	3.05929e-05 	-0.0375558
-0.0073201 	-7.48479e-05 	3.05929e-05 	-0.0375558
-0.00727309 	-9.34313e-05 	4.74235e-05 	-0.0472251
-0.00727309 	-9.34313e-05 	4.74235e-05 	-0.0472251
-0.00722524 	-0.000112354 	6.76283e-05 	-0.0568913
-0.00722524 	-0.000112354 	6.76283e-05 	-0.0568913
-0.00717653 	-0.000131664 	9.10036e-05 	-0.0664994
-0.00717653 	-0.000131664 	9.10036e-05 	-0.0664994
-0.00712695 	-0.000151321 	0.000117335 	-0.0760015
-0.00712695 	-0.000151321 	0.000117335 	-0.0760015
-0.00707647 	-0.000171214 	0.000146409 	-0.0853594
-0.00707647 	-0.000171214 	0.000146409 	-0.0853594
-0.0070251 	-0.00019117 	0.000178022 	-0.0945455
-0.0070251 	-0.00019117 	0.000178022 	-0.0945455
-0.0069728 	-0.000210966 	0.000211998 	-0.103543
-0.0069728 	-0.000210966 	0.000211998 	-0.103543
-0.00691956 	-0.000230342 	0.000248186 	-0.112345
-0.00691956 	-0.000230342 	0.000248186 	-0.112345
-0.00686537 	-0.000249001 	0.000286463 	-0.12095
-0.00686537 	-0.000249001 	0.000286463 	-0.12095
-0.00681021 	-0.000266619 	0.000326726 	-0.129362
-0.00681021 	-0.000266619 	0.000326726 	-0.129362
-0.00675406 	-0.000282845 	0.000368877 	-0.137583
-0.00675406 	-0.000282845 	0.000368877 	-0.137583
-0.0066969 	-0.000297309 	0.000412818 	-0.145617
-0.0066969 	-0.000297309 	0.000412818 	-0.145617
-0.00663871 	-0.000309638 	0.00045843 	-0.153462
-0.00663871 	-0.000309638 	0.00045843 	-0.153462
-0.00657949 	-0.000319468 	0.00050556 	-0.161114
-0.00657949 	-0.000319468 	0.00050556 	-0.161114
-0.0065192 	-0.000326461 	0.000554012 	-0.168567
-0.0065192 	-0.000326461 	0.000554012 	-0.168567
-0.00645783 	-0.000330331 	0.000603534 	-0.175807
-0.00645783 	-0.000330331 	0.000603534 	-0.175807
-0.00639535 	-0.000330862 	0.000653819 	-0.18282
-0.00639535 	-0.000330862 	0.000653819 	-0.18282
-0.00633176 	-0.00032793 	0.000704502 	-0.189588
-0.00633176 	-0.00032793 	0.000704502 	-0.189588
-0.00626703 	-0.000321513 	0.000755166 	-0.196091
-0.00626703 	-0.000321513 	0.000755166 	-0.196091
-0.00620114 	-0.000311703 	0.000805344 	-0.202309
-0.00620114 	-0.000311703 	0.000805344 	-0.202309
-0.00613406 	-0.000298706 	0.000854534 	-0.208221
-0.00613406 	-0.000298706 	0.000854534 	-0.208221
-0.00606579 	-0.000282832 	0.000902203 	-0.213808
-0.00606579 	-0.000282832 	0.000902203 	-0.213808
-0.00599629 	-0.000264484 	0.000947804 	-0.21905
-0.00599629 	-0.000264484 	0.000947804 	-0.21905
-0.00592554 	-0.000244136 	0.000990787 	-0.223933
-0.00592554 	-0.000244136 	0.000990787 	-0.223933
-0.00585352 	-0.000222312 	0.00103062 	-0.228443
-0.00585352 	-0.000222312 	0.00103062 	-0.228443
-0.00578022 	-0.000199556 	0.0010668 	-0.232571
-0.00578022 	-0.000199556 	0.0010668 	-0.232571
-0.00570559 	-0.00017641 	0.00109888 	-0.236311
-0.00570559 	-0.00017641 	0.00109888 	-0.236311
-0.00562963 	-0.000153385 	0.00112646 	-0.239663
-0.00562963 	-0.000153385 	0.00112646 	-0.239663
-0.00555231 	-0.000130945 	0.00114924 	-0.242633
-0.00555231 	-0.000130945 	0.00114924 	-0.242633
-0.0054736 	-0.000109482 	0.00116702 	-0.245229
-0.0054736 	-0.000109482 	0.00116702 	-0.245229
-0.00539348 	-8.93141e-05 	0.00117967 	-0.247466
-0.00539348 	-8.93141e-05 	0.00117967 	-0.247466
-0.00531193 	-7.06741e-05 	0.00118719 	-0.249364
-0.00531193 	-7.06741e-05 	0.00118719 	-0.249364
-0.00522891 	-5.37123e-05 	0.00118968 	-0.250946
-0.00522891 	-5.37123e-05 	0.00118968 	-0.250946
-0.0051444 	-3.84974e-05 	0.00118734 	-0.252237
-0.0051444 	-3.84974e-05 	0.00118734 	-0.252237
-0.00505838 	-2.501e-05 	0.00118052 	-0.253267
-0.00505838 	-2.501e-05 	0.00118052 	-0.253267
-0.00497081 	-1.31503e-05 	0.00116962 	-0.25407
-0.00497081 	-1.31503e-05 	0.00116962 	-0.25407
-0.00488168 	-2.76941e-06 	0.0011551 	-0.254678
-0.00488168 	-2.76941e-06 	0.0011551 	-0.254678
-0.00479094 	6.31834e-06 	0.00113744 	-0.255121
-0.00479094 	6.31834e-06 	0.00113744 	-0.255121
-0.00469858 	1.43284e-05 	0.00111716 	-0.255428
-0.00469858 	1.43284e-05 	0.00111716 	-0.255428
-0.00460456 	2.14903e-05 	0.00109474 	-0.255627
-0.00460456 	2.14903e-05 	0.00109474 	-0.255627
-0.00450886 	2.803e-05 	0.00107063 	-0.255742
-0.00450886 	2.803e-05 	0.00107063 	-0.255742
-0.00441144 	3.4153e-05 	0.00104526 	-0.255793
-0.00441144 	3.4153e-05 	0.00104526 	-0.255793
-0.00431227 	4.00305e-05 	0.00101896 	-0.255796
-0.00431227 	4.00305e-05 	0.00101896 	-0.255796
-0.00421133 	4.57879e-05 	0.000992024 	-0.255764
-0.00421133 	4.57879e-05 	0.000992024 	-0.255764
-0.00410857 	5.14995e-05 	0.00096469 	-0.255708
-0.00410857 	5.14995e-05 	0.00096469 	-0.255708
-0.00400397 	5.71997e-05 	0.000937083 	-0.255633
-0.00400397 	5.71997e-05 	0.000937083 	-0.255633
-0.0038975 	6.29321e-05 	0.000909246 	-0.255545
-0.0038975 	6.29321e-05 	0.000909246 	-0.255545
-0.00378912 	6.87977e-05 	0.000881266 	-0.255448
-0.00378912 	6.87977e-05 	0.000881266 	-0.255448
-0.00367879 	7.48582e-05 	0.000853239 	-0.255344
-0.00367879 	7.48582e-05 	0.000853239 	-0.255344
-0.00356649 	8.10053e-05 	0.000825076 	-0.255236
-0.00356649 	8.10053e-05 	0.000825076 	-0.255236
-0.00345217 	8.71334e-05 	0.000796748 	-0.255125
-0.00345217 	8.71334e-05 	0.000796748 	-0.255125
-0.0033358 	9.33461e-05 	0.000768462 	-0.255012
-0.0033358 	9.33461e-05 	0.000768462 	-0.255012
-0.00321735 	9.98847e-05 	0.000740379 	-0.254902
-0.00321735 	9.98847e-05 	0.000740379 	-0.254902
-0.00309677 	0.000107023 	0.000712574 	-0.254797
-0.00309677 	0.000107023 	0.000712574 	-0.254797
-0.00297403 	0.000115002 	0.000685134 	-0.254699
-0.00297403 	0.000115002 	0.000685134 	-0.254699
-0.00284909 	0.000123926 	0.000658081 	-0.25461
-0.00284909 	0.000123926 	0.000658081 	-0.25461
-0.0027219 	0.000133749 	0.000631385 	-0.254529
-0.0027219 	0.000133749 	0.000631385 	-0.254529
-0.00259244 	0.00014435 	0.000605024 	-0.254457
-0.00259244 	0.00014435 	0.000605024 	-0.254457
-0.00246065 	0.000155502 	0.000578908 	-0.254393
-0.00246065 	0.000155502 	0.000578908 	-0.254393
-0.00232651 	0.000166902 	0.000552909 	-0.254336
-0.00232651 	0.000166902 	0.000552909 	-0.254336
-0.00218995 	0.000178306 	0.000526971 	-0.254287
-0.00218995 	0.000178306 	0.000526971 	-0.254287
-0.00205095 	0.000189511 	0.000501038 	-0.254246
-0.00205095 	0.000189511 	0.000501038 	-0.254246
-0.00190946 	0.000200302 	0.000475016 	-0.254212
-0.00190946 	0.000200302 	0.000475016 	-0.254212
-0.00176543 	0.000210451 	0.000448799 	-0.254186
-0.00176543 	0.000210451 	0.000448799 	-0.254186
-0.00161881 	0.000219725 	0.000422274 	-0.254169
-0.00161881 	0.000219725 	0.000422274 	-0.254169
-0.00146957 	0.000227892 	0.000395321 	-0.25416
-0.00146957 	0.000227892 	0.000395321 	-0.25416
-0.00131765 	0.000234737 	0.000367812 	-0.25416
-0.00131765 	0.000234737 	0.000367812 	-0.25416
-0.001163 	0.000240075 	0.000339615 	-0.254168
-0.001163 	0.000240075 	0.000339615 	-0.254168
-0.00100559 	0.000243771 	0.000310592 	-0.254184
-0.00100559 	0.000243771 	0.000310592 	-0.254184
-0.000845345 	0.000245753 	0.000280598 	-0.254209
-0.000845345 	0.000245753 	0.000280598 	-0.254209
-0.000682232 	0.000246033 	0.000249488 	-0.254242
-0.000682232 	0.000246033 	0.000249488 	-0.254242
-0.000516194 	0.000244722 	0.000217111 	-0.254284
-0.000516194 	0.000244722 	0.000217111 	-0.254284
-0.000347178 	0.000242035 	0.000183317 	-0.254333
-0.000347178 	0.000242035 	0.000183317 	-0.254333
-0.000175132 	0.000238301 	0.000147959 	-0.25439
-0.000175132 	0.000238301 	0.000147959 	-0.25439
0 	0.000233973 	0.000111057 	-0.254455
0 	0.000233973 	0.000111057 	-0.254455
0.000175132 	0.000229622 	7.30085e-05 	-0.254526
0.000175132 	0.000229622 	7.30085e-05 	-0.254526
0.000347178 	0.000225823 	3.42819e-05 	-0.254602
0.000347178 	0.000225823 	3.42819e-05 	-0.254602
0.000516194 	0.000223035 	-4.92254e-06 	-0.254682
0.000516194 	0.000223035 	-4.92254e-06 	-0.254682
0.000682232 	0.000221541 	-4.45529e-05 	-0.254766
0.000682232 	0.000221541 	-4.45529e-05 	-0.254766
0.000845345 	0.000221423 	-8.45832e-05 	-0.254853
0.000845345 	0.000221423 	-8.45832e-05 	-0.254853
0.00100559 	0.000222628 	-0.000124989 	-0.254945
0.00100559 	0.000222628 	-0.000124989 	-0.254945
0.001163 	0.000225054 	-0.000165695 	-0.25504
0.001163 	0.000225054 	-0.000165695 	-0.25504
0.00131765 	0.000228563 	-0.000206639 	-0.255139
0.00131765 	0.000228563 	-0.000206639 	-0.255139
0.00146957 	0.000232965 	-0.000247826 	-0.255243
0.00146957 	0.000232965 	-0.000247826 	-0.255243
0.00161881 	0.000238059 	-0.000289239 	-0.255353
0.00161881 	0.000238059 	-0.000289239 	-0.255353
0.00176543 	0.000243659 	-0.000330807 	-0.255468
0.00176543 	0.000243659 	-0.000330807 	-0.255468
0.00190946 	0.000249593 	-0.000372392 	-0.255588
0.00190946 	0.000249593 	-0.000372392 	-0.255588
0.00205095 	0.00025569 	-0.000413822 	-0.255715
0.00205095 	0.00025569 	-0.000413822 	-0.255715
0.00218995 	0.000261772 	-0.00045492 	-0.255847
0.00218995 	0.000261772 	-0.00045492 	-0.255847
0.00232651 	0.000267662 	-0.000495486 	-0.255985
0.00232651 	0.000267662 	-0.000495486 	-0.255985
0.00246065 	0.000273199 	-0.000535309 	-0.256128
0.00246065 	0.000273199 	-0.000535309 	-0.256128
0.00259244 	0.00027825 	-0.000574173 	-0.256278
0.00259244 	0.00027825 	-0.000574173 	-0.256278
0.0027219 	0.000282724 	-0.000611872 	-0.256433
0.0027219 	0.000282724 	-0.000611872 	-0.256433
0.00284909 	0.000286569 	-0.000648212 	-0.256594
0.00284909 	0.000286569 	-0.000648212 	-0.256594
0.00297403 	0.000289779 	-0.000683013 	-0.25676
0.00297403 	0.000289779 	-0.000683013 	-0.25676
0.00309677 	0.000292398 	-0.000716111 	-0.256931
0.00309677 	0.000292398 	-0.000716111 	-0.256931
0.00321735 	0.000294531 	-0.000747372 	-0.257104
0.00321735 	0.000294531 	-0.000747372 	-0.257104
0.0033358 	0.000296362 	-0.000776707 	-0.257276
0.0033358 	0.000296362 	-0.000776707 	-0.257276
0.00345217 	0.00029817 	-0.000804011 	-0.257444
0.00345217 	0.00029817 	-0.000804011 	-0.257444
0.00356649 	0.000300252 	-0.000829087 	-0.257601
0.00356649 	0.000300252 	-0.000829087 	-0.257601
0.00367879 	0.000302723 	-0.000851957 	-0.257747
0.00367879 	0.000302723 	-0.000851957 	-0.257747
0.00378912 	0.000305464 	-0.000872972 	-0.257882
0.00378912 	0.000305464 	-0.000872972 	-0.257882
0.0038975 	0.000308378 	-0.000892308 	-0.258005
0.0038975 	0.000308378 	-0.000892308 	-0.258005
0.00400397 	0.000311498 	-0.000909932 	-0.258112
0.00400397 	0.000311498 	-0.000909932 	-0.258112
0.00410857 	0.000314883 	-0.000925874 	-0.258195
0.00410857 	0.000314883 	-0.000925874 	-0.258195
0.00421133 	0.000318592 	-0.000940138 	-0.258248
0.00421133 	0.000318592 	-0.000940138 	-0.258248
0.00431227 	0.000322695 	-0.000952624 	-0.258257
0.00431227 	0.000322695 	-0.000952624 	-0.258257
0.00441144 	0.000327257 	-0.000963192 	-0.258207
0.00441144 	0.000327257 	-0.000963192 	-0.258207
0.00450886 	0.00033232 	-0.000971671 	-0.258078
0.00450886 	0.00033232 	-0.000971671 	-0.258078
0.00460456 	0.000337878 	-0.000977854 	-0.257846
0.00460456 	0.000337878 	-0.000977854 	-0.257846
0.00469858 	0.000343858 	-0.000981513 	-0.257485
0.00469858 	0.000343858 	-0.000981513 	-0.257485
0.00479094 	0.000350105 	-0.000982409 	-0.256964
0.00479094 	0.000350105 	-0.000982409 	-0.256964
0.00488168 	0.000356372 	-0.000980311 	-0.256251
0.00488168 	0.000356372 	-0.000980311 	-0.256251
0.00497081 	0.000362324 	-0.000975005 	-0.255312
0.00497081 	0.000362324 	-0.000975005 	-0.255312
0.00505838 	0.000367548 	-0.000966301 	-0.254112
0.00505838 	0.000367548 	-0.000966301 	-0.254112
0.0051444 	0.000371586 	-0.000954038 	-0.252617
0.0051444 	0.000371586 	-0.000954038 	-0.252617
0.00522891 	0.00037397 	-0.000938121 	-0.250792
0.00522891 	0.00037397 	-0.000938121 	-0.250792
0.00531193 	0.000374257 	-0.000918552 	-0.248608
0.00531193 	0.000374257 	-0.000918552 	-0.248608
0.00539348 	0.000372077 	-0.000895408 	-0.246039
0.00539348 	0.000372077 	-0.000895408 	-0.246039
0.0054736 	0.000367178 	-0.000868831 	-0.243064
0.0054736 	0.000367178 	-0.000868831 	-0.243064
0.00555231 	0.000359459 	-0.000839025 	-0.239663
0.00555231 	0.000359459 	-0.000839025 	-0.239663
0.00562963 	0.00034899 	-0.000806253 	-0.235824
0.00562963 	0.00034899 	-0.000806253 	-0.235824
0.00570559 	0.00033602 	-0.000770829 	-0.231538
0.00570559 	0.00033602 	-0.000770829 	-0.231538
0.00578022 	0.000320965 	-0.000733108 	-0.226802
0.00578022 	0.000320965 	-0.000733108 	-0.226802
0.00585352 	0.00030438 	-0.000693476 	-0.221618
0.00585352 	0.00030438 	-0.000693476 	-0.221618
0.00592554 	0.000286911 	-0.00065234 	-0.215992
0.00592554 	0.000286911 	-0.00065234 	-0.215992
0.00599629 	0.000269244 	-0.000610112 	-0.209936
0.00599629 	0.000269244 	-0.000610112 	-0.209936
0.00606579 	0.000252045 	-0.000567201 	-0.203465
0.00606579 	0.000252045 	-0.000567201 	-0.203465
0.00613406 	0.000235904 	-0.000524004 	-0.196598
0.00613406 	0.000235904 	-0.000524004 	-0.196598
0.00620114 	0.000221288 	-0.000480904 	-0.18936
0.00620114 	0.000221288 	-0.000480904 	-0.18936
0.00626703 	0.000208505 	-0.000438274 	-0.181779
0.00626703 	0.000208505 	-0.000438274 	-0.181779
0.00633176 	0.000197683 	-0.000396473 	-0.173888
0.00633176 	0.000197683 	-0.000396473 	-0.173888
0.00639535 	0.000188768 	-0.000355852 	-0.165724
0.00639535 	0.000188768 	-0.000355852 	-0.165724
0.00645783 	0.000181542 	-0.000316742 	-0.157327
0.00645783 	0.000181542 	-0.000316742 	-0.157327
0.0065192 	0.000175653 	-0.000279452 	-0.14874
0.0065192 	0.000175653 	-0.000279452 	-0.14874
0.00657949 	0.000170658 	-0.000244256 	-0.140009
0.00657949 	0.000170658 	-0.000244256 	-0.140009
0.00663871 	0.000166076 	-0.000211386 	-0.131181
0.00663871 	0.000166076 	-0.000211386 	-0.131181
0.0066969 	0.000161433 	-0.000181018 	-0.122303
0.0066969 	0.000161433 	-0.000181018 	-0.122303
0.00675406 	0.000156313 	-0.000153269 	-0.113422
0.00675406 	0.000156313 	-0.000153269 	-0.113422
0.00681021 	0.000150388 	-0.000128193 	-0.104582
0.00681021 	0.000150388 	-0.000128193 	-0.104582
0.00686537 	0.00014344 	-0.00010579 	-0.0958267
0.00686537 	0.00014344 	-0.00010579 	-0.0958267
0.00691956 	0.000135371 	-8.6012e-05 	-0.0871964
0.00691956 	0.000135371 	-8.6012e-05 	-0.0871964
0.0069728 	0.000126194 	-6.87703e-05 	-0.078728
0.0069728 	0.000126194 	-6.87703e-05 	-0.078728
0.0070251 	0.000116011 	-5.39397e-05 	-0.0704512
0.0070251 	0.000116011 	-5.39397e-05 	-0.0704512
0.00707647 	0.000104989 	-4.13675e-05 	-0.0623885
0.00707647 	0.000104989 	-4.13675e-05 	-0.0623885
0.00712695 	9.33351e-05 	-3.08812e-05 	-0.0545542
0.00712695 	9.33351e-05 	-3.08812e-05 	-0.0545542
0.00717653 	8.12663e-05 	-2.22957e-05 	-0.0469557
0.00717653 	8.12663e-05 	-2.22957e-05 	-0.0469557
0.00722524 	6.8995e-05 	-1.54201e-05 	-0.0395941
0.00722524 	6.8995e-05 	-1.54201e-05 	-0.0395941
0.00727309 	5.67144e-05 	-1.00635e-05 	-0.032466
0.00727309 	5.67144e-05 	-1.00635e-05 	-0.032466
0.0073201 	4.45923e-05 	-6.04226e-06 	-0.0255644
0.0073201 	4.45923e-05 	-6.04226e-06 	-0.0255644
0.00736628 	3.27686e-05 	-3.18034e-06 	-0.0188802
0.00736628 	3.27686e-05 	-3.18034e-06 	-0.0188802
0.00741165 	2.1352e-05 	-1.33464e-06 	-0.0124031
0.00741165 	2.1352e-05 	-1.33464e-06 	-0.0124031
0.00745622 	1.04205e-05 	-3.40614e-07 	-0.00612238
0.00745622 	1.04205e-05 	-3.40614e-07 	-0.00612238
0.0075 	0 	0 	0
0.0075 	0 	0 	0
