-0.0075 	0 	0 	0
-0.0075 	-7.41861e-21 	-3.37772e-22 	1.39925e-18
-0.00745622 	4.79039e-05 	2.18108e-06 	-0.0090353
-0.00745622 	4.79039e-05 	2.18108e-06 	-0.0090353
-0.00741165 	9.48901e-05 	7.78806e-06 	-0.0182708
-0.00741165 	9.48901e-05 	7.78806e-06 	-0.0182708
-0.00736628 	0.000141211 	1.71866e-05 	-0.0276933
-0.00736628 	0.000141211 	1.71866e-05 	-0.0276933
-0.0073201 	0.000187059 	3.03358e-05 	-0.0372465
-0.0073201 	0.000187059 	3.03358e-05 	-0.0372465
-0.00727309 	0.000232631 	4.70285e-05 	-0.0468725
-0.00727309 	0.000232631 	4.70285e-05 	-0.0468725
-0.00722524 	0.000278102 	6.7077e-05 	-0.0565144
-0.00722524 	0.000278102 	6.7077e-05 	-0.0565144
-0.00717653 	0.00032361 	9.02777e-05 	-0.0661185
-0.00717653 	0.00032361 	9.02777e-05 	-0.0661185
-0.00712695 	0.000369235 	0.000116407 	-0.0756371
-0.00712695 	0.000369235 	0.000116407 	-0.0756371
-0.00707647 	0.000414984 	0.000145229 	-0.0850308
-0.00707647 	0.000414984 	0.000145229 	-0.0850308
-0.0070251 	0.000460783 	0.000176512 	-0.0942697
-0.0070251 	0.000460783 	0.000176512 	-0.0942697
-0.0069728 	0.000506462 	0.000210036 	-0.103334
-0.0069728 	0.000506462 	0.000210036 	-0.103334
-0.00691956 	0.000551754 	0.000245605 	-0.112214
-0.00691956 	0.000551754 	0.000245605 	-0.112214
-0.00686537 	0.000596275 	0.000283046 	-0.120905
-0.00686537 	0.000596275 	0.000283046 	-0.120905
-0.00681021 	0.000639509 	0.000322203 	-0.129408
-0.00681021 	0.000639509 	0.000322203 	-0.129408
-0.00675406 	0.000680805 	0.000362931 	-0.137722
-0.00675406 	0.000680805 	0.000362931 	-0.137722
-0.0066969 	0.000719378 	0.000405083 	-0.145849
-0.0066969 	0.000719378 	0.000405083 	-0.145849
-0.00663871 	0.000754323 	0.0004485 	-0.153784
-0.00663871 	0.000754323 	0.0004485 	-0.153784
-0.00657949 	0.000784643 	0.000492987 	-0.161523
-0.00657949 	0.000784643 	0.000492987 	-0.161523
-0.0065192 	0.000809297 	0.000538304 	-0.169054
-0.0065192 	0.000809297 	0.000538304 	-0.169054
-0.00645783 	0.000827263 	0.000584155 	-0.176364
-0.00645783 	0.000827263 	0.000584155 	-0.176364
-0.00639535 	0.000837608 	0.000630187 	-0.183433
-0.00639535 	0.000837608 	0.000630187 	-0.183433
-0.00633176 	0.00083957 	0.00067599 	-0.190244
-0.00633176 	0.00083957 	0.00067599 	-0.190244
-0.00626703 	0.000832633 	0.000721102 	-0.196772
-0.00626703 	0.000832633 	0.000721102 	-0.196772
-0.00620114 	0.000816587 	0.000765023 	-0.202997
-0.00620114 	0.000816587 	0.000765023 	-0.202997
-0.00613406 	0.000791573 	0.000807226 	-0.208897
-0.00613406 	0.000791573 	0.000807226 	-0.208897
-0.00606579 	0.000758097 	0.000847172 	-0.214452
-0.00606579 	0.000758097 	0.000847172 	-0.214452
-0.00599629 	0.000717024 	0.000884325 	-0.219645
-0.00599629 	0.000717024 	0.000884325 	-0.219645
-0.00592554 	0.00066953 	0.000918168 	-0.224462
-0.00592554 	0.00066953 	0.000918168 	-0.224462
-0.00585352 	0.000617044 	0.000948214 	-0.228893
-0.00585352 	0.000617044 	0.000948214 	-0.228893
-0.00578022 	0.000561161 	0.000974029 	-0.232931
-0.00578022 	0.000561161 	0.000974029 	-0.232931
-0.00570559 	0.000503545 	0.000995237 	-0.236575
-0.00570559 	0.000503545 	0.000995237 	-0.236575
-0.00562963 	0.00044583 	0.00101154 	-0.239828
-0.00562963 	0.00044583 	0.00101154 	-0.239828
-0.00555231 	0.000389524 	0.00102273 	-0.242699
-0.00555231 	0.000389524 	0.00102273 	-0.242699
-0.0054736 	0.000335933 	0.00102869 	-0.245199
-0.0054736 	0.000335933 	0.00102869 	-0.245199
-0.00539348 	0.000286096 	0.00102939 	-0.247347
-0.00539348 	0.000286096 	0.00102939 	-0.247347
-0.00531193 	0.000240761 	0.00102493 	-0.249164
-0.00531193 	0.000240761 	0.00102493 	-0.249164
-0.00522891 	0.000200365 	0.00101549 	-0.250674
-0.00522891 	0.000200365 	0.00101549 	-0.250674
-0.0051444 	0.000165044 	0.00100136 	-0.251905
-0.0051444 	0.000165044 	0.00100136 	-0.251905
-0.00505838 	0.000134645 	0.000982972 	-0.252887
-0.00505838 	0.000134645 	0.000982972 	-0.252887
-0.00497081 	0.000108785 	0.000960777 	-0.253653
-0.00497081 	0.000108785 	0.000960777 	-0.253653
-0.00488168 	8.69337e-05 	0.000935291 	-0.254235
-0.00488168 	8.69337e-05 	0.000935291 	-0.254235
-0.00479094 	6.84896e-05 	0.00090707 	-0.254661
-0.00479094 	6.84896e-05 	0.00090707 	-0.254661
-0.00469858 	5.28208e-05 	0.000876673 	-0.254961
-0.00469858 	5.28208e-05 	0.000876673 	-0.254961
-0.00460456 	3.93126e-05 	0.000844642 	-0.255161
-0.00460456 	3.93126e-05 	0.000844642 	-0.255161
-0.00450886 	2.74127e-05 	0.000811491 	-0.255282
-0.00450886 	2.74127e-05 	0.000811491 	-0.255282
-0.00441144 	1.66577e-05 	0.000777681 	-0.255344
-0.00441144 	1.66577e-05 	0.000777681 	-0.255344
-0.00431227 	6.68124e-06 	0.000743615 	-0.255363
-0.00431227 	6.68124e-06 	0.000743615 	-0.255363
-0.00421133 	-2.79075e-06 	0.000709638 	-0.25535
-0.00421133 	-2.79075e-06 	0.000709638 	-0.25535
-0.00410857 	-1.19526e-05 	0.000676035 	-0.255315
-0.00410857 	-1.19526e-05 	0.000676035 	-0.255315
-0.00400397 	-2.09376e-05 	0.00064303 	-0.255264
-0.00400397 	-2.09376e-05 	0.00064303 	-0.255264
-0.0038975 	-2.98319e-05 	0.000610792 	-0.255203
-0.0038975 	-2.98319e-05 	0.000610792 	-0.255203
-0.00378912 	-3.86888e-05 	0.000579457 	-0.255134
-0.00378912 	-3.86888e-05 	0.000579457 	-0.255134
-0.00367879 	-4.75184e-05 	0.00054914 	-0.255061
-0.00367879 	-4.75184e-05 	0.00054914 	-0.255061
-0.00356649 	-5.62638e-05 	0.000519932 	-0.254985
-0.00356649 	-5.62638e-05 	0.000519932 	-0.254985
-0.00345217 	-6.48339e-05 	0.000491916 	-0.254908
-0.00345217 	-6.48339e-05 	0.000491916 	-0.254908
-0.0033358 	-7.31603e-05 	0.000465214 	-0.254831
-0.0033358 	-7.31603e-05 	0.000465214 	-0.254831
-0.00321735 	-8.11826e-05 	0.000439967 	-0.254757
-0.00321735 	-8.11826e-05 	0.000439967 	-0.254757
-0.00309677 	-8.88166e-05 	0.000416261 	-0.254685
-0.00309677 	-8.88166e-05 	0.000416261 	-0.254685
-0.00297403 	-9.5963e-05 	0.000394136 	-0.254617
-0.00297403 	-9.5963e-05 	0.000394136 	-0.254617
-0.00284909 	-0.000102487 	0.000373599 	-0.254552
-0.00284909 	-0.000102487 	0.000373599 	-0.254552
-0.0027219 	-0.000108204 	0.000354611 	-0.254492
-0.0027219 	-0.000108204 	0.000354611 	-0.254492
-0.00259244 	-0.000112939 	0.00033712 	-0.254435
-0.00259244 	-0.000112939 	0.00033712 	-0.254435
-0.00246065 	-0.000116563 	0.000321052 	-0.254382
-0.00246065 	-0.000116563 	0.000321052 	-0.254382
-0.00232651 	-0.000118972 	0.000306285 	-0.254332
-0.00232651 	-0.000118972 	0.000306285 	-0.254332
-0.00218995 	-0.000120083 	0.00029264 	-0.254286
-0.00218995 	-0.000120083 	0.00029264 	-0.254286
-0.00205095 	-0.000119841 	0.000279899 	-0.254244
-0.00205095 	-0.000119841 	0.000279899 	-0.254244
-0.00190946 	-0.000118224 	0.000267794 	-0.254205
-0.00190946 	-0.000118224 	0.000267794 	-0.254205
-0.00176543 	-0.000115267 	0.000256015 	-0.254171
-0.00176543 	-0.000115267 	0.000256015 	-0.254171
-0.00161881 	-0.00011106 	0.000244206 	-0.254141
-0.00161881 	-0.00011106 	0.000244206 	-0.254141
-0.00146957 	-0.000105765 	0.000231971 	-0.254115
-0.00146957 	-0.000105765 	0.000231971 	-0.254115
-0.00131765 	-9.96171e-05 	0.000218874 	-0.254095
-0.00131765 	-9.96171e-05 	0.000218874 	-0.254095
-0.001163 	-9.29339e-05 	0.000204448 	-0.25408
-0.001163 	-9.29339e-05 	0.000204448 	-0.25408
-0.00100559 	-8.61119e-05 	0.000188199 	-0.254072
-0.00100559 	-8.61119e-05 	0.000188199 	-0.254072
-0.000845345 	-7.96247e-05 	0.000169617 	-0.254071
-0.000845345 	-7.96247e-05 	0.000169617 	-0.254071
-0.000682232 	-7.40137e-05 	0.000148186 	-0.254077
-0.000682232 	-7.40137e-05 	0.000148186 	-0.254077
-0.000516194 	-6.98709e-05 	0.000123398 	-0.254092
-0.000516194 	-6.98709e-05 	0.000123398 	-0.254092
-0.000347178 	-6.78142e-05 	9.47639e-05 	-0.254115
-0.000347178 	-6.78142e-05 	9.47639e-05 	-0.254115
-0.000175132 	-6.8453e-05 	6.18313e-05 	-0.254149
-0.000175132 	-6.8453e-05 	6.18313e-05 	-0.254149
0 	-7.23158e-05 	2.43793e-05 	-0.254193
0 	-7.23158e-05 	2.43793e-05 	-0.254193
0.000175132 	-7.96814e-05 	-1.72674e-05 	-0.254247
0.000175132 	-7.96814e-05 	-1.72674e-05 	-0.254247
0.000347178 	-9.04928e-05 	-6.24835e-05 	-0.254309
0.000347178 	-9.04928e-05 	-6.24835e-05 	-0.254309
0.000516194 	-0.000104485 	-0.000110767 	-0.254379
0.000516194 	-0.000104485 	-0.000110767 	-0.254379
0.000682232 	-0.000121319 	-0.000161627 	-0.254455
0.000682232 	-0.000121319 	-0.000161627 	-0.254455
0.000845345 	-0.000140652 	-0.000214541 	-0.254538
0.000845345 	-0.000140652 	-0.000214541 	-0.254538
0.00100559 	-0.000162115 	-0.000269133 	-0.254628
0.00100559 	-0.000162115 	-0.000269133 	-0.254628
0.001163 	-0.000185249 	-0.000325035 	-0.254725
0.001163 	-0.000185249 	-0.000325035 	-0.254725
0.00131765 	-0.000209462 	-0.000381699 	-0.254827
0.00131765 	-0.000209462 	-0.000381699 	-0.254827
0.00146957 	-0.000234011 	-0.000438537 	-0.254935
0.00146957 	-0.000234011 	-0.000438537 	-0.254935
0.00161881 	-0.000258098 	-0.000495063 	-0.255048
0.00161881 	-0.000258098 	-0.000495063 	-0.255048
0.00176543 	-0.000281013 	-0.000550844 	-0.255165
0.00176543 	-0.000281013 	-0.000550844 	-0.255165
0.00190946 	-0.000302204 	-0.000605478 	-0.255287
0.00190946 	-0.000302204 	-0.000605478 	-0.255287
0.00205095 	-0.000321298 	-0.000658615 	-0.255412
0.00205095 	-0.000321298 	-0.000658615 	-0.255412
0.00218995 	-0.000338091 	-0.000709973 	-0.255543
0.00218995 	-0.000338091 	-0.000709973 	-0.255543
0.00232651 	-0.000352523 	-0.000759337 	-0.255679
0.00232651 	-0.000352523 	-0.000759337 	-0.255679
0.00246065 	-0.000364658 	-0.000806552 	-0.25582
0.00246065 	-0.000364658 	-0.000806552 	-0.25582
0.00259244 	-0.000374651 	-0.000851519 	-0.255967
0.00259244 	-0.000374651 	-0.000851519 	-0.255967
0.0027219 	-0.000382715 	-0.000894181 	-0.25612
0.0027219 	-0.000382715 	-0.000894181 	-0.25612
0.00284909 	-0.000389099 	-0.000934515 	-0.25628
0.00284909 	-0.000389099 	-0.000934515 	-0.25628
0.00297403 	-0.000394054 	-0.00097252 	-0.256444
0.00297403 	-0.000394054 	-0.00097252 	-0.256444
0.00309677 	-0.000397811 	-0.00100822 	-0.256613
0.00309677 	-0.000397811 	-0.00100822 	-0.256613
0.00321735 	-0.000400564 	-0.00104165 	-0.256785
0.00321735 	-0.000400564 	-0.00104165 	-0.256785
0.0033358 	-0.000402456 	-0.0010728 	-0.256954
0.0033358 	-0.000402456 	-0.0010728 	-0.256954
0.00345217 	-0.000403593 	-0.00110164 	-0.257117
0.00345217 	-0.000403593 	-0.00110164 	-0.257117
0.00356649 	-0.000403997 	-0.00112819 	-0.25727
0.00356649 	-0.000403997 	-0.00112819 	-0.25727
0.00367879 	-0.000403664 	-0.00115265 	-0.257412
0.00367879 	-0.000403664 	-0.00115265 	-0.257412
0.00378912 	-0.000402658 	-0.00117535 	-0.257541
0.00378912 	-0.000402658 	-0.00117535 	-0.257541
0.0038975 	-0.000401014 	-0.0011964 	-0.257657
0.0038975 	-0.000401014 	-0.0011964 	-0.257657
0.00400397 	-0.000398669 	-0.00121577 	-0.257752
0.00400397 	-0.000398669 	-0.00121577 	-0.257752
0.00410857 	-0.000395499 	-0.00123341 	-0.25782
0.00410857 	-0.000395499 	-0.00123341 	-0.25782
0.00421133 	-0.000391312 	-0.00124922 	-0.25785
0.00421133 	-0.000391312 	-0.00124922 	-0.25785
0.00431227 	-0.000385833 	-0.00126301 	-0.257827
0.00431227 	-0.000385833 	-0.00126301 	-0.257827
0.00441144 	-0.000378715 	-0.0012745 	-0.257734
0.00441144 	-0.000378715 	-0.0012745 	-0.257734
0.00450886 	-0.000369568 	-0.00128338 	-0.257548
0.00450886 	-0.000369568 	-0.00128338 	-0.257548
0.00460456 	-0.000357989 	-0.00128928 	-0.257243
0.00460456 	-0.000357989 	-0.00128928 	-0.257243
0.00469858 	-0.0003436 	-0.0012918 	-0.25679
0.00469858 	-0.0003436 	-0.0012918 	-0.25679
0.00479094 	-0.000326103 	-0.00129054 	-0.256156
0.00479094 	-0.000326103 	-0.00129054 	-0.256156
0.00488168 	-0.00030533 	-0.00128514 	-0.255308
0.00488168 	-0.00030533 	-0.00128514 	-0.255308
0.00497081 	-0.000281259 	-0.00127526 	-0.254213
0.00497081 	-0.000281259 	-0.00127526 	-0.254213
0.00505838 	-0.000254026 	-0.00126063 	-0.252836
0.00505838 	-0.000254026 	-0.00126063 	-0.252836
0.0051444 	-0.000224001 	-0.00124104 	-0.251141
0.0051444 	-0.000224001 	-0.00124104 	-0.251141
0.00522891 	-0.000191811 	-0.00121642 	-0.249102
0.00522891 	-0.000191811 	-0.00121642 	-0.249102
0.00531193 	-0.000158299 	-0.00118684 	-0.246691
0.00531193 	-0.000158299 	-0.00118684 	-0.246691
0.00539348 	-0.000124469 	-0.00115248 	-0.243889
0.00539348 	-0.000124469 	-0.00115248 	-0.243889
0.0054736 	-9.14307e-05 	-0.00111362 	-0.240678
0.0054736 	-9.14307e-05 	-0.00111362 	-0.240678
0.00555231 	-6.03284e-05 	-0.00107064 	-0.237048
0.00555231 	-6.03284e-05 	-0.00107064 	-0.237048
0.00562963 	-3.22599e-05 	-0.00102402 	-0.232993
0.00562963 	-3.22599e-05 	-0.00102402 	-0.232993
0.00570559 	-8.19298e-06 	-0.000974288 	-0.22851
0.00570559 	-8.19298e-06 	-0.000974288 	-0.22851
0.00578022 	1.11086e-05 	-0.000922018 	-0.223605
0.00578022 	1.11086e-05 	-0.000922018 	-0.223605
0.00585352 	2.51458e-05 	-0.000867816 	-0.218284
0.00585352 	2.51458e-05 	-0.000867816 	-0.218284
0.00592554 	3.37222e-05 	-0.000812286 	-0.21256
0.00592554 	3.37222e-05 	-0.000812286 	-0.21256
0.00599629 	3.69556e-05 	-0.000756016 	-0.206447
0.00599629 	3.69556e-05 	-0.000756016 	-0.206447
0.00606579 	3.52614e-05 	-0.000699565 	-0.199964
0.00606579 	3.52614e-05 	-0.000699565 	-0.199964
0.00613406 	2.93136e-05 	-0.000643456 	-0.19313
0.00613406 	2.93136e-05 	-0.000643456 	-0.19313
0.00620114 	1.99866e-05 	-0.000588168 	-0.18597
0.00620114 	1.99866e-05 	-0.000588168 	-0.18597
0.00626703 	8.28184e-06 	-0.000534138 	-0.17851
0.00626703 	8.28184e-06 	-0.000534138 	-0.17851
0.00633176 	-4.7518e-06 	-0.000481762 	-0.170778
0.00633176 	-4.7518e-06 	-0.000481762 	-0.170778
0.00639535 	-1.80974e-05 	-0.000431389 	-0.162806
0.00639535 	-1.80974e-05 	-0.000431389 	-0.162806
0.00645783 	-3.084e-05 	-0.000383329 	-0.154626
0.00645783 	-3.084e-05 	-0.000383329 	-0.154626
0.0065192 	-4.22215e-05 	-0.000337848 	-0.146273
0.0065192 	-4.22215e-05 	-0.000337848 	-0.146273
0.00657949 	-5.16772e-05 	-0.00029517 	-0.137785
0.00657949 	-5.16772e-05 	-0.00029517 	-0.137785
0.00663871 	-5.88509e-05 	-0.000255474 	-0.1292
0.00663871 	-5.88509e-05 	-0.000255474 	-0.1292
0.0066969 	-6.35914e-05 	-0.000218893 	-0.120559
0.0066969 	-6.35914e-05 	-0.000218893 	-0.120559
0.00675406 	-6.59322e-05 	-0.000185507 	-0.111903
0.00675406 	-6.59322e-05 	-0.000185507 	-0.111903
0.00681021 	-6.60569e-05 	-0.000155343 	-0.103272
0.00681021 	-6.60569e-05 	-0.000155343 	-0.103272
0.00686537 	-6.42583e-05 	-0.000128383 	-0.0947082
0.00686537 	-6.42583e-05 	-0.000128383 	-0.0947082
0.00691956 	-6.08956e-05 	-0.000104563 	-0.086252
0.00691956 	-6.08956e-05 	-0.000104563 	-0.086252
0.0069728 	-5.63525e-05 	-8.37752e-05 	-0.0779401
0.0069728 	-5.63525e-05 	-8.37752e-05 	-0.0779401
0.0070251 	-5.10011e-05 	-6.58718e-05 	-0.0698028
0.0070251 	-5.10011e-05 	-6.58718e-05 	-0.0698028
0.00707647 	-4.51753e-05 	-5.067e-05 	-0.0618632
0.00707647 	-4.51753e-05 	-5.067e-05 	-0.0618632
0.00712695 	-3.91542e-05 	-3.79626e-05 	-0.0541364
0.00712695 	-3.91542e-05 	-3.79626e-05 	-0.0541364
0.00717653 	-3.31572e-05 	-2.7527e-05 	-0.0466304
0.00717653 	-3.31572e-05 	-2.7527e-05 	-0.0466304
0.00722524 	-2.73449e-05 	-1.91354e-05 	-0.0393473
0.00722524 	-2.73449e-05 	-1.91354e-05 	-0.0393473
0.00727309 	-2.18264e-05 	-1.25625e-05 	-0.0322847
0.00727309 	-2.18264e-05 	-1.25625e-05 	-0.0322847
0.0073201 	-1.66676e-05 	-7.59323e-06 	-0.0254369
0.0073201 	-1.66676e-05 	-7.59323e-06 	-0.0254369
0.00736628 	-1.19003e-05 	-4.0313e-06 	-0.0187962
0.00736628 	-1.19003e-05 	-4.0313e-06 	-0.0187962
0.00741165 	-7.54069e-06 	-1.70583e-06 	-0.0123538
0.00741165 	-7.54069e-06 	-1.70583e-06 	-0.0123538
0.00745622 	-3.5942e-06 	-4.38928e-07 	-0.00610056
0.00745622 	-3.5942e-06 	-4.38928e-07 	-0.00610056
0.0075 	0 	0 	0
0.0075 	0 	0 	0
