/*--------------------------------*- C++ -*----------------------------------*\
| =========                 |                                                 |
| \\      /  F ield         | OpenFOAM: The Open Source CFD Toolbox           |
|  \\    /   O peration     | Version:  v1906                                 |
|   \\  /    A nd           | Web:      www.OpenFOAM.com                      |
|    \\/     M anipulation  |                                                 |
\*---------------------------------------------------------------------------*/
FoamFile
{
    version     2.0;
    format      ascii;
    class       volVectorField;
    location    "98";
    object      UMean;
}
// * * * * * * * * * * * * * * * * * * * * * * * * * * * * * * * * * * * * * //

dimensions      [0 1 -1 0 0 0 0];


internalField   nonuniform List<vector> 
630
(
(1.49487e-05 -0.000201199 -0.00724882)
(-0.000119203 -1.31966e-06 -0.00765018)
(-8.48347e-07 -1.24274e-06 -0.00782264)
(0.000110705 -1.24732e-06 -0.00742681)
(5.42543e-05 0.000348768 -0.0209594)
(-0.000343483 -5.32744e-06 -0.0220691)
(-1.33161e-05 -5.7773e-06 -0.0225864)
(0.000318011 -5.02137e-06 -0.0214177)
(9.68868e-05 -0.000303372 -0.0340343)
(-0.00053989 -1.53835e-05 -0.0357477)
(-3.03164e-05 -1.60277e-05 -0.0366264)
(0.000497313 -1.47433e-05 -0.0346918)
(0.000138149 0.000185278 -0.046481)
(-0.000713185 -2.72205e-05 -0.0487025)
(-4.70609e-05 -2.89664e-05 -0.0499519)
(0.000653462 -2.6142e-05 -0.0472613)
(0.000176565 -8.20265e-05 -0.0583009)
(-0.000866397 -4.26856e-05 -0.0609618)
(-6.1935e-05 -4.54302e-05 -0.0625748)
(0.000789546 -4.1091e-05 -0.0591551)
(0.000212777 -1.24269e-05 -0.0695091)
(-0.00100319 -6.0365e-05 -0.0725559)
(-7.54466e-05 -6.43141e-05 -0.0745189)
(0.000909459 -5.81409e-05 -0.0704118)
(0.0002474 -3.34834e-05 -0.0801255)
(-0.00112454 -8.00115e-05 -0.0835141)
(-8.81031e-05 -8.53375e-05 -0.0858118)
(0.0010145 -7.70542e-05 -0.0810682)
(0.000280989 -4.30496e-05 -0.0901654)
(-0.00123114 -0.000101302 -0.093853)
(-0.000100388 -0.000108208 -0.0964727)
(0.00110571 -9.7519e-05 -0.0911493)
(0.000313919 -5.8223e-05 -0.0996339)
(-0.0013231 -0.000124069 -0.103572)
(-0.000112698 -0.00013261 -0.106505)
(0.00118353 -0.000119361 -0.100662)
(0.000346333 -7.16872e-05 -0.108529)
(-0.00140089 -0.000148218 -0.112664)
(-0.000125188 -0.000158169 -0.115906)
(0.0012487 -0.000142496 -0.109603)
(0.000378128 -8.53228e-05 -0.116857)
(-0.00146602 -0.000173542 -0.121131)
(-0.000137729 -0.000184845 -0.124683)
(0.00130285 -0.000166846 -0.117973)
(0.000409049 -9.95417e-05 -0.124636)
(-0.00152031 -0.000199741 -0.128991)
(-0.000150108 -0.000212896 -0.132858)
(0.00134801 -0.00019214 -0.125786)
(0.000438873 -0.000114746 -0.131896)
(-0.00156409 -0.000226649 -0.136282)
(-0.000162326 -0.000242282 -0.140465)
(0.0013849 -0.000218059 -0.133071)
(0.000467619 -0.00013045 -0.138665)
(-0.00159566 -0.000254271 -0.143042)
(-0.000174768 -0.000272483 -0.147537)
(0.00141191 -0.000244551 -0.139862)
(0.00049556 -0.000145927 -0.14497)
(-0.0016125 -0.000282667 -0.149309)
(-0.000187891 -0.000302972 -0.154104)
(0.00142607 -0.000271781 -0.146191)
(0.000523036 -0.000160961 -0.150837)
(-0.00161291 -0.000311699 -0.155123)
(-0.000201906 -0.00033363 -0.1602)
(0.00142507 -0.000299774 -0.152091)
(0.000550327 -0.000175838 -0.156297)
(-0.00159673 -0.000341127 -0.160521)
(-0.000216824 -0.000364477 -0.16586)
(0.00140825 -0.000328292 -0.157595)
(0.000577562 -0.000190811 -0.161383)
(-0.00156514 -0.000370756 -0.165543)
(-0.00023256 -0.000395427 -0.171122)
(0.00137634 -0.000357085 -0.162736)
(0.000604719 -0.000205758 -0.166128)
(-0.00152015 -0.000400426 -0.170227)
(-0.000248929 -0.000426358 -0.176024)
(0.00133087 -0.000386014 -0.167548)
(0.000631703 -0.000220541 -0.170568)
(-0.00146431 -0.000430004 -0.174611)
(-0.000265675 -0.00045707 -0.180602)
(0.00127392 -0.000414985 -0.172063)
(0.00065837 -0.000235415 -0.174739)
(-0.00140036 -0.000459327 -0.178729)
(-0.000282555 -0.000487338 -0.184893)
(0.00120781 -0.000443857 -0.176312)
(0.000684636 -0.000250892 -0.178673)
(-0.00133089 -0.000488186 -0.182616)
(-0.000299321 -0.000516966 -0.18893)
(0.00113494 -0.000472291 -0.180325)
(0.00071067 -0.000266314 -0.182399)
(-0.00125801 -0.000516392 -0.186302)
(-0.000315715 -0.000545875 -0.192744)
(0.00105741 -0.000500212 -0.184131)
(0.000736544 -0.000280889 -0.185939)
(-0.00118329 -0.00054382 -0.189811)
(-0.000331645 -0.000574038 -0.196363)
(0.000977012 -0.000527959 -0.187755)
(0.00076196 -0.000295446 -0.189318)
(-0.00110788 -0.000570442 -0.193166)
(-0.0003472 -0.000601543 -0.199812)
(0.000895722 -0.000555674 -0.191222)
(0.000786773 -0.000310738 -0.192556)
(-0.0010325 -0.000596079 -0.196385)
(-0.000362461 -0.000628577 -0.203111)
(0.000815622 -0.000582806 -0.194553)
(0.000811266 -0.000326132 -0.19567)
(-0.000957278 -0.000621032 -0.199483)
(-0.000377376 -0.000654152 -0.206279)
(0.000738006 -0.000608485 -0.197767)
(0.000836047 -0.000340475 -0.198668)
(-0.000882108 -0.000645643 -0.202474)
(-0.000392323 -0.000677859 -0.20933)
(0.000661857 -0.000633074 -0.200867)
(0.000861075 -0.000354263 -0.201563)
(-0.000806938 -0.000668835 -0.205372)
(-0.000408302 -0.000700979 -0.212281)
(0.000584827 -0.000658035 -0.203854)
(0.000885788 -0.000367758 -0.204365)
(-0.00073268 -0.000690115 -0.208184)
(-0.000425945 -0.000723564 -0.215139)
(0.000505415 -0.000682442 -0.206732)
(0.000910068 -0.000380877 -0.207082)
(-0.00066137 -0.000709274 -0.210917)
(-0.000444428 -0.000745234 -0.217913)
(0.00042452 -0.00070311 -0.209513)
(0.000935725 -0.000396217 -0.209721)
(-0.000593504 -0.000727681 -0.213577)
(-0.000461409 -0.00076512 -0.220608)
(0.000344463 -0.000725363 -0.212211)
(0.000965742 -0.000411736 -0.21229)
(-0.000528882 -0.000747631 -0.216176)
(-0.000475851 -0.000783715 -0.223224)
(0.000269377 -0.000752602 -0.21485)
(0.000999499 -0.000422593 -0.214791)
(-0.000464526 -0.000768977 -0.218718)
(-0.000490149 -0.000800244 -0.225763)
(0.000203139 -0.000780185 -0.217454)
(0.00103222 -0.000428645 -0.217229)
(-0.000404714 -0.000787129 -0.221232)
(-0.000509521 -0.000817037 -0.228243)
(0.00014613 -0.000799655 -0.22004)
(0.00105747 -0.000439596 -0.219655)
(-0.000355975 -0.000797764 -0.223749)
(-0.000535492 -0.000831624 -0.230696)
(0.000103811 -0.000807734 -0.222627)
(0.00107245 -0.00045906 -0.222124)
(-0.000306158 -0.000805243 -0.226192)
(-0.000562939 -0.000841102 -0.233125)
(6.1563e-05 -0.000826146 -0.225109)
(0.00108455 -0.000470641 -0.224594)
(-0.000246458 -0.000816458 -0.228505)
(-0.000584059 -0.000854108 -0.235539)
(1.63267e-05 -0.000850089 -0.227478)
(0.00109437 -0.00048125 -0.227025)
(-0.000178945 -0.000832673 -0.230719)
(-0.000597358 -0.000865814 -0.237958)
(-3.57474e-05 -0.000875393 -0.229756)
(0.00110595 -0.000482839 -0.2294)
(-0.000110173 -0.000849053 -0.232889)
(-0.000616217 -0.000881036 -0.240385)
(-9.13903e-05 -0.000896186 -0.231975)
(0.00111907 -0.000494696 -0.231784)
(-5.14418e-05 -0.000858809 -0.235092)
(-0.000648536 -0.000888855 -0.242738)
(-0.000136811 -0.000909446 -0.234205)
(0.00113071 -0.000510345 -0.234219)
(-9.7206e-06 -0.000864351 -0.237345)
(-0.000679978 -0.000890725 -0.245034)
(-0.000172394 -0.000925551 -0.236451)
(0.00114678 -0.000517342 -0.236707)
(1.19645e-05 -0.000861188 -0.239629)
(-0.000706371 -0.000897438 -0.247309)
(-0.000201041 -0.000941508 -0.238678)
(0.00118172 -0.00052131 -0.23915)
(3.41853e-05 -0.000870178 -0.24185)
(-0.000726126 -0.000910972 -0.249556)
(-0.000216937 -0.000962754 -0.240882)
(0.00123786 -0.000519277 -0.241536)
(5.82369e-05 -0.000880165 -0.244042)
(-0.000746298 -0.000922104 -0.251684)
(-0.000220323 -0.000978802 -0.243047)
(0.00129527 -0.000550739 -0.243944)
(7.69604e-05 -0.000887618 -0.246247)
(-0.000759325 -0.000919886 -0.25373)
(-0.000228025 -0.000991246 -0.245096)
(0.00133333 -0.000566515 -0.246173)
(9.62652e-05 -0.000884318 -0.248405)
(-0.000768881 -0.000914678 -0.255749)
(-0.000245003 -0.0010068 -0.247026)
(0.00135209 -0.000566246 -0.24819)
(0.000125233 -0.0008784 -0.250435)
(-0.000782028 -0.000921237 -0.257831)
(-0.000274819 -0.0010314 -0.248803)
(0.00136671 -0.00056341 -0.250086)
(0.000162009 -0.000886352 -0.252316)
(-0.000804418 -0.000933791 -0.259904)
(-0.000294937 -0.00105395 -0.250556)
(0.00138835 -0.000562153 -0.251939)
(0.000193054 -0.000894645 -0.254149)
(-0.000820357 -0.000924995 -0.261777)
(-0.000308926 -0.00107258 -0.252335)
(0.00142562 -0.000573408 -0.253782)
(0.000209204 -0.000892768 -0.256008)
(-0.000815017 -0.000921556 -0.263581)
(-0.000316166 -0.00109168 -0.254139)
(0.00146127 -0.000584732 -0.255649)
(0.00022768 -0.000886325 -0.257792)
(-0.00078899 -0.000941141 -0.265406)
(-0.000313487 -0.00109625 -0.255968)
(0.00148484 -0.000607794 -0.25757)
(0.000249115 -0.000880767 -0.259499)
(-0.000779124 -0.000945465 -0.267134)
(-0.00031697 -0.00110411 -0.257688)
(0.00150097 -0.000622249 -0.259376)
(0.000272477 -0.000880485 -0.261124)
(-0.000789765 -0.000931562 -0.268725)
(-0.000330766 -0.00113213 -0.259249)
(0.00151245 -0.0006142 -0.26104)
(0.000295013 -0.000882647 -0.262689)
(-0.000794781 -0.000933774 -0.270302)
(-0.000337922 -0.00116539 -0.260725)
(0.00151981 -0.000611297 -0.262631)
(0.000314407 -0.000878208 -0.26425)
(-0.00078161 -0.000939978 -0.271809)
(-0.000340604 -0.00118552 -0.262142)
(0.0015268 -0.000625477 -0.264158)
(0.000326688 -0.000870421 -0.265827)
(-0.00075647 -0.000938986 -0.273233)
(-0.00033828 -0.00118815 -0.263536)
(0.00153019 -0.000636616 -0.265652)
(0.000327615 -0.000865728 -0.267395)
(-0.000736786 -0.000936862 -0.274571)
(-0.000338398 -0.00120074 -0.264856)
(0.00152309 -0.000659081 -0.26714)
(0.000324891 -0.000865826 -0.268976)
(-0.000736367 -0.000933313 -0.275823)
(-0.000339793 -0.00123243 -0.266101)
(0.00151033 -0.000666315 -0.268491)
(0.000335118 -0.000870894 -0.270518)
(-0.000748338 -0.000933935 -0.277036)
(-0.000332375 -0.00126098 -0.267328)
(0.0015082 -0.000668318 -0.26971)
(0.000337299 -0.000866121 -0.27202)
(-0.000755712 -0.000936115 -0.278171)
(-0.000317841 -0.00127023 -0.268542)
(0.00151998 -0.000667816 -0.270896)
(0.000318991 -0.00083543 -0.273576)
(-0.000749919 -0.00094129 -0.279259)
(-0.000308156 -0.00128302 -0.26966)
(0.00153749 -0.000663851 -0.272056)
(0.000313412 -0.00082252 -0.274943)
(-0.000739958 -0.000931563 -0.280349)
(-0.000295903 -0.00130602 -0.270684)
(0.00154925 -0.00067872 -0.273309)
(0.000325199 -0.000836828 -0.276088)
(-0.000729429 -0.000926944 -0.281465)
(-0.000285252 -0.00133369 -0.271593)
(0.00155753 -0.000714832 -0.274591)
(0.000329291 -0.000845006 -0.277178)
(-0.000719937 -0.000938618 -0.282441)
(-0.00027991 -0.00134959 -0.272425)
(0.00155685 -0.000726076 -0.275709)
(0.000332028 -0.000831205 -0.278207)
(-0.000703726 -0.000934507 -0.283196)
(-0.000276499 -0.00136382 -0.273176)
(0.00155617 -0.0007115 -0.276586)
(0.000339066 -0.000813579 -0.279173)
(-0.000678993 -0.000921245 -0.283843)
(-0.000277297 -0.00138761 -0.273807)
(0.00154905 -0.000705999 -0.2774)
(0.000352315 -0.000806597 -0.28004)
(-0.00064511 -0.000923038 -0.284507)
(-0.000280665 -0.00141325 -0.274333)
(0.00152871 -0.000729582 -0.278256)
(0.000360959 -0.000804045 -0.28083)
(-0.000617067 -0.000927695 -0.285107)
(-0.000279623 -0.00143323 -0.274809)
(0.00149919 -0.000752282 -0.279029)
(0.000350144 -0.000808964 -0.281613)
(-0.0005975 -0.000918423 -0.285563)
(-0.000271766 -0.00144659 -0.275256)
(0.00147081 -0.000747929 -0.279641)
(0.000333861 -0.000798815 -0.28234)
(-0.00057581 -0.000910112 -0.285927)
(-0.00026246 -0.0014561 -0.275633)
(0.00144422 -0.000747759 -0.280167)
(0.000330076 -0.000773523 -0.282972)
(-0.0005475 -0.000919231 -0.286254)
(-0.000260001 -0.00147324 -0.275885)
(0.00141462 -0.000763474 -0.280661)
(0.000354566 -0.000769915 -0.28341)
(-0.000511892 -0.00091453 -0.286505)
(-0.000260701 -0.00149459 -0.276013)
(0.00138589 -0.000769881 -0.281023)
(0.000395007 -0.000768207 -0.283692)
(-0.000474565 -0.000898811 -0.286654)
(-0.000254754 -0.00150587 -0.276057)
(0.00135012 -0.000771838 -0.281273)
(0.000413909 -0.000761844 -0.283932)
(-0.000433824 -0.000900147 -0.28675)
(-0.000250038 -0.00152554 -0.27601)
(0.00131573 -0.000778221 -0.281404)
(0.000410661 -0.000749416 -0.284145)
(-0.000398879 -0.000901563 -0.28671)
(-0.000240233 -0.00154948 -0.275932)
(0.00128204 -0.000787843 -0.281462)
(0.000414994 -0.000735051 -0.284252)
(-0.000371047 -0.000897772 -0.28651)
(-0.000223126 -0.00155215 -0.275799)
(0.00125116 -0.000793607 -0.281422)
(0.000445197 -0.000712489 -0.284195)
(-0.000345568 -0.000894248 -0.286119)
(-0.000218245 -0.00152771 -0.275439)
(0.00122204 -0.000800139 -0.281272)
(0.000498946 -0.000702837 -0.284005)
(0.000104736 -6.53133e-07 -0.00468726)
(1.13967e-05 -4.27959e-07 -0.00401798)
(-9.36114e-05 -5.10721e-07 -0.0048221)
(-1.85205e-05 -6.12984e-07 -0.00451341)
(0.000290606 -2.65834e-06 -0.0141614)
(2.56494e-05 -2.39003e-06 -0.0122979)
(-0.000257677 -2.66647e-06 -0.0145589)
(-4.63849e-05 -3.57673e-06 -0.0137194)
(0.000446426 -8.11398e-06 -0.0237618)
(3.17509e-05 -6.70678e-06 -0.0208334)
(-0.000391892 -7.51039e-06 -0.0244197)
(-6.56777e-05 -9.96756e-06 -0.0231175)
(0.00058097 -1.4127e-05 -0.0334549)
(3.48887e-05 -1.20248e-05 -0.0295489)
(-0.000504953 -1.35491e-05 -0.0343613)
(-8.16889e-05 -1.81283e-05 -0.0326295)
(0.000701114 -2.19247e-05 -0.0431804)
(3.74479e-05 -1.87036e-05 -0.0383707)
(-0.000603636 -2.10943e-05 -0.044319)
(-9.69483e-05 -2.83193e-05 -0.0421776)
(0.000807021 -3.04278e-05 -0.0528617)
(3.88719e-05 -2.59271e-05 -0.0472269)
(-0.000688018 -2.93773e-05 -0.0542112)
(-0.000111045 -3.96636e-05 -0.0516857)
(0.000898929 -3.93102e-05 -0.06242)
(3.86192e-05 -3.33164e-05 -0.0560397)
(-0.000758317 -3.80229e-05 -0.0639556)
(-0.000123545 -5.17366e-05 -0.0610781)
(0.000977161 -4.8257e-05 -0.0717745)
(3.627e-05 -4.06012e-05 -0.0647265)
(-0.000814912 -4.6761e-05 -0.0734705)
(-0.000134055 -6.42242e-05 -0.0702785)
(0.00104222 -5.70403e-05 -0.0808441)
(3.1564e-05 -4.758e-05 -0.0732025)
(-0.00085839 -5.53993e-05 -0.0826757)
(-0.000142269 -7.68904e-05 -0.079212)
(0.00109483 -6.54271e-05 -0.0895556)
(2.44159e-05 -5.4077e-05 -0.0813895)
(-0.000889576 -6.37151e-05 -0.0914999)
(-0.000147998 -8.95363e-05 -0.0878101)
(0.0011359 -7.32998e-05 -0.0978581)
(1.48938e-05 -5.99844e-05 -0.0892282)
(-0.000909585 -7.15773e-05 -0.0998938)
(-0.000151139 -0.000101965 -0.0960223)
(0.00116661 -8.06559e-05 -0.105731)
(3.06456e-06 -6.52172e-05 -0.0966871)
(-0.000919871 -7.90367e-05 -0.107838)
(-0.000151638 -0.000113978 -0.103823)
(0.00118843 -8.74532e-05 -0.113179)
(-1.10456e-05 -6.96177e-05 -0.103763)
(-0.000921978 -8.60744e-05 -0.115341)
(-0.000149618 -0.000125444 -0.111218)
(0.00120285 -9.34599e-05 -0.120224)
(-2.72209e-05 -7.30365e-05 -0.110476)
(-0.000917431 -9.24907e-05 -0.122433)
(-0.000145426 -0.000136289 -0.118229)
(0.00121117 -9.8448e-05 -0.126895)
(-4.49977e-05 -7.54065e-05 -0.116856)
(-0.000907589 -9.80561e-05 -0.12915)
(-0.000139472 -0.000146428 -0.124888)
(0.00121439 -0.000102361 -0.133224)
(-6.3872e-05 -7.6725e-05 -0.122934)
(-0.000893285 -0.000102717 -0.135525)
(-0.000132013 -0.00015573 -0.131226)
(0.00121324 -0.000105213 -0.139237)
(-8.35364e-05 -7.69291e-05 -0.128739)
(-0.000875052 -0.000106518 -0.141587)
(-0.000123086 -0.000164069 -0.137268)
(0.00120838 -0.000106981 -0.14496)
(-0.000103905 -7.58954e-05 -0.134293)
(-0.000853415 -0.000109424 -0.14736)
(-0.000112694 -0.000171366 -0.143034)
(0.00120039 -0.000107595 -0.150413)
(-0.000124938 -7.35476e-05 -0.139617)
(-0.000828882 -0.000111371 -0.152867)
(-0.000100933 -0.000177588 -0.148544)
(0.00118975 -0.000107045 -0.155615)
(-0.000146528 -6.98636e-05 -0.144728)
(-0.00080192 -0.000112333 -0.158127)
(-8.79512e-05 -0.00018269 -0.153817)
(0.00117687 -0.000105338 -0.160582)
(-0.00016852 -6.48513e-05 -0.149642)
(-0.00077291 -0.000112332 -0.163159)
(-7.39405e-05 -0.000186617 -0.158868)
(0.00116207 -0.000102354 -0.165328)
(-0.000190739 -5.8519e-05 -0.154371)
(-0.000742188 -0.000111404 -0.167976)
(-5.91849e-05 -0.000189434 -0.16371)
(0.00114566 -9.82124e-05 -0.16987)
(-0.000213067 -5.09194e-05 -0.158926)
(-0.000710048 -0.000109569 -0.172594)
(-4.40203e-05 -0.000191139 -0.168353)
(0.00112802 -9.29744e-05 -0.174224)
(-0.000235433 -4.2076e-05 -0.163315)
(-0.0006767 -0.000106832 -0.177023)
(-2.87453e-05 -0.000191774 -0.172806)
(0.00110969 -8.65211e-05 -0.178409)
(-0.000257719 -3.21548e-05 -0.167548)
(-0.000642403 -0.000103295 -0.181273)
(-1.35195e-05 -0.000191559 -0.17708)
(0.00109106 -7.90458e-05 -0.182441)
(-0.00027977 -2.12187e-05 -0.171635)
(-0.000607492 -9.91019e-05 -0.185356)
(1.67055e-06 -0.000190422 -0.181189)
(0.00107199 -7.07663e-05 -0.186327)
(-0.000301485 -9.31152e-06 -0.175588)
(-0.000572349 -9.4237e-05 -0.189288)
(1.69953e-05 -0.000188313 -0.185143)
(0.00105172 -6.14917e-05 -0.190072)
(-0.000322712 3.47831e-06 -0.179417)
(-0.000537159 -8.85206e-05 -0.193083)
(3.26209e-05 -0.000185276 -0.188955)
(0.00102983 -5.11688e-05 -0.193687)
(-0.000343209 1.72709e-05 -0.183132)
(-0.000501522 -8.21581e-05 -0.19675)
(4.84286e-05 -0.000181552 -0.192629)
(0.0010064 -3.99976e-05 -0.19718)
(-0.000362804 3.21632e-05 -0.186736)
(-0.000465121 -7.57243e-05 -0.200298)
(6.4057e-05 -0.000177267 -0.196167)
(0.000981282 -2.78354e-05 -0.200558)
(-0.000381622 4.78427e-05 -0.190228)
(-0.000427549 -6.91249e-05 -0.203736)
(7.88589e-05 -0.000171869 -0.199576)
(0.000954275 -1.48591e-05 -0.203819)
(-0.000400156 6.37118e-05 -0.193608)
(-0.000387966 -6.14305e-05 -0.20708)
(9.18314e-05 -0.000165458 -0.202861)
(0.000925599 -1.52156e-06 -0.206979)
(-0.000418701 7.92844e-05 -0.196883)
(-0.000346061 -5.23249e-05 -0.210339)
(0.000102018 -0.000159203 -0.206029)
(0.000895946 1.19025e-05 -0.210064)
(-0.000437236 9.53061e-05 -0.200067)
(-0.000302447 -4.28217e-05 -0.213517)
(0.000109705 -0.000153659 -0.209092)
(0.000868259 2.65645e-05 -0.213066)
(-0.000455445 0.00011293 -0.203172)
(-0.000258952 -3.38544e-05 -0.216599)
(0.000116357 -0.000147339 -0.212067)
(0.000844954 4.27024e-05 -0.215971)
(-0.000471737 0.000131466 -0.206191)
(-0.000216731 -2.68093e-05 -0.219571)
(0.000123863 -0.000138567 -0.214969)
(0.000825268 5.92586e-05 -0.218809)
(-0.000484605 0.000149346 -0.20912)
(-0.000177366 -1.90473e-05 -0.222419)
(0.000132245 -0.000128878 -0.217787)
(0.000806334 7.4174e-05 -0.221618)
(-0.000494563 0.000165697 -0.211974)
(-0.000142724 -8.12474e-06 -0.22514)
(0.000139715 -0.000120937 -0.220508)
(0.000784398 8.92834e-05 -0.224377)
(-0.000504055 0.000182727 -0.214772)
(-0.000112212 4.67132e-06 -0.22776)
(0.00014613 -0.000114152 -0.223136)
(0.000757839 0.000107057 -0.227031)
(-0.000514344 0.000201733 -0.217506)
(-8.036e-05 1.52052e-05 -0.230299)
(0.000149971 -0.00010715 -0.22568)
(0.000726164 0.000124308 -0.229565)
(-0.00052358 0.000221536 -0.22014)
(-4.08331e-05 2.02529e-05 -0.232774)
(0.000150365 -9.82575e-05 -0.228122)
(0.000690251 0.000139624 -0.231988)
(-0.000530266 0.0002374 -0.222657)
(1.9632e-06 2.69087e-05 -0.235186)
(0.000148454 -8.89099e-05 -0.230457)
(0.000649706 0.000154189 -0.234315)
(-0.00053482 0.000251848 -0.225094)
(4.15485e-05 3.53398e-05 -0.237546)
(0.000144915 -7.99399e-05 -0.232704)
(0.000607068 0.000169173 -0.236562)
(-0.000537076 0.000267618 -0.22749)
(7.51493e-05 4.83681e-05 -0.239855)
(0.000140044 -7.31374e-05 -0.234874)
(0.000568637 0.000187268 -0.23871)
(-0.000538659 0.000285167 -0.229848)
(0.000105942 5.50708e-05 -0.242111)
(0.000134879 -6.83555e-05 -0.236974)
(0.000535313 0.000201221 -0.240807)
(-0.000541798 0.000302601 -0.232115)
(0.000136806 5.75165e-05 -0.2443)
(0.00012846 -6.34984e-05 -0.239024)
(0.000504334 0.000207057 -0.242904)
(-0.000544471 0.000317789 -0.234277)
(0.000167128 6.16065e-05 -0.246414)
(0.000121451 -5.55766e-05 -0.241032)
(0.000469767 0.000213146 -0.244953)
(-0.00054352 0.000329927 -0.236353)
(0.000197651 6.8127e-05 -0.248421)
(0.000114569 -4.65799e-05 -0.242982)
(0.000437338 0.00022956 -0.246887)
(-0.000539492 0.000338753 -0.23837)
(0.000228493 7.44473e-05 -0.250328)
(0.000105457 -3.96649e-05 -0.244851)
(0.000408404 0.000247354 -0.248745)
(-0.000535432 0.000347058 -0.240367)
(0.000258199 7.95553e-05 -0.252158)
(9.19929e-05 -3.45308e-05 -0.246645)
(0.000381507 0.000258444 -0.250574)
(-0.000530612 0.000358473 -0.242381)
(0.00028425 8.13228e-05 -0.253956)
(7.1822e-05 -3.12207e-05 -0.248374)
(0.000355157 0.000260933 -0.252361)
(-0.000522659 0.000371711 -0.244402)
(0.000306331 8.3712e-05 -0.255718)
(4.73875e-05 -2.52862e-05 -0.250064)
(0.000330963 0.000265979 -0.254095)
(-0.000514645 0.000382555 -0.246342)
(0.000326629 8.51184e-05 -0.257428)
(2.50104e-05 -1.85018e-05 -0.251729)
(0.000310912 0.000279305 -0.255816)
(-0.000507451 0.000390016 -0.248204)
(0.000346834 8.68699e-05 -0.259094)
(7.42895e-06 -1.54816e-05 -0.253366)
(0.000298682 0.000291113 -0.257531)
(-0.00049693 0.000394335 -0.250012)
(0.000365554 9.10997e-05 -0.260716)
(-9.6268e-06 -1.27931e-05 -0.254967)
(0.000282568 0.000297673 -0.259172)
(-0.000483901 0.00040084 -0.25178)
(0.000378329 9.2774e-05 -0.262285)
(-2.6117e-05 -7.34936e-06 -0.256483)
(0.000260174 0.000302089 -0.260712)
(-0.000471934 0.000410993 -0.253536)
(0.000386787 8.96218e-05 -0.263846)
(-3.9274e-05 -2.81981e-06 -0.25795)
(0.000235173 0.000303592 -0.262213)
(-0.000460765 0.000421616 -0.255274)
(0.000393613 8.74224e-05 -0.265388)
(-5.01535e-05 8.05626e-07 -0.259403)
(0.00021497 0.000308623 -0.263694)
(-0.000455316 0.000424307 -0.256971)
(0.000397541 9.07547e-05 -0.266894)
(-6.29274e-05 4.3477e-06 -0.26082)
(0.000202791 0.000313949 -0.26517)
(-0.000450571 0.000425404 -0.258615)
(0.000399971 8.99094e-05 -0.268348)
(-8.24304e-05 7.20816e-06 -0.262141)
(0.000193847 0.000320979 -0.266588)
(-0.000439165 0.000428591 -0.260199)
(0.000401537 8.9273e-05 -0.269735)
(-0.000105712 1.00084e-05 -0.263349)
(0.000184676 0.000327868 -0.267955)
(-0.00041839 0.000432434 -0.261717)
(0.000403509 9.33994e-05 -0.271074)
(-0.000128856 1.35825e-05 -0.264501)
(0.000175598 0.000331123 -0.269273)
(-0.000397603 0.000433757 -0.263195)
(0.0004032 9.45598e-05 -0.272395)
(-0.000151453 1.4962e-05 -0.265666)
(0.000164299 0.000330276 -0.270543)
(-0.000382453 0.000435268 -0.26466)
(0.000396695 8.59973e-05 -0.273702)
(-0.000171706 1.59314e-05 -0.266874)
(0.000154358 0.000333104 -0.271729)
(-0.000368866 0.000437747 -0.266099)
(0.000388245 8.40456e-05 -0.274952)
(-0.000190141 2.11877e-05 -0.268063)
(0.000145068 0.000338069 -0.272868)
(-0.000351911 0.000437793 -0.267489)
(0.0003813 8.79654e-05 -0.276125)
(-0.000207372 2.44634e-05 -0.26915)
(0.000133457 0.000342787 -0.274015)
(-0.00033242 0.000435595 -0.268851)
(0.000372535 8.86334e-05 -0.277239)
(-0.00022433 2.57706e-05 -0.270115)
(0.000122103 0.000340468 -0.275184)
(-0.000314843 0.000436975 -0.270182)
(0.000360383 8.566e-05 -0.278286)
(-0.000241615 2.72441e-05 -0.270991)
(0.000115929 0.000336588 -0.276319)
(-0.00029779 0.00043858 -0.271473)
(0.000346189 8.56658e-05 -0.279226)
(-0.000261278 2.91572e-05 -0.271808)
(0.0001168 0.000338516 -0.277354)
(-0.000276597 0.000439524 -0.272713)
(0.000333755 8.37996e-05 -0.280085)
(-0.000280783 2.87889e-05 -0.272598)
(0.000128429 0.000344832 -0.27825)
(-0.000252874 0.000440957 -0.273912)
(0.000321964 8.39588e-05 -0.280857)
(-0.000294565 2.81183e-05 -0.27332)
(0.000138546 0.000347694 -0.279032)
(-0.000232526 0.000442157 -0.275055)
(0.000310531 8.63629e-05 -0.281528)
(-0.000305564 3.045e-05 -0.27394)
(0.000139418 0.000345297 -0.279755)
(-0.00022262 0.000444923 -0.276106)
(0.000300024 8.76912e-05 -0.282104)
(-0.000318977 3.51327e-05 -0.274435)
(0.000136987 0.000345222 -0.280386)
(-0.000217186 0.000446484 -0.277028)
(0.000288199 8.79785e-05 -0.282593)
(-0.000336572 3.70248e-05 -0.274793)
(0.000130381 0.000344055 -0.280907)
(-0.000210611 0.000445094 -0.277817)
(0.000274801 8.70411e-05 -0.282977)
(-0.000356713 3.03881e-05 -0.275002)
(0.000118093 0.000343608 -0.281293)
(-0.000201385 0.000446161 -0.278498)
(0.000260648 8.95824e-05 -0.283248)
(-0.000370981 2.53937e-05 -0.275092)
(0.000106259 0.000344675 -0.281535)
(-0.000189843 0.000449768 -0.279069)
(0.000250799 9.64749e-05 -0.283415)
(-0.000373969 2.68691e-05 -0.275082)
(9.70217e-05 0.000340982 -0.281619)
(-0.000179605 0.000450871 -0.279505)
(0.000254403 9.7367e-05 -0.283487)
(-0.000366044 3.2776e-05 -0.274898)
(9.84434e-05 0.000337296 -0.281484)
(-0.000174114 0.000451641 -0.279815)
(0.000277975 8.61751e-05 -0.283429)
(-0.000354058 3.61615e-05 -0.274499)
)
;

boundaryField
{
    leftWall
    {
        type            calculated;
        value           uniform (0 0 0);
    }
    rightWall
    {
        type            calculated;
        value           nonuniform 0();
    }
    leftSides_periodic0
    {
        type            cyclic;
    }
    leftSides_periodic1
    {
        type            cyclic;
    }
    rightSides_periodic0
    {
        type            cyclic;
    }
    rightSides_periodic1
    {
        type            cyclic;
    }
    leftInOut_periodic0
    {
        type            cyclic;
    }
    leftInOut_periodic1
    {
        type            cyclic;
    }
    rightInOut_periodic0
    {
        type            cyclic;
    }
    rightInOut_periodic1
    {
        type            cyclic;
    }
    procBoundary0to1
    {
        type            processor;
        value           nonuniform List<vector> 
11
(
(-0.000320698 -0.000877868 -0.285497)
(-0.000260451 -0.0015312 -0.274544)
(0.00119769 -0.000794415 -0.280917)
(-0.000320698 -0.000877868 -0.285497)
(0.00053309 -0.000706739 -0.283673)
(-0.000320698 -0.000877868 -0.285497)
(-0.000260451 -0.0015312 -0.274544)
(0.000109845 0.000346749 -0.281099)
(-0.000171885 0.000454422 -0.279988)
(0.000288208 8.75371e-05 -0.283115)
(-0.000345064 2.44061e-05 -0.27385)
)
;
    }
    procBoundary0to1throughleftInOut_periodic1
    {
        type            processorCyclic;
        value           uniform (-0.000260451 -0.0015312 -0.274544);
    }
    procBoundary0to2
    {
        type            processor;
        value           nonuniform List<vector> 
316
(
(5.71755e-05 -1.52878e-06 -0.00522652)
(-1.69878e-05 1.0926e-06 -0.00519388)
(-4.27457e-05 -1.54808e-06 -0.00570501)
(1.0023e-05 9.06945e-07 -0.00532522)
(0.00014735 2.22503e-06 -0.0157846)
(-5.59821e-05 7.60966e-06 -0.0157105)
(-0.000104773 2.10244e-06 -0.0171662)
(3.50952e-05 6.40298e-06 -0.01606)
(0.000211682 5.13245e-06 -0.0264912)
(-0.00010232 1.95046e-05 -0.0264085)
(-0.000141432 4.29332e-06 -0.0287244)
(6.73597e-05 1.6365e-05 -0.0269261)
(0.000263271 1.35171e-05 -0.0372957)
(-0.000152308 3.52746e-05 -0.0372325)
(-0.000165772 1.18242e-05 -0.0403229)
(0.000103207 2.9417e-05 -0.0378731)
(0.000309195 2.34589e-05 -0.0481238)
(-0.000203328 5.39739e-05 -0.0480979)
(-0.000184923 2.03372e-05 -0.0518814)
(0.000140095 4.47707e-05 -0.0488185)
(0.000349195 3.57161e-05 -0.0588824)
(-0.00025493 7.53539e-05 -0.058907)
(-0.000198711 3.07632e-05 -0.0633021)
(0.000177653 6.21797e-05 -0.0596642)
(0.000383112 4.9878e-05 -0.0694744)
(-0.000306498 9.91186e-05 -0.0695601)
(-0.000207094 4.2648e-05 -0.0744873)
(0.000215368 8.13989e-05 -0.0703154)
(0.00041095 6.57186e-05 -0.079805)
(-0.000357285 0.0001249 -0.0799617)
(-0.000210208 5.5768e-05 -0.0853454)
(0.000252629 0.000102087 -0.0806851)
(0.000432774 8.29764e-05 -0.0897887)
(-0.000406479 0.000152494 -0.0900269)
(-0.000208271 6.98361e-05 -0.0957955)
(0.000288779 0.000124101 -0.0906985)
(0.000448654 0.000101388 -0.0993586)
(-0.000453356 0.000181692 -0.0996895)
(-0.000201425 8.46254e-05 -0.105777)
(0.000323229 0.000147364 -0.100298)
(0.000458962 0.000120863 -0.108475)
(-0.00049712 0.000212074 -0.10891)
(-0.000190066 0.000100156 -0.115254)
(0.000355556 0.00017153 -0.109449)
(0.00046485 0.000141407 -0.117123)
(-0.000537 0.000243264 -0.117677)
(-0.000175379 0.000116339 -0.124221)
(0.000385353 0.000196172 -0.118141)
(0.000467929 0.000162825 -0.125314)
(-0.000572613 0.000275322 -0.126)
(-0.000159065 0.000132917 -0.132694)
(0.000412256 0.000221338 -0.126385)
(0.00046963 0.000184863 -0.133069)
(-0.000603784 0.000308463 -0.133903)
(-0.000142625 0.000149762 -0.140703)
(0.000435924 0.000247375 -0.1342)
(0.000470833 0.00020738 -0.140411)
(-0.000630542 0.000342518 -0.141403)
(-0.000126899 0.00016683 -0.14827)
(0.000455913 0.000274195 -0.141606)
(0.000471817 0.000230431 -0.147359)
(-0.000653105 0.000377109 -0.148519)
(-0.000112165 0.000184182 -0.155418)
(0.000472037 0.00030135 -0.148622)
(0.000472877 0.000254021 -0.15393)
(-0.000671698 0.000412086 -0.155266)
(-9.86787e-05 0.000201695 -0.162164)
(0.000484358 0.000328664 -0.155263)
(0.000474464 0.000277905 -0.160133)
(-0.000686477 0.000447363 -0.161659)
(-8.6809e-05 0.000219122 -0.168524)
(0.000492899 0.000356115 -0.161541)
(0.00047698 0.000302 -0.165981)
(-0.000697383 0.000482686 -0.167709)
(-7.68781e-05 0.000236419 -0.174516)
(0.000497628 0.000383506 -0.167471)
(0.000480913 0.000325998 -0.171489)
(-0.000704214 0.000518061 -0.17343)
(-6.90462e-05 0.000253821 -0.18016)
(0.000498565 0.000410596 -0.173066)
(0.000486478 0.000349145 -0.176676)
(-0.000706544 0.00055375 -0.178838)
(-6.35355e-05 0.000271012 -0.185478)
(0.000496011 0.000437516 -0.178343)
(0.000493828 0.000372125 -0.181569)
(-0.000703833 0.000589304 -0.183951)
(-6.07371e-05 0.000287534 -0.190487)
(0.000490253 0.000464269 -0.183324)
(0.000502681 0.000395993 -0.186198)
(-0.000695652 0.000623958 -0.18879)
(-6.06555e-05 0.000303264 -0.195206)
(0.000481231 0.000490329 -0.188026)
(0.000511036 0.00042049 -0.19059)
(-0.000682533 0.000657312 -0.193373)
(-6.25102e-05 0.000319006 -0.199653)
(0.000468353 0.000515005 -0.19246)
(0.000516264 0.000443472 -0.194756)
(-0.000666499 0.000691032 -0.197705)
(-6.56488e-05 0.000334549 -0.203842)
(0.000450645 0.000539094 -0.196632)
(0.000518738 0.000463436 -0.198702)
(-0.000649152 0.000726335 -0.201792)
(-7.00683e-05 0.00034894 -0.207787)
(0.000428813 0.000564322 -0.200561)
(0.000523765 0.000481702 -0.202435)
(-0.000630303 0.000759968 -0.205658)
(-7.44395e-05 0.000362874 -0.211515)
(0.000405688 0.000589786 -0.204287)
(0.000535494 0.000500629 -0.205986)
(-0.000607769 0.0007905 -0.209341)
(-7.6639e-05 0.000377108 -0.215076)
(0.000384058 0.000611903 -0.207856)
(0.000552937 0.0005238 -0.209383)
(-0.000581179 0.000818922 -0.212871)
(-7.418e-05 0.000391288 -0.218517)
(0.000365013 0.000629403 -0.211282)
(0.000571348 0.000546865 -0.212612)
(-0.000554395 0.000849789 -0.216245)
(-6.84385e-05 0.000402714 -0.221854)
(0.000346545 0.000646793 -0.214532)
(0.0005862 0.000564203 -0.215656)
(-0.000532474 0.000883483 -0.219447)
(-6.37401e-05 0.000412089 -0.225066)
(0.000326079 0.000667248 -0.21759)
(0.000594013 0.000574719 -0.218561)
(-0.000515571 0.000913361 -0.222496)
(-6.09129e-05 0.000421369 -0.228105)
(0.000303859 0.000691161 -0.22048)
(0.000596672 0.000585112 -0.221415)
(-0.00049873 0.000938901 -0.22541)
(-6.15578e-05 0.000431564 -0.23099)
(0.000275181 0.00070972 -0.223253)
(0.00059677 0.000604957 -0.224244)
(-0.000478349 0.000963282 -0.228211)
(-6.29654e-05 0.000441526 -0.233797)
(0.000238363 0.000723998 -0.225931)
(0.000596087 0.000626446 -0.226994)
(-0.000455675 0.000991001 -0.230899)
(-5.99794e-05 0.000451491 -0.236539)
(0.000200986 0.000739045 -0.228486)
(0.000599111 0.000640125 -0.229587)
(-0.000430511 0.00101594 -0.233474)
(-5.13782e-05 0.000460648 -0.239167)
(0.000166445 0.000752939 -0.23091)
(0.000607554 0.000644906 -0.232019)
(-0.00040385 0.00103889 -0.235923)
(-4.84333e-05 0.00047 -0.241639)
(0.000134594 0.000767273 -0.233245)
(0.000620404 0.000652781 -0.234345)
(-0.000373332 0.00106542 -0.238225)
(-4.977e-05 0.00047248 -0.24395)
(0.000102619 0.000779824 -0.235541)
(0.000631157 0.000667017 -0.236598)
(-0.000337472 0.00109103 -0.240439)
(-5.24638e-05 0.000470925 -0.246139)
(6.99177e-05 0.000796657 -0.237692)
(0.000636921 0.000677627 -0.23875)
(-0.000296293 0.00111383 -0.242605)
(-5.13654e-05 0.00047678 -0.248259)
(3.28656e-05 0.00080985 -0.239694)
(0.000646467 0.000684385 -0.240797)
(-0.00025195 0.00113247 -0.244706)
(-4.63621e-05 0.00048937 -0.250314)
(-5.07184e-06 0.00081533 -0.24158)
(0.000663932 0.000686693 -0.24275)
(-0.000212916 0.00115198 -0.246703)
(-4.04494e-05 0.000495882 -0.252282)
(-3.80143e-05 0.000826036 -0.243352)
(0.000681453 0.000694166 -0.244639)
(-0.000176221 0.00117248 -0.2486)
(-3.51921e-05 0.000494743 -0.254143)
(-6.63883e-05 0.000842033 -0.245058)
(0.000693124 0.000699803 -0.246476)
(-0.000144176 0.0011902 -0.250418)
(-3.80051e-05 0.000493622 -0.255902)
(-9.43872e-05 0.000855363 -0.246756)
(0.000699528 0.000702549 -0.248245)
(-0.000112053 0.00120947 -0.252132)
(-4.4022e-05 0.000502006 -0.257604)
(-0.000120513 0.000855994 -0.248488)
(0.000704392 0.000710052 -0.249939)
(-7.89431e-05 0.00122978 -0.253748)
(-4.94673e-05 0.000509202 -0.259246)
(-0.000140271 0.000857072 -0.250155)
(0.000716616 0.000712018 -0.251513)
(-4.49494e-05 0.00125086 -0.255323)
(-5.3671e-05 0.000507221 -0.26081)
(-0.000163277 0.000868615 -0.251663)
(0.000730339 0.000714925 -0.253016)
(-1.31228e-05 0.00126685 -0.256912)
(-5.73633e-05 0.000506805 -0.262346)
(-0.000189911 0.000881636 -0.253071)
(0.00073671 0.000715135 -0.254531)
(1.38456e-05 0.00128014 -0.258506)
(-6.01968e-05 0.000511508 -0.26385)
(-0.000215206 0.000891771 -0.254452)
(0.00073202 0.000710141 -0.256104)
(3.60022e-05 0.00129632 -0.259981)
(-6.30654e-05 0.000515442 -0.265324)
(-0.000234947 0.000894532 -0.255855)
(0.000730771 0.000715372 -0.257674)
(5.77979e-05 0.00131553 -0.261353)
(-6.67884e-05 0.000519204 -0.266753)
(-0.000250148 0.000893603 -0.25729)
(0.00073606 0.000721397 -0.259161)
(8.3284e-05 0.00133609 -0.262701)
(-6.76893e-05 0.000523974 -0.268151)
(-0.00026599 0.000900712 -0.25867)
(0.000745684 0.000722409 -0.260586)
(0.000114878 0.00135175 -0.264062)
(-6.7415e-05 0.000523141 -0.269491)
(-0.000281443 0.000915453 -0.259975)
(0.000756743 0.000712476 -0.261972)
(0.000151478 0.0013646 -0.265395)
(-6.8065e-05 0.000518629 -0.270751)
(-0.000294735 0.000925314 -0.26125)
(0.000772228 0.000709075 -0.263322)
(0.000186757 0.00137754 -0.266697)
(-6.79332e-05 0.000516702 -0.271958)
(-0.000305387 0.000920858 -0.262526)
(0.000788979 0.000716751 -0.264685)
(0.000214275 0.00138944 -0.26799)
(-6.26312e-05 0.000531023 -0.273209)
(-0.000314647 0.000915918 -0.263768)
(0.000803517 0.000719338 -0.266047)
(0.000227697 0.00140955 -0.269243)
(-5.5001e-05 0.0005487 -0.274477)
(-0.000316871 0.000922834 -0.264925)
(0.00081403 0.000713381 -0.267339)
(0.000232111 0.00143006 -0.270514)
(-5.45609e-05 0.000540063 -0.275582)
(-0.000316347 0.000938855 -0.266007)
(0.000820057 0.000713306 -0.268585)
(0.000242084 0.00144359 -0.27173)
(-6.0123e-05 0.000531975 -0.276633)
(-0.000318799 0.000944176 -0.267058)
(0.000823598 0.00071005 -0.26974)
(0.000258569 0.00145239 -0.27287)
(-6.66119e-05 0.000540144 -0.277756)
(-0.000326431 0.000943516 -0.268115)
(0.000825382 0.000701555 -0.270824)
(0.000275723 0.00146844 -0.273926)
(-6.21885e-05 0.000547858 -0.278869)
(-0.000334706 0.00095039 -0.269115)
(0.000830981 0.000701584 -0.27185)
(0.000290656 0.00149059 -0.274965)
(-5.96337e-05 0.000548574 -0.279859)
(-0.000344732 0.000953725 -0.270035)
(0.000841275 0.00069538 -0.272825)
(0.000303923 0.00150688 -0.276014)
(-6.33378e-05 0.000552215 -0.280727)
(-0.000350447 0.000956777 -0.270938)
(0.000853967 0.000690352 -0.273839)
(0.000316987 0.0015205 -0.277009)
(-6.67188e-05 0.000557716 -0.28153)
(-0.000342398 0.000962165 -0.271795)
(0.000865671 0.000700713 -0.274935)
(0.000327303 0.00153479 -0.277997)
(-6.15407e-05 0.000559671 -0.282279)
(-0.000330013 0.000964017 -0.272585)
(0.000874459 0.000696434 -0.275897)
(0.000332061 0.00155075 -0.278957)
(-4.77054e-05 0.000561291 -0.283003)
(-0.000327093 0.000962615 -0.273243)
(0.00087612 0.000688901 -0.276772)
(0.000334301 0.00157046 -0.279932)
(-2.74064e-05 0.000560869 -0.283728)
(-0.000328556 0.000966975 -0.273755)
(0.000870474 0.000687429 -0.277636)
(0.000343366 0.00158506 -0.280834)
(-1.52283e-05 0.000567252 -0.284365)
(-0.000329388 0.000978452 -0.274191)
(0.00086232 0.000677395 -0.27847)
(0.000358208 0.00159811 -0.28171)
(-8.45232e-06 0.000573785 -0.284901)
(-0.000325167 0.000977419 -0.274667)
(0.000856846 0.000673299 -0.279283)
(0.000375456 0.00161477 -0.282611)
(-2.81708e-06 0.000572331 -0.285316)
(-0.000319511 0.000969096 -0.27509)
(0.000854226 0.000678143 -0.279993)
(0.000391132 0.00162481 -0.28335)
(8.24742e-06 0.000576264 -0.285695)
(-0.000313291 0.000967252 -0.275365)
(0.000854816 0.000676677 -0.280528)
(0.000401256 0.00164668 -0.283849)
(3.2701e-05 0.000586052 -0.286064)
(-0.000312304 0.000968461 -0.275489)
(0.000849981 0.000664162 -0.28091)
(0.000412861 0.00166114 -0.284268)
(6.10784e-05 0.000591054 -0.286314)
(-0.000306643 0.000973927 -0.275516)
(0.000837528 0.000658093 -0.281201)
(0.000431571 0.00166914 -0.284649)
(8.54658e-05 0.000580354 -0.2864)
(-0.000297082 0.000969977 -0.275449)
(0.000819874 0.00065418 -0.281451)
(0.000449606 0.00167776 -0.284945)
(0.000103932 0.000582894 -0.286435)
(-0.000288307 0.000962892 -0.275343)
(0.000799944 0.000648649 -0.281617)
(0.000462831 0.00169369 -0.285116)
(0.00012334 0.000596382 -0.286424)
(-0.000285381 0.000959045 -0.275163)
(0.000773246 0.000639189 -0.281666)
(0.000473754 0.00170827 -0.285178)
(0.000144875 0.000600945 -0.286265)
(-0.00028134 0.000953942 -0.274856)
(0.00073951 0.000632814 -0.281555)
(0.000484046 0.00170756 -0.285115)
(0.000170018 0.000603897 -0.285906)
(-0.00027251 0.000938413 -0.274341)
(0.000703442 0.000639671 -0.281302)
(0.000494226 0.00169894 -0.284857)
(0.00019261 0.000621689 -0.285312)
(-0.000263276 0.000929065 -0.2735)
)
;
    }
    procBoundary0to2throughleftSides_periodic0
    {
        type            processorCyclic;
        value           nonuniform List<vector> 
314
(
(0.000218362 -2.76106e-07 -0.00747101)
(0.000577012 4.22156e-06 -0.0216207)
(0.000847011 9.63283e-06 -0.0351444)
(0.00106503 1.82643e-05 -0.0480351)
(0.00125652 2.76492e-05 -0.0603109)
(0.00142257 3.79664e-05 -0.0719873)
(0.0015644 4.89125e-05 -0.083078)
(0.00168319 6.01729e-05 -0.0935909)
(0.00178016 7.15245e-05 -0.103526)
(0.00185669 8.27601e-05 -0.112879)
(0.00191461 9.369e-05 -0.121649)
(0.00195622 0.000104262 -0.129844)
(0.00198384 0.000114349 -0.137489)
(0.00199927 0.000123768 -0.144619)
(0.00200384 0.00013239 -0.151271)
(0.00199869 0.000140148 -0.157477)
(0.00198502 0.000147024 -0.163263)
(0.001964 0.000152972 -0.168653)
(0.00193671 0.00015793 -0.173669)
(0.00190417 0.00016183 -0.178336)
(0.00186745 0.00016461 -0.18268)
(0.0018276 0.000166229 -0.186729)
(0.00178564 0.000166806 -0.190507)
(0.0017425 0.000166439 -0.194044)
(0.00169884 0.000165152 -0.197368)
(0.00165496 0.000162963 -0.200505)
(0.00161084 0.000159863 -0.203481)
(0.00156639 0.000155884 -0.206313)
(0.00152164 0.000151053 -0.209018)
(0.00147668 0.000145396 -0.211611)
(0.00143167 0.000139008 -0.214104)
(0.00138673 0.000131976 -0.216506)
(0.00134187 0.000124269 -0.218827)
(0.00129704 0.000115829 -0.221076)
(0.00125223 0.000106608 -0.22326)
(0.00120752 9.66182e-05 -0.225387)
(0.00116296 8.62604e-05 -0.227463)
(0.00111854 7.58949e-05 -0.229495)
(0.00107445 6.50322e-05 -0.231489)
(0.0010316 5.36602e-05 -0.233457)
(0.000990695 4.25974e-05 -0.235403)
(0.00095142 3.30211e-05 -0.237317)
(0.00091275 2.37427e-05 -0.239199)
(0.000874725 1.31843e-05 -0.241055)
(0.000838462 3.79331e-06 -0.242888)
(0.00080457 -4.16755e-06 -0.244697)
(0.00077255 -1.16283e-05 -0.246484)
(0.000741769 -1.88821e-05 -0.248251)
(0.000711207 -2.53214e-05 -0.249985)
(0.000681368 -2.89541e-05 -0.251689)
(0.000652545 -3.38426e-05 -0.253363)
(0.000623851 -4.02352e-05 -0.255002)
(0.000596833 -4.69537e-05 -0.256617)
(0.000572357 -5.09463e-05 -0.258202)
(0.000550569 -5.07102e-05 -0.259754)
(0.000528381 -5.49337e-05 -0.261248)
(0.00050637 -5.90321e-05 -0.262692)
(0.000488119 -5.97551e-05 -0.264119)
(0.000473236 -6.04279e-05 -0.265543)
(0.000464429 -6.88707e-05 -0.266968)
(0.000457549 -7.30661e-05 -0.268357)
(0.000450733 -6.94971e-05 -0.269689)
(0.000443942 -6.56804e-05 -0.270977)
(0.000440652 -6.7209e-05 -0.272231)
(0.000441743 -7.22119e-05 -0.273454)
(0.00044346 -7.41868e-05 -0.274609)
(0.000438189 -7.30402e-05 -0.275679)
(0.000427368 -7.13261e-05 -0.276694)
(0.000418409 -7.52299e-05 -0.277646)
(0.000417722 -7.61289e-05 -0.278531)
(0.000418282 -7.21871e-05 -0.279313)
(0.000414718 -7.15791e-05 -0.279981)
(0.000403722 -7.72162e-05 -0.280531)
(0.000390032 -8.07205e-05 -0.28098)
(0.000372298 -8.03084e-05 -0.281329)
(0.000351041 -8.30441e-05 -0.281548)
(0.000327285 -8.76062e-05 -0.281641)
(0.000302377 -8.84518e-05 -0.281624)
(0.000279015 -9.05729e-05 -0.281465)
(-4.72084e-05 1.54115e-07 -0.00741766)
(-0.000139044 6.88604e-06 -0.0213937)
(-0.000229508 1.59196e-05 -0.0346864)
(-0.00031678 2.97321e-05 -0.0473504)
(-0.000399766 4.48508e-05 -0.0594179)
(-0.000478022 6.16824e-05 -0.0709044)
(-0.000551043 7.97594e-05 -0.0818215)
(-0.000618296 9.86836e-05 -0.0921742)
(-0.000679258 0.000118113 -0.101959)
(-0.000733461 0.000137852 -0.111169)
(-0.000780526 0.000157666 -0.119801)
(-0.000820289 0.00017713 -0.127861)
(-0.000852953 0.000195891 -0.135372)
(-0.000879005 0.000213879 -0.142367)
(-0.000899073 0.000231117 -0.148882)
(-0.000913783 0.000247458 -0.154947)
(-0.000923632 0.000262641 -0.160589)
(-0.000929055 0.000276573 -0.165832)
(-0.000930486 0.000289244 -0.170705)
(-0.000928328 0.000300602 -0.175232)
(-0.000922916 0.000310547 -0.179445)
(-0.000914509 0.000319019 -0.18337)
(-0.000903314 0.000326048 -0.187038)
(-0.000889545 0.000331716 -0.190477)
(-0.000873459 0.000336002 -0.193712)
(-0.00085532 0.000338841 -0.196768)
(-0.000835379 0.000340431 -0.199667)
(-0.000813948 0.000340952 -0.202431)
(-0.000791345 0.000340401 -0.205075)
(-0.000767841 0.000338639 -0.207609)
(-0.000743587 0.000335903 -0.210041)
(-0.000718747 0.000332361 -0.21238)
(-0.000693562 0.000328058 -0.214637)
(-0.000668264 0.000322937 -0.216822)
(-0.000643064 0.000317055 -0.218943)
(-0.000618148 0.000310677 -0.221009)
(-0.000593613 0.000303755 -0.223024)
(-0.000569583 0.000296104 -0.224992)
(-0.000546254 0.000288223 -0.226922)
(-0.000523726 0.000280463 -0.228824)
(-0.000501928 0.000272275 -0.230705)
(-0.000480594 0.000263051 -0.232556)
(-0.000459975 0.000253364 -0.234381)
(-0.000440808 0.000244094 -0.236177)
(-0.00042285 0.000235944 -0.237946)
(-0.000405906 0.000228858 -0.239689)
(-0.000390017 0.000221982 -0.241412)
(-0.000375122 0.000214701 -0.243116)
(-0.000361036 0.000206099 -0.244804)
(-0.000347571 0.000198166 -0.24647)
(-0.000335001 0.000191801 -0.248109)
(-0.000323592 0.000188851 -0.249728)
(-0.000313276 0.000187164 -0.251337)
(-0.00030322 0.000180704 -0.252956)
(-0.000291858 0.000170194 -0.254592)
(-0.000279302 0.00016197 -0.256218)
(-0.000269666 0.000159481 -0.257809)
(-0.000264163 0.000157788 -0.259351)
(-0.000260919 0.000153836 -0.26086)
(-0.000258052 0.000153617 -0.262348)
(-0.000256297 0.000156058 -0.263826)
(-0.000254774 0.000150912 -0.265314)
(-0.000252043 0.000140741 -0.266791)
(-0.000245788 0.000136911 -0.268205)
(-0.000236799 0.000144829 -0.269556)
(-0.000232123 0.000151904 -0.270868)
(-0.000233512 0.00015194 -0.272146)
(-0.000236155 0.000147652 -0.27339)
(-0.000236222 0.000144369 -0.274547)
(-0.00023231 0.000145336 -0.275548)
(-0.000225792 0.000147804 -0.276433)
(-0.000217093 0.000146853 -0.27724)
(-0.000206358 0.000143558 -0.277958)
(-0.000194668 0.000144752 -0.278546)
(-0.000182306 0.000143028 -0.279003)
(-0.000169652 0.000140371 -0.279354)
(-0.000155606 0.000144504 -0.2796)
(-0.000140649 0.000143341 -0.279727)
(-0.00012584 0.000138629 -0.279731)
(-0.000196299 -4.20747e-07 -0.00759591)
(-0.000510711 3.8815e-06 -0.0219718)
(-0.000736315 7.54003e-06 -0.0356947)
(-0.000910288 1.46045e-05 -0.0487754)
(-0.00105839 2.13294e-05 -0.0612287)
(-0.00118204 2.84406e-05 -0.0730735)
(-0.00128274 3.55816e-05 -0.0843258)
(-0.00136186 4.24993e-05 -0.0949941)
(-0.00142074 4.89859e-05 -0.105077)
(-0.00146091 5.48937e-05 -0.114566)
(-0.00148436 6.0085e-05 -0.123456)
(-0.00149343 6.4518e-05 -0.131755)
(-0.00149041 6.81085e-05 -0.139486)
(-0.00147728 7.0754e-05 -0.146689)
(-0.00145572 7.2375e-05 -0.153404)
(-0.00142728 7.29219e-05 -0.159667)
(-0.00139335 7.24314e-05 -0.165505)
(-0.00135512 7.09215e-05 -0.170943)
(-0.00131352 6.83545e-05 -0.176008)
(-0.00126926 6.466e-05 -0.180722)
(-0.00122291 5.97511e-05 -0.18511)
(-0.00117497 5.36477e-05 -0.1892)
(-0.0011259 4.65082e-05 -0.19302)
(-0.00107622 3.85041e-05 -0.1966)
(-0.00102639 2.97499e-05 -0.199968)
(-0.000976823 2.02661e-05 -0.203149)
(-0.000927803 1.00893e-05 -0.206165)
(-0.000879495 -7.17834e-07 -0.209035)
(-0.000832032 -1.21617e-05 -0.211773)
(-0.000785488 -2.42235e-05 -0.214395)
(-0.000739836 -3.68916e-05 -0.216912)
(-0.000695 -5.0071e-05 -0.219336)
(-0.00065086 -6.38092e-05 -0.221676)
(-0.000607351 -7.78613e-05 -0.22394)
(-0.000564603 -9.21525e-05 -0.226137)
(-0.000522803 -0.000107038 -0.228276)
(-0.000481891 -0.000122234 -0.230368)
(-0.000441611 -0.00013744 -0.232421)
(-0.000401588 -0.000152187 -0.23443)
(-0.000362243 -0.000166513 -0.236395)
(-0.000324174 -0.000180394 -0.23832)
(-0.000287315 -0.000194547 -0.240212)
(-0.000251487 -0.000208361 -0.242075)
(-0.000217095 -0.00022118 -0.24391)
(-0.000185152 -0.000232834 -0.245721)
(-0.00015544 -0.000243455 -0.247503)
(-0.000125659 -0.000253961 -0.249252)
(-9.54295e-05 -0.000263772 -0.25097)
(-6.64568e-05 -0.000272546 -0.252664)
(-4.03869e-05 -0.000280022 -0.254339)
(-1.74081e-05 -0.000287973 -0.255997)
(4.03807e-06 -0.000296049 -0.257632)
(2.34262e-05 -0.000302319 -0.259244)
(3.82914e-05 -0.000305341 -0.260829)
(4.85922e-05 -0.00030655 -0.262383)
(6.02173e-05 -0.000313068 -0.26389)
(7.22018e-05 -0.000319631 -0.265363)
(8.26701e-05 -0.000319698 -0.266822)
(9.09533e-05 -0.000318081 -0.268227)
(9.65258e-05 -0.000320034 -0.269563)
(0.000100256 -0.000326027 -0.270845)
(0.000105073 -0.000327544 -0.2721)
(0.000105274 -0.000324702 -0.273332)
(0.00010028 -0.000327655 -0.274544)
(9.28219e-05 -0.000332764 -0.275731)
(8.93215e-05 -0.000327547 -0.276841)
(9.11494e-05 -0.00032047 -0.277845)
(9.14881e-05 -0.000323659 -0.278764)
(8.38164e-05 -0.000331212 -0.279623)
(6.63183e-05 -0.000327197 -0.28044)
(4.91713e-05 -0.000320465 -0.281175)
(3.97472e-05 -0.000322259 -0.281785)
(3.1652e-05 -0.000322858 -0.282291)
(2.9797e-05 -0.000321063 -0.282694)
(3.28261e-05 -0.000317593 -0.282987)
(3.7037e-05 -0.000315553 -0.283156)
(4.19738e-05 -0.000317399 -0.283192)
(4.63997e-05 -0.000315193 -0.283095)
(4.15912e-05 -6.06054e-07 -0.00770129)
(0.000122405 2.89493e-06 -0.0221916)
(0.000201914 4.50966e-06 -0.0359468)
(0.000278184 9.04759e-06 -0.0490121)
(0.000350057 1.25532e-05 -0.061416)
(0.000417041 1.59621e-05 -0.0731784)
(0.000478635 1.8955e-05 -0.0843206)
(0.000534359 2.13309e-05 -0.0948591)
(0.000583773 2.30178e-05 -0.104802)
(0.000626504 2.4052e-05 -0.114148)
(0.000662238 2.42411e-05 -0.122902)
(0.000690854 2.33164e-05 -0.131075)
(0.000712577 2.12612e-05 -0.138691)
(0.000727873 1.82659e-05 -0.145784)
(0.000737322 1.44271e-05 -0.152392)
(0.000741468 9.58693e-06 -0.158547)
(0.00074074 3.60976e-06 -0.164276)
(0.000735566 -3.45341e-06 -0.169606)
(0.000726449 -1.15167e-05 -0.174563)
(0.000713954 -2.05713e-05 -0.179176)
(0.000698636 -3.06823e-05 -0.183472)
(0.000680941 -4.18579e-05 -0.187478)
(0.000661161 -5.40085e-05 -0.191223)
(0.000639464 -6.69728e-05 -0.194733)
(0.000616015 -8.07198e-05 -0.198035)
(0.000590985 -9.52653e-05 -0.201153)
(0.000564535 -0.00011043 -0.204112)
(0.000536909 -0.000126131 -0.206931)
(0.000508385 -0.000142489 -0.209626)
(0.000479212 -0.000159425 -0.212206)
(0.000449513 -0.000176644 -0.214678)
(0.000419423 -0.000194191 -0.217057)
(0.000389286 -0.000211643 -0.219352)
(0.000359514 -0.000229656 -0.221575)
(0.00033024 -0.000248066 -0.223731)
(0.000301337 -0.000265751 -0.225826)
(0.000272721 -0.000283055 -0.227862)
(0.000244696 -0.000299895 -0.229848)
(0.000217641 -0.000316626 -0.231797)
(0.000191924 -0.000334967 -0.23372)
(0.000167308 -0.000352483 -0.235613)
(0.0001426 -0.000366704 -0.23746)
(0.000117429 -0.000380321 -0.239266)
(9.15631e-05 -0.000395816 -0.24105)
(6.60204e-05 -0.000412481 -0.242812)
(4.27412e-05 -0.000424197 -0.244518)
(2.18837e-05 -0.000433294 -0.24618)
(3.08081e-06 -0.000444718 -0.247818)
(-1.4809e-05 -0.00045898 -0.249435)
(-3.3176e-05 -0.000471203 -0.251014)
(-5.18544e-05 -0.000478192 -0.252553)
(-6.98437e-05 -0.000482777 -0.25407)
(-8.56572e-05 -0.000487781 -0.25557)
(-9.84465e-05 -0.000496382 -0.257067)
(-0.000112549 -0.000504553 -0.258546)
(-0.000131251 -0.000511393 -0.26)
(-0.000152232 -0.00052053 -0.261449)
(-0.00017031 -0.000527879 -0.262868)
(-0.00018302 -0.000528047 -0.264232)
(-0.000190674 -0.000528759 -0.265514)
(-0.000194773 -0.000536812 -0.266729)
(-0.000197833 -0.000540012 -0.267853)
(-0.000203277 -0.000540563 -0.268904)
(-0.00021285 -0.000544931 -0.269897)
(-0.00022355 -0.000550706 -0.270819)
(-0.000232736 -0.000552994 -0.271672)
(-0.000242509 -0.000554156 -0.272444)
(-0.00025394 -0.00056188 -0.273132)
(-0.000265491 -0.000562881 -0.273707)
(-0.000277283 -0.000560569 -0.274175)
(-0.000289601 -0.000564754 -0.274554)
(-0.000302621 -0.00057294 -0.274845)
(-0.000316147 -0.00057421 -0.275007)
(-0.000331119 -0.000570925 -0.275041)
(-0.000345975 -0.000573457 -0.274959)
(-0.00035911 -0.000581304 -0.274766)
(-0.000371328 -0.000581044 -0.274417)
(-0.000383765 -0.00057974 -0.273856)
)
;
    }
}


// ************************************************************************* //
