/*--------------------------------*- C++ -*----------------------------------*\
| =========                 |                                                 |
| \\      /  F ield         | OpenFOAM: The Open Source CFD Toolbox           |
|  \\    /   O peration     | Version:  v1912                                 |
|   \\  /    A nd           | Website:  www.openfoam.com                      |
|    \\/     M anipulation  |                                                 |
\*---------------------------------------------------------------------------*/
FoamFile
{
    version     2.0;
    format      ascii;
    class       volVectorField;
    location    "96.8";
    object      U;
}
// * * * * * * * * * * * * * * * * * * * * * * * * * * * * * * * * * * * * * //

dimensions      [0 1 -1 0 0 0 0];


internalField   nonuniform List<vector> 
2528
(
(0.000480947 -0.00372735 0.00559128)
(0.00713353 1.76713e-05 0.000873535)
(-0.000614997 -7.32023e-07 0.00486968)
(-0.00719275 1.08361e-05 -0.000112506)
(0.000543832 -0.00032835 0.0155869)
(0.00836079 0.000110451 0.0091808)
(-0.000940156 -6.27566e-05 0.0143104)
(-0.008534 9.52892e-05 0.00715503)
(0.000149043 -0.00211161 0.0242735)
(0.00199382 0.000151908 0.0215584)
(-0.000809359 -9.27502e-05 0.0233813)
(-0.0022704 0.000124308 0.0192853)
(-0.000164238 -0.00063574 0.0330445)
(-0.00338367 0.000291658 0.033971)
(-0.000762666 -0.000201804 0.032689)
(0.00301608 0.000255276 0.0315169)
(-0.000300842 -0.000938734 0.0422817)
(-0.0058678 0.00038766 0.0452047)
(-0.000889421 -0.000290816 0.0422312)
(0.00541417 0.000342654 0.0423637)
(-0.00037133 -0.000967296 0.0516255)
(-0.00710257 0.000496838 0.05582)
(-0.00107822 -0.000392003 0.0517694)
(0.00656036 0.000442375 0.0524855)
(-0.00042568 -0.00111128 0.0609296)
(-0.00783647 0.000608361 0.0660879)
(-0.00127797 -0.000497029 0.0612236)
(0.00719171 0.000543315 0.0621977)
(-0.000487928 -0.00126623 0.0700784)
(-0.00842481 0.000720771 0.0760872)
(-0.00146312 -0.000603591 0.0705163)
(0.0076547 0.00064381 0.0716103)
(-0.000569997 -0.00142066 0.0789715)
(-0.00903791 0.000835162 0.0858055)
(-0.00161981 -0.000712391 0.0795643)
(0.0081206 0.000745108 0.0807408)
(-0.000676652 -0.00157543 0.0875255)
(-0.00974189 0.000951667 0.0951886)
(-0.00174151 -0.000823335 0.0882864)
(0.00866704 0.0008477 0.0895617)
(-0.000807564 -0.0017241 0.0956824)
(-0.0105385 0.0010695 0.104176)
(-0.00182746 -0.000936556 0.0966195)
(0.00931074 0.000951342 0.0980286)
(-0.000959046 -0.00187898 0.103416)
(-0.0113926 0.0011869 0.112725)
(-0.00188153 -0.00105305 0.10453)
(0.0100307 0.00105542 0.106103)
(-0.00112464 -0.00202786 0.110733)
(-0.0122511 0.00130551 0.120816)
(-0.00191111 -0.00117107 0.112017)
(0.0107849 0.00115941 0.113765)
(-0.00129717 -0.00214189 0.117666)
(-0.0130387 0.00142481 0.128438)
(-0.00192395 -0.00128782 0.119113)
(0.0115206 0.00126295 0.121006)
(-0.00147296 -0.00222296 0.12427)
(-0.0136782 0.00154117 0.135582)
(-0.00192417 -0.00140322 0.125873)
(0.0121858 0.00136622 0.127825)
(-0.00165238 -0.0022794 0.130592)
(-0.0141386 0.00165504 0.14228)
(-0.0019119 -0.00151845 0.132336)
(0.0127423 0.00146949 0.134228)
(-0.00183696 -0.00234128 0.136648)
(-0.0144413 0.00176758 0.148583)
(-0.00188649 -0.00163505 0.138522)
(0.0131731 0.00157395 0.140231)
(-0.00202668 -0.00240769 0.142453)
(-0.0146328 0.00188232 0.154539)
(-0.00184892 -0.00175176 0.144448)
(0.0134756 0.00168061 0.145858)
(-0.00222034 -0.00246138 0.148027)
(-0.0147435 0.00199969 0.160184)
(-0.00180093 -0.00186687 0.150133)
(0.0136518 0.00178739 0.151136)
(-0.00241692 -0.0025082 0.153385)
(-0.0147833 0.00211742 0.165542)
(-0.00174403 -0.00198033 0.155595)
(0.0137136 0.00189279 0.156099)
(-0.00261558 -0.00254686 0.158545)
(-0.0147552 0.00223663 0.170635)
(-0.00167945 -0.00209171 0.160848)
(0.0136869 0.00199814 0.160788)
(-0.00281574 -0.00257557 0.163519)
(-0.0146532 0.00235834 0.175478)
(-0.00160828 -0.00220057 0.165906)
(0.0135973 0.00210729 0.165235)
(-0.00301699 -0.00260097 0.168319)
(-0.014461 0.00248342 0.180082)
(-0.00153153 -0.00230642 0.170781)
(0.0134419 0.00222572 0.169447)
(-0.00321905 -0.00262874 0.172949)
(-0.0141604 0.00260581 0.184459)
(-0.00145008 -0.00240945 0.175481)
(0.0131748 0.00235399 0.173407)
(-0.00342166 -0.00265579 0.177409)
(-0.0137579 0.00271455 0.188639)
(-0.0013648 -0.00250922 0.180014)
(0.0127317 0.00248023 0.177097)
(-0.0036242 -0.00268013 0.181704)
(-0.0133149 0.00281004 0.192688)
(-0.00127632 -0.00260456 0.184387)
(0.0120974 0.00258255 0.180547)
(-0.00382584 -0.00269947 0.185852)
(-0.0129342 0.00290875 0.196677)
(-0.00118488 -0.00269497 0.18861)
(0.0113806 0.00265167 0.183878)
(-0.00402535 -0.00271922 0.189866)
(-0.0126901 0.00302716 0.200628)
(-0.00109075 -0.00278069 0.192695)
(0.0108184 0.00271276 0.187277)
(-0.00422009 -0.00274975 0.193764)
(-0.012577 0.00315977 0.204491)
(-0.000995007 -0.00286439 0.196645)
(0.0106332 0.00281253 0.190857)
(-0.00440608 -0.00278501 0.197563)
(-0.0125457 0.0032903 0.208224)
(-0.000899499 -0.00294705 0.200458)
(0.0108226 0.00298055 0.194523)
(-0.00458027 -0.00279462 0.201284)
(-0.0125604 0.0034145 0.211812)
(-0.000806146 -0.00302856 0.204133)
(0.0111171 0.00316592 0.19804)
(-0.00474374 -0.00276395 0.204949)
(-0.0125954 0.0035445 0.215235)
(-0.000716434 -0.00311082 0.207673)
(0.0112123 0.00331264 0.201224)
(-0.00490157 -0.00273338 0.208566)
(-0.0125791 0.00369964 0.218434)
(-0.000631534 -0.0031949 0.211091)
(0.0110165 0.00342624 0.204073)
(-0.00505878 -0.00275614 0.212105)
(-0.0123427 0.00389695 0.221289)
(-0.000553319 -0.00328032 0.214402)
(0.0106423 0.00351574 0.206698)
(-0.00521815 -0.00281656 0.21548)
(-0.0116168 0.00411036 0.223646)
(-0.000485573 -0.00336372 0.217635)
(0.0102325 0.0036019 0.209204)
(-0.00536979 -0.00285843 0.218671)
(-0.0101476 0.00425314 0.225423)
(-0.000432046 -0.00343842 0.220807)
(0.00979811 0.00382013 0.21159)
(-0.00550262 -0.0028564 0.221719)
(-0.00799616 0.00425245 0.226809)
(-0.000392092 -0.00350421 0.223923)
(0.00900528 0.00414074 0.213553)
(-0.00562069 -0.00284451 0.224655)
(-0.00595187 0.00407851 0.228485)
(-0.000357159 -0.00356846 0.226958)
(0.00719229 0.00432036 0.214631)
(-0.0057388 -0.00286782 0.227484)
(-0.00559732 0.00400977 0.231495)
(-0.000309324 -0.00361812 0.229841)
(0.00406879 0.00424315 0.214928)
(-0.00586989 -0.00292753 0.230207)
(-0.00773971 0.00437199 0.236043)
(-0.000237734 -0.00364332 0.232539)
(0.000759123 0.0038246 0.215689)
(-0.00601324 -0.00298751 0.232825)
(-0.0106971 0.00487261 0.240635)
(-0.000146899 -0.00365338 0.235077)
(0.000377983 0.00370986 0.219308)
(-0.00615261 -0.00302042 0.235343)
(-0.0124939 0.00512437 0.244058)
(-5.2393e-05 -0.00369226 0.237469)
(0.00405946 0.00429773 0.225822)
(-0.00627184 -0.00301805 0.237769)
(-0.0128329 0.00511905 0.246322)
(2.32039e-05 -0.00376988 0.239704)
(0.00809453 0.00486681 0.231707)
(-0.00636335 -0.0029912 0.240107)
(-0.0123843 0.00507168 0.247853)
(5.67189e-05 -0.00384893 0.241762)
(0.0100977 0.00507973 0.235619)
(-0.00642817 -0.0029569 0.242365)
(-0.0117647 0.00514579 0.249083)
(4.13293e-05 -0.00390721 0.243662)
(0.0102358 0.00499709 0.237876)
(-0.00647448 -0.00292199 0.244544)
(-0.0111023 0.00524779 0.250279)
(-8.34837e-06 -0.00393878 0.245428)
(0.00961349 0.00501566 0.239236)
(-0.00650854 -0.00289408 0.246645)
(-0.0104837 0.00526908 0.251523)
(-7.21573e-05 -0.00398256 0.247081)
(0.00890727 0.00514849 0.240345)
(-0.00653375 -0.00287048 0.248668)
(-0.0100747 0.00533552 0.252902)
(-0.000140125 -0.00404091 0.248616)
(0.00828884 0.00523116 0.241474)
(-0.00655339 -0.00283726 0.25061)
(-0.00992786 0.00543128 0.254426)
(-0.000209989 -0.00409508 0.249997)
(0.00799581 0.00532988 0.242761)
(-0.00656961 -0.00284748 0.252465)
(-0.00990441 0.00559505 0.255942)
(-0.000281118 -0.00416574 0.251251)
(0.00810044 0.00548463 0.244124)
(-0.00657895 -0.00290192 0.254226)
(-0.00962197 0.00590341 0.257104)
(-0.000355525 -0.00425183 0.252487)
(0.00835428 0.00560225 0.245402)
(-0.00656756 -0.00293267 0.255878)
(-0.00834716 0.00612676 0.25737)
(-0.000438946 -0.00432956 0.253692)
(0.00853981 0.00565718 0.246656)
(-0.00652047 -0.00290725 0.257426)
(-0.00541511 0.00602419 0.256582)
(-0.000538139 -0.00438512 0.254846)
(0.00868636 0.00570069 0.2479)
(-0.00643646 -0.00284247 0.258883)
(-0.00145481 0.00551658 0.255663)
(-0.000654388 -0.00441886 0.255949)
(0.00887743 0.00576931 0.249154)
(-0.00633014 -0.00282777 0.260248)
(-0.000260153 0.0051215 0.257365)
(-0.000779217 -0.00444254 0.257005)
(0.00910313 0.00584435 0.250425)
(-0.00622016 -0.00284563 0.261532)
(-0.00508866 0.00567492 0.263055)
(-0.000897874 -0.004474 0.258009)
(0.0093339 0.00590629 0.251697)
(-0.00611634 -0.00281944 0.262708)
(-0.0105663 0.00639171 0.268466)
(-0.00100155 -0.00452576 0.258955)
(0.00957096 0.00595986 0.252958)
(-0.00601904 -0.00277053 0.263734)
(-0.0130221 0.00648132 0.271727)
(-0.00109165 -0.00459527 0.259841)
(0.00981997 0.00600739 0.254209)
(-0.00592439 -0.00278401 0.264683)
(-0.0132082 0.00623196 0.273356)
(-0.00117452 -0.00466932 0.260662)
(0.0100829 0.00604804 0.255447)
(-0.00581547 -0.00294504 0.26582)
(-0.0127108 0.0061698 0.274181)
(-0.00125529 -0.00474027 0.261413)
(0.0103577 0.00608305 0.256668)
(-0.00566201 -0.00311753 0.267104)
(-0.0123203 0.00620614 0.274877)
(-0.00133511 -0.00480658 0.262092)
(0.0106334 0.00611157 0.257865)
(-0.0054451 -0.0030343 0.268519)
(-0.012061 0.00614531 0.275603)
(-0.00141322 -0.0048693 0.262697)
(0.0108937 0.00613256 0.259028)
(-0.00520406 -0.00273184 0.27022)
(-0.0120105 0.00602883 0.276516)
(-0.00148829 -0.00492967 0.263226)
(0.011127 0.00614654 0.260149)
(-0.00501545 -0.00269398 0.272404)
(-0.0122662 0.00598791 0.277916)
(-0.00155874 -0.00498923 0.263676)
(0.0113342 0.00615362 0.261226)
(-0.00490317 -0.00304074 0.274937)
(-0.0126699 0.00600775 0.279367)
(-0.00162388 -0.00504899 0.264045)
(0.0115239 0.00615306 0.262255)
(-0.00485802 -0.00329024 0.277184)
(-0.0129526 0.00599385 0.280553)
(-0.00168435 -0.00510879 0.264327)
(0.0116948 0.00614565 0.263227)
(-0.00482341 -0.00321326 0.279003)
(-0.0130917 0.0059567 0.281547)
(-0.00174154 -0.00516749 0.264518)
(0.0118187 0.00613246 0.264114)
(-0.00477311 -0.00302795 0.280517)
(-0.0131754 0.00594003 0.28246)
(-0.00179665 -0.00522236 0.26461)
(0.0118397 0.00611209 0.264875)
(-0.00469795 -0.00297595 0.281853)
(-0.0132098 0.00591192 0.28327)
(-0.00185059 -0.00527789 0.264597)
(0.0116912 0.00608077 0.265464)
(-0.00463114 -0.00297924 0.283026)
(-0.0131956 0.00587988 0.283973)
(-0.00190204 -0.00533913 0.264471)
(0.0113172 0.00603296 0.265852)
(-0.00458312 -0.00295082 0.284094)
(-0.0131355 0.00584239 0.28457)
(-0.00194786 -0.0054111 0.264219)
(0.0107006 0.00596228 0.266057)
(-0.00455148 -0.00291811 0.285028)
(-0.0130267 0.00579495 0.285057)
(-0.00198976 -0.00548689 0.263851)
(0.00990377 0.00586524 0.266164)
(-0.00453726 -0.00289175 0.285935)
(-0.012866 0.00573818 0.285432)
(-0.00205008 -0.00558172 0.263491)
(0.00909686 0.00574403 0.266329)
(-0.00454545 -0.00285386 0.286591)
(-0.0126506 0.00567139 0.285691)
(-0.00210623 -0.00564623 0.262933)
(0.00853381 0.00560542 0.266733)
(-0.00457577 -0.0028452 0.287032)
(-0.0123782 0.00559359 0.285832)
(-0.00214023 -0.00568497 0.262009)
(0.00846001 0.0054616 0.267508)
(-0.00462587 -0.00287425 0.287398)
(-0.0120447 0.00550279 0.285849)
(-0.00217444 -0.00572499 0.260907)
(0.00900109 0.00530848 0.268673)
(-0.00469179 -0.00292671 0.287914)
(-0.0116412 0.00539832 0.285732)
(-0.00221645 -0.00577682 0.259723)
(0.0100531 0.00517158 0.270047)
(-0.00476746 -0.00296592 0.28862)
(-0.0111618 0.00527243 0.285486)
(-0.00225553 -0.0058129 0.258349)
(0.0110907 0.0050603 0.271283)
(-0.00485982 -0.00290509 0.289379)
(-0.0106813 0.00510142 0.285174)
(-0.00227993 -0.0057965 0.256872)
(0.0115502 0.00485959 0.272209)
(0.000852193 3.0626e-05 0.0127133)
(-0.00031963 -2.64043e-05 0.0136113)
(-0.000810414 2.30366e-05 0.0105326)
(0.000325955 -3.61362e-05 0.0148823)
(0.0017223 8.57989e-05 0.0238654)
(-0.00152454 -9.45803e-05 0.026401)
(-0.00159735 7.38619e-05 0.0220688)
(0.00154254 -0.000107796 0.0296025)
(0.00163869 0.000146553 0.0286797)
(-0.00252585 -0.000159626 0.0315225)
(-0.00142979 0.000112633 0.0297219)
(0.00255544 -0.000189604 0.0369256)
(0.00138433 0.000244732 0.0352792)
(-0.00318332 -0.00026552 0.0377731)
(-0.00109194 0.000179239 0.0385772)
(0.00322356 -0.000304673 0.0457053)
(0.00132493 0.00031569 0.0443981)
(-0.00367125 -0.000346702 0.0465498)
(-0.00094922 0.000216259 0.0488211)
(0.00372063 -0.000391291 0.0570656)
(0.00136494 0.000391743 0.0541877)
(-0.00406482 -0.000435025 0.0560495)
(-0.000907477 0.000252944 0.0592433)
(0.00412179 -0.000482961 0.0690683)
(0.00146094 0.000467611 0.0638957)
(-0.00439845 -0.000525356 0.0655623)
(-0.000924351 0.000285357 0.0693869)
(0.00446177 -0.000573692 0.0808934)
(0.00159156 0.000542032 0.0731838)
(-0.00468874 -0.000616138 0.074767)
(-0.000978932 0.000312832 0.07905)
(0.00475706 -0.000666689 0.0921297)
(0.00174464 0.000617643 0.0818882)
(-0.00494441 -0.000707842 0.083495)
(-0.00105906 0.000336464 0.0881273)
(0.00501476 -0.000763811 0.102626)
(0.00191736 0.000696189 0.0899759)
(-0.00516991 -0.000802152 0.0916705)
(-0.00115766 0.000358559 0.0965645)
(0.00523063 -0.000860047 0.112434)
(0.00211052 0.000774324 0.0975391)
(-0.00536532 -0.0008972 0.0993243)
(-0.0012745 0.000379392 0.104377)
(0.0054005 -0.000954538 0.121692)
(0.00232215 0.000848999 0.104716)
(-0.0055269 -0.000989505 0.106553)
(-0.00140998 0.000395676 0.111649)
(0.0055324 -0.00104641 0.13042)
(0.00254882 0.000920424 0.111539)
(-0.00565546 -0.00107855 0.113412)
(-0.00156138 0.000406839 0.118472)
(0.00563506 -0.00113958 0.138499)
(0.00278084 0.000991934 0.117926)
(-0.00575837 -0.00116509 0.119849)
(-0.00172442 0.000414011 0.124864)
(0.00571213 -0.00123481 0.145872)
(0.00300692 0.00106465 0.123818)
(-0.00584121 -0.00125143 0.125764)
(-0.00189019 0.000419738 0.130797)
(0.00576649 -0.00132929 0.152557)
(0.00322078 0.00113668 0.129214)
(-0.00590653 -0.00133669 0.131121)
(-0.0020512 0.000424227 0.136282)
(0.00580073 -0.00142368 0.158593)
(0.00341909 0.00120769 0.13414)
(-0.00595667 -0.00141929 0.135937)
(-0.00220427 0.000425873 0.141353)
(0.00581738 -0.00151794 0.164034)
(0.00360012 0.00127784 0.138633)
(-0.00599353 -0.00149966 0.140253)
(-0.00234728 0.000425218 0.146046)
(0.00581884 -0.00161204 0.168939)
(0.00376331 0.00134725 0.142735)
(-0.00601857 -0.00157747 0.144129)
(-0.00247884 0.000422487 0.150397)
(0.00580733 -0.00170589 0.173377)
(0.0039091 0.00141627 0.146494)
(-0.00603298 -0.00165249 0.147633)
(-0.0025981 0.000418012 0.15444)
(0.00578486 -0.0017993 0.177417)
(0.00403879 0.00148529 0.149961)
(-0.00603792 -0.00172455 0.150837)
(-0.00270468 0.00041204 0.158206)
(0.00575322 -0.00189201 0.181127)
(0.00415434 0.00155429 0.153191)
(-0.00603455 -0.00179237 0.153804)
(-0.00279849 0.000404516 0.161725)
(0.00571412 -0.00198385 0.184573)
(0.00425792 0.0016228 0.15624)
(-0.00602416 -0.00185804 0.156584)
(-0.00287952 0.000394155 0.16502)
(0.00566913 -0.00207351 0.187813)
(0.00435143 0.00168989 0.159156)
(-0.00600827 -0.00192295 0.159226)
(-0.00294784 0.000384177 0.168112)
(0.00561977 -0.00216402 0.190895)
(0.00443617 0.00175738 0.161973)
(-0.00598715 -0.00198385 0.161787)
(-0.0030053 0.000378551 0.171025)
(0.00556739 -0.00225623 0.19387)
(0.00451356 0.00182811 0.164722)
(-0.00595999 -0.00204025 0.164317)
(-0.00305552 0.000373254 0.173809)
(0.00551221 -0.00234488 0.196793)
(0.00458528 0.00189844 0.167441)
(-0.00592802 -0.00209127 0.166833)
(-0.00310065 0.000366221 0.176523)
(0.00545392 -0.00243015 0.199709)
(0.004652 0.00196618 0.170167)
(-0.00589368 -0.00213874 0.169315)
(-0.00314047 0.000354605 0.179185)
(0.00539429 -0.00251194 0.202625)
(0.0047132 0.00203272 0.172905)
(-0.00585851 -0.00218578 0.171736)
(-0.00317147 0.000304236 0.181757)
(0.00533608 -0.00259295 0.205515)
(0.00476726 0.00209959 0.175631)
(-0.00582408 -0.00223083 0.174084)
(-0.00318849 0.000321195 0.184175)
(0.00528087 -0.00267658 0.208357)
(0.00481186 0.00217107 0.178317)
(-0.00579133 -0.00227334 0.176349)
(-0.00322044 0.000444236 0.186662)
(0.0052286 -0.00275936 0.211147)
(0.00484565 0.00224584 0.180956)
(-0.00575784 -0.00231412 0.178526)
(-0.00330902 0.000438896 0.189945)
(0.00517659 -0.00284102 0.213884)
(0.00486821 0.00232068 0.183545)
(-0.00571987 -0.0023541 0.180612)
(-0.00342613 0.00020087 0.194434)
(0.00512177 -0.00292437 0.216567)
(0.00487921 0.00239633 0.186089)
(-0.00567805 -0.00239358 0.182604)
(-0.00349606 6.52379e-05 0.198908)
(0.00506485 -0.0030096 0.219197)
(0.00487846 0.00247278 0.188587)
(-0.00563837 -0.00242985 0.184494)
(-0.0034792 0.00018809 0.201143)
(0.00501066 -0.00309516 0.221775)
(0.00486595 0.00255056 0.191039)
(-0.00560862 -0.00246493 0.186272)
(-0.00339072 0.000380668 0.201722)
(0.00496541 -0.00317919 0.2243)
(0.00484174 0.00263064 0.193446)
(-0.00559401 -0.00250424 0.187922)
(-0.00328207 0.000486149 0.202594)
(0.00493318 -0.00326069 0.226771)
(0.0048061 0.00271224 0.195809)
(-0.00559565 -0.00244395 0.189413)
(-0.00321018 0.000335231 0.204299)
(0.00491308 -0.00334138 0.229184)
(0.00476013 0.00279467 0.19813)
(-0.00561354 -0.00278272 0.190662)
(-0.00315909 0.000252036 0.206241)
(0.00490201 -0.0034226 0.231539)
(0.0047005 0.00287822 0.200404)
(-0.00560509 -0.00267226 0.192572)
(-0.00309588 0.00029055 0.208073)
(0.00490141 -0.0035016 0.233829)
(0.00462311 0.00296282 0.202621)
(-0.00549367 -0.00256646 0.19521)
(-0.00301528 0.000294982 0.209779)
(0.00491504 -0.00357594 0.23605)
(0.0045275 0.00304898 0.204768)
(-0.0053613 -0.00285007 0.198272)
(-0.00291758 0.000245309 0.211338)
(0.0049417 -0.00364572 0.238181)
(0.00440704 0.00313674 0.206835)
(-0.00515312 -0.00273947 0.203348)
(-0.0027954 0.000336268 0.212687)
(0.00496941 -0.00365849 0.240178)
(0.00425484 0.00322678 0.208818)
(-0.00452433 -0.00279484 0.212392)
(-0.00265324 0.000603689 0.214344)
(0.0049908 -0.0037543 0.241968)
(0.00406866 0.00331746 0.210714)
(-0.00357347 -0.00202409 0.2263)
(-0.00249397 0.000370027 0.217668)
(0.00497956 -0.00419445 0.243884)
(0.00386338 0.00340755 0.212524)
(-0.00376452 -0.0023637 0.228596)
(-0.00229079 0.000114226 0.221483)
(0.00482121 -0.00393936 0.247357)
(0.00365859 0.00349455 0.214239)
(-0.00449039 -0.00318869 0.223267)
(-0.00202539 0.000308197 0.223736)
(0.00455248 -0.00380215 0.251651)
(0.00346105 0.00358443 0.215847)
(-0.00495728 -0.00333428 0.219698)
(-0.00181627 0.000661541 0.227424)
(0.00439812 -0.00404777 0.255034)
(0.00327111 0.0036786 0.217326)
(-0.00509715 -0.00312278 0.219505)
(-0.0016227 0.000618972 0.236367)
(0.00414 -0.00422503 0.25936)
(0.0030853 0.00372869 0.21864)
(-0.00509185 -0.0029704 0.220875)
(-0.0013534 -0.000292486 0.250547)
(0.0033484 -0.00445982 0.268837)
(0.00290626 0.00388529 0.219706)
(-0.00508429 -0.00304019 0.222236)
(-0.00108546 0.000237497 0.252247)
(0.00200374 -0.00339775 0.285872)
(0.00274339 0.00408223 0.220841)
(-0.00511079 -0.00314088 0.22335)
(-0.000867805 0.000823121 0.247502)
(0.00208861 -0.00394673 0.289204)
(0.00259553 0.00420357 0.222858)
(-0.00517284 -0.0031058 0.22431)
(-0.000681739 0.000858007 0.244399)
(0.00295192 -0.00481675 0.283647)
(0.00244028 0.00403113 0.226187)
(-0.00527592 -0.0033269 0.225069)
(-0.000526108 0.000668781 0.24428)
(0.00352774 -0.00494266 0.280251)
(0.00221725 0.003832 0.228776)
(-0.005253 -0.00367537 0.226767)
(-0.000389156 0.000565895 0.245443)
(0.0036297 -0.00467334 0.280952)
(0.00197019 0.00437878 0.229725)
(-0.00486152 -0.00343032 0.231324)
(-0.000242906 0.000593065 0.246516)
(0.00352579 -0.00457352 0.283147)
(0.00184742 0.00488835 0.23519)
(-0.00444845 -0.0029741 0.236594)
(-8.59319e-05 0.000621134 0.247407)
(0.00341825 -0.00467789 0.285128)
(0.00170525 0.00441909 0.248397)
(-0.00487919 -0.00285561 0.235706)
(7.00727e-05 0.000634994 0.248213)
(0.00333089 -0.00474993 0.286834)
(0.00147746 0.00330457 0.267727)
(-0.0059569 -0.00357588 0.229296)
(0.00020768 0.000642143 0.248961)
(0.00326118 -0.00480564 0.288356)
(0.00120399 0.00428962 0.26739)
(-0.00651642 -0.00422416 0.226692)
(0.000319704 0.000643822 0.249642)
(0.00319625 -0.00485684 0.289732)
(0.0009092 0.00505211 0.259608)
(-0.0057747 -0.00400016 0.233823)
(0.000422252 0.000647001 0.250243)
(0.00311582 -0.00490761 0.290982)
(0.000638311 0.00503027 0.255238)
(-0.00400391 -0.00327475 0.249524)
(0.00053682 0.00066314 0.250775)
(0.00301551 -0.00495366 0.292114)
(0.000427366 0.00480676 0.255207)
(-0.00214593 -0.00272702 0.26733)
(0.000663376 0.000691771 0.251278)
(0.00290547 -0.00499499 0.293133)
(0.000259278 0.00501856 0.257122)
(-0.00265894 -0.00368301 0.265983)
(0.000787181 0.000721959 0.251783)
(0.0028001 -0.00503163 0.294028)
(0.000129578 0.00504111 0.261537)
(-0.00376935 -0.00420538 0.259494)
(0.000889796 0.000744024 0.252285)
(0.00271491 -0.00506596 0.29478)
(-1.27808e-05 0.00462635 0.266819)
(-0.0043132 -0.00409362 0.257173)
(0.000969384 0.000758853 0.252771)
(0.00265646 -0.00509976 0.295384)
(-0.000193553 0.0046783 0.269484)
(-0.00426495 -0.00388143 0.258945)
(0.00103389 0.000771318 0.253226)
(0.0026151 -0.005131 0.295877)
(-0.000331342 0.00534183 0.271184)
(-0.0040657 -0.00389045 0.261416)
(0.00108859 0.000784356 0.25364)
(0.00257428 -0.00515629 0.296314)
(-0.000502255 0.00522749 0.276315)
(-0.00392373 -0.00396463 0.263292)
(0.00113374 0.000797829 0.254005)
(0.00252873 -0.00517549 0.296734)
(-0.000682179 0.0047675 0.287013)
(-0.00380714 -0.00399584 0.264896)
(0.00116914 0.000811159 0.254314)
(0.00248237 -0.00518979 0.297151)
(-0.000823754 0.00503804 0.292439)
(-0.00369917 -0.0040189 0.26635)
(0.00119572 0.000824052 0.254563)
(0.00243456 -0.00519828 0.297573)
(-0.00103906 0.00463595 0.289369)
(-0.00357921 -0.00404132 0.2677)
(0.00121463 0.000836138 0.25475)
(0.0023718 -0.0052011 0.298012)
(-0.00128777 0.00528959 0.280002)
(-0.00343146 -0.00406406 0.268965)
(0.00122701 0.000848019 0.254874)
(0.0022817 -0.00519919 0.298479)
(-0.00148454 0.00577593 0.280242)
(-0.00325099 -0.0040851 0.270145)
(0.00123387 0.000860295 0.254932)
(0.00216101 -0.00519212 0.298984)
(-0.00168147 0.00521826 0.290364)
(-0.00304495 -0.00410299 0.271246)
(0.00123614 0.000872358 0.254929)
(0.00201685 -0.00517645 0.299521)
(-0.00188941 0.00460601 0.30809)
(-0.00281846 -0.00411187 0.272285)
(0.00123467 0.000882408 0.254882)
(0.00185544 -0.00514988 0.300069)
(-0.00202796 0.00455467 0.312038)
(-0.00256342 -0.00411417 0.273301)
(0.00123033 0.000891382 0.254827)
(0.00167356 -0.00511937 0.300613)
(-0.00208272 0.00506376 0.301657)
(-0.00226896 -0.00411045 0.27431)
(0.00122366 0.000895065 0.254768)
(0.0014648 -0.00506294 0.301123)
(-0.00210774 0.00529704 0.291376)
(-0.0019658 -0.00408051 0.275009)
(0.00121216 0.000873078 0.254343)
(0.00126711 -0.00500572 0.301199)
(0.000623236 -5.87213e-05 0.00536822)
(0.000620162 9.0007e-05 0.011512)
(-0.000779687 -6.33823e-05 0.00692656)
(-0.000668916 9.75523e-05 0.010619)
(0.00237768 -0.000194556 0.0179715)
(0.00161805 0.000249176 0.0285015)
(-0.00284096 -0.000176794 0.0215935)
(-0.00176138 0.000252682 0.0250367)
(0.00285053 -0.000335664 0.0318874)
(0.00169964 0.000458169 0.0413024)
(-0.00361337 -0.000333966 0.0364895)
(-0.00193373 0.000476194 0.0345965)
(0.00241277 -0.0005917 0.045533)
(0.00135672 0.000736785 0.0537382)
(-0.00347475 -0.000557708 0.0508411)
(-0.00167348 0.000735046 0.0438671)
(0.00181652 -0.000779072 0.0581916)
(0.00101672 0.00094552 0.0666245)
(-0.00317282 -0.000736384 0.0642915)
(-0.0014076 0.000946197 0.0539602)
(0.0011858 -0.000981659 0.0700644)
(0.000688609 0.0011612 0.0792304)
(-0.00282936 -0.000926316 0.076929)
(-0.00114336 0.00116642 0.0640683)
(0.00057608 -0.00118494 0.081299)
(0.000377973 0.00136985 0.0912801)
(-0.00249705 -0.00111782 0.0888581)
(-0.000885203 0.00138839 0.0739001)
(1.24267e-05 -0.00138582 0.0919586)
(8.92495e-05 0.00157012 0.102637)
(-0.00219842 -0.00130809 0.100132)
(-0.000636371 0.0016107 0.0833298)
(-0.000494011 -0.00158715 0.102064)
(-0.000173566 0.00177377 0.113222)
(-0.00194273 -0.00149963 0.110773)
(-0.000399667 0.00183298 0.0922974)
(-0.000939798 -0.00178889 0.111613)
(-0.000404253 0.0019823 0.12302)
(-0.00173205 -0.00169173 0.120788)
(-0.000177719 0.00205752 0.100769)
(-0.00132661 -0.00199166 0.120599)
(-0.000602229 0.00218091 0.132071)
(-0.00156384 -0.00188744 0.130178)
(2.52979e-05 0.00228728 0.108741)
(-0.00165846 -0.00219576 0.129023)
(-0.000771847 0.0023684 0.140461)
(-0.00143487 -0.00208822 0.138949)
(0.000206759 0.00251621 0.116242)
(-0.0019403 -0.00240158 0.136898)
(-0.000911584 0.0025452 0.14825)
(-0.00133871 -0.00228911 0.147119)
(0.000368253 0.00273813 0.123321)
(-0.00217923 -0.00260698 0.14424)
(-0.00102316 0.00271953 0.155439)
(-0.00126558 -0.00248743 0.154727)
(0.000509543 0.00295321 0.130014)
(-0.00238387 -0.00280781 0.151075)
(-0.00111147 0.00289286 0.162052)
(-0.00121201 -0.00268254 0.161817)
(0.000629801 0.00316586 0.136318)
(-0.00255924 -0.00300552 0.157434)
(-0.00117873 0.00305711 0.168131)
(-0.00117775 -0.00287844 0.168423)
(0.000730969 0.00337828 0.14222)
(-0.00270651 -0.00320621 0.163347)
(-0.00122697 0.0032139 0.173717)
(-0.00115931 -0.00307744 0.174573)
(0.000814856 0.00358701 0.147731)
(-0.0028293 -0.00341152 0.168837)
(-0.00125799 0.00336367 0.17885)
(-0.00115292 -0.00327664 0.180295)
(0.000882413 0.00379059 0.152867)
(-0.0029346 -0.00361576 0.173929)
(-0.00127326 0.00350746 0.183567)
(-0.00115582 -0.00347513 0.185613)
(0.000934083 0.00398977 0.157646)
(-0.00302735 -0.00381563 0.178655)
(-0.00127352 0.00364603 0.187905)
(-0.00116562 -0.00367143 0.190554)
(0.000969783 0.00418476 0.162088)
(-0.00310851 -0.00401225 0.18305)
(-0.00125887 0.00377936 0.1919)
(-0.00118024 -0.00387218 0.19514)
(0.000989205 0.00437573 0.166211)
(-0.00317921 -0.00421007 0.187145)
(-0.00122919 0.00390555 0.195586)
(-0.00119817 -0.00408131 0.199393)
(0.000992018 0.00456308 0.170038)
(-0.00324146 -0.00440964 0.190972)
(-0.00118464 0.00402129 0.198996)
(-0.00121466 -0.00428906 0.203331)
(0.000978115 0.00474618 0.17359)
(-0.00329623 -0.00460922 0.194561)
(-0.0011261 0.00412821 0.202159)
(-0.00122338 -0.00449062 0.206982)
(0.000947839 0.00491975 0.176887)
(-0.00334361 -0.00481073 0.197943)
(-0.00105443 0.00425636 0.205107)
(-0.00122489 -0.00468397 0.210383)
(0.000902188 0.00508943 0.179951)
(-0.0033833 -0.0050134 0.201143)
(-0.000968946 0.00439532 0.207876)
(-0.00122378 -0.00487674 0.213565)
(0.000841361 0.00527952 0.182809)
(-0.00341441 -0.00521528 0.204178)
(-0.000869793 0.00450944 0.21051)
(-0.0012234 -0.00507606 0.216552)
(0.000764268 0.00547724 0.185504)
(-0.00343536 -0.00541682 0.207059)
(-0.000759993 0.0046004 0.213056)
(-0.00122648 -0.00527606 0.219366)
(0.000670829 0.00565624 0.188079)
(-0.00344455 -0.0056173 0.2098)
(-0.000643988 0.0046664 0.215554)
(-0.00123489 -0.0054745 0.222024)
(0.00056309 0.00581162 0.19058)
(-0.00344097 -0.00581447 0.212408)
(-0.000523995 0.00473552 0.218002)
(-0.00125003 -0.00567391 0.224543)
(0.000447025 0.00595042 0.193042)
(-0.0034238 -0.006007 0.214888)
(-0.000400288 0.00481831 0.22039)
(-0.00127308 -0.00587524 0.226939)
(0.000325904 0.00609868 0.195455)
(-0.00339206 -0.00619438 0.217244)
(-0.000272937 0.00489448 0.222719)
(-0.00130492 -0.00607631 0.229219)
(0.000199636 0.00625271 0.197802)
(-0.00334541 -0.00638101 0.219479)
(-0.000143287 0.00496704 0.224994)
(-0.00134628 -0.00627451 0.231387)
(6.78589e-05 0.00639934 0.200081)
(-0.00328312 -0.00657074 0.221616)
(-1.32555e-05 0.0050378 0.227221)
(-0.00139779 -0.00646706 0.233442)
(-6.79017e-05 0.00654604 0.202291)
(-0.00319947 -0.00677501 0.223713)
(0.000115005 0.00510691 0.229404)
(-0.0014601 -0.00665152 0.235375)
(-0.000205768 0.00669256 0.204432)
(-0.00309253 -0.00699155 0.225792)
(0.000239204 0.0051739 0.231551)
(-0.00153469 -0.00683157 0.237188)
(-0.000343951 0.00683639 0.206503)
(-0.00296465 -0.00720669 0.227837)
(0.000357011 0.0052402 0.233665)
(-0.00162198 -0.0070134 0.238885)
(-0.000479819 0.00697963 0.208511)
(-0.0028175 -0.00742038 0.229834)
(0.000466022 0.00530474 0.235754)
(-0.00172159 -0.00719714 0.240481)
(-0.000610247 0.00712939 0.210463)
(-0.00265217 -0.00763559 0.231784)
(0.000563573 0.00536538 0.237822)
(-0.00183931 -0.0073928 0.242029)
(-0.000733416 0.00728836 0.212363)
(-0.0024703 -0.00784842 0.233687)
(0.000646988 0.00542042 0.239875)
(-0.00197757 -0.00760086 0.243553)
(-0.000849936 0.00745509 0.214199)
(-0.00227358 -0.00806007 0.235546)
(0.000713882 0.00547517 0.241921)
(-0.0021324 -0.00780969 0.245038)
(-0.000962488 0.00760229 0.215965)
(-0.00206381 -0.00826988 0.237365)
(0.000761071 0.00553037 0.243963)
(-0.00229875 -0.00801493 0.246467)
(-0.00105268 0.00773927 0.217748)
(-0.0018428 -0.00847825 0.239147)
(0.000784396 0.00558636 0.246005)
(-0.0024727 -0.00821927 0.247839)
(-0.00111271 0.00787384 0.219583)
(-0.0016122 -0.00868496 0.240896)
(0.000779863 0.00566195 0.24808)
(-0.00265146 -0.00842054 0.249157)
(-0.00114848 0.00798982 0.22144)
(-0.001373 -0.00888979 0.242616)
(0.000742445 0.00576424 0.250174)
(-0.00283418 -0.00861658 0.250426)
(-0.00115957 0.00810367 0.223318)
(-0.00112529 -0.00909372 0.24431)
(0.000666043 0.00587321 0.252196)
(-0.00302175 -0.00881313 0.251658)
(-0.00114409 0.00821902 0.225224)
(-0.000869321 -0.00929544 0.245981)
(0.000551625 0.00598053 0.254132)
(-0.00321604 -0.00900333 0.252846)
(-0.00110286 0.00833439 0.227166)
(-0.000605897 -0.00949409 0.247633)
(0.000400797 0.00607587 0.255985)
(-0.00342136 -0.00918297 0.254002)
(-0.00103479 0.0084439 0.229137)
(-0.000335555 -0.00968872 0.249269)
(0.000212186 0.0061639 0.257757)
(-0.00364538 -0.00935655 0.255174)
(-0.000938933 0.00854535 0.231151)
(-5.84237e-05 -0.00987678 0.250894)
(-1.70958e-05 0.00624921 0.259454)
(-0.00389669 -0.00951849 0.25633)
(-0.000814068 0.00866532 0.233275)
(0.000225167 -0.010062 0.252512)
(-0.000289396 0.00633517 0.261084)
(-0.00417934 -0.00967218 0.257347)
(-0.000651589 0.00881518 0.235512)
(0.000512592 -0.0102476 0.254129)
(-0.000606181 0.00642331 0.262652)
(-0.00449122 -0.00983208 0.258231)
(-0.000434273 0.008971 0.237721)
(0.000797504 -0.0104234 0.255751)
(-0.000967973 0.00651196 0.264163)
(-0.00482657 -0.00999926 0.258997)
(-0.000165801 0.00912239 0.239884)
(0.0010745 -0.0105746 0.25739)
(-0.00137381 0.00660033 0.265617)
(-0.00517948 -0.0101719 0.259644)
(0.000141486 0.00925625 0.242002)
(0.00134578 -0.0107137 0.259056)
(-0.00182106 0.00668626 0.267016)
(-0.00554381 -0.0103463 0.260162)
(0.000475432 0.0093736 0.244054)
(0.00161501 -0.0108452 0.260748)
(-0.00230351 0.00677822 0.268369)
(-0.00591252 -0.0105205 0.260556)
(0.000823812 0.00948206 0.24602)
(0.00188156 -0.0109733 0.262489)
(-0.0028123 0.00688818 0.269684)
(-0.00627851 -0.0106942 0.26083)
(0.00117597 0.009585 0.247896)
(0.00213918 -0.0110675 0.264319)
(-0.00334268 0.00699412 0.270917)
(-0.00663524 -0.0108675 0.260991)
(0.00152543 0.00968503 0.249687)
(0.00237918 -0.0111022 0.266187)
(-0.00387961 0.00709046 0.272075)
(-0.00697649 -0.0110407 0.261045)
(0.00186984 0.00978002 0.251399)
(0.00259249 -0.0111062 0.267884)
(-0.00439773 0.00718883 0.273219)
(-0.00729578 -0.0112139 0.260996)
(0.00220815 0.00986747 0.253042)
(0.0027691 -0.0110753 0.269405)
(-0.00487167 0.00730018 0.27434)
(-0.00758683 -0.0113868 0.260848)
(0.00253855 0.0099468 0.25462)
(0.00290193 -0.0110196 0.270762)
(-0.00526812 0.00745654 0.275426)
(-0.00784385 -0.0115586 0.260608)
(0.00285847 0.0100175 0.256141)
(0.00299496 -0.0109542 0.271954)
(-0.00557465 0.00766112 0.276349)
(-0.00806145 -0.0117285 0.26028)
(0.00316492 0.0100802 0.257608)
(0.00304603 -0.0108727 0.272957)
(-0.00579761 0.00785517 0.276832)
(-0.00823448 -0.0118948 0.25987)
(0.00345481 0.010135 0.259021)
(0.00304787 -0.0108048 0.273785)
(-0.00596128 0.00801547 0.277161)
(-0.00835835 -0.0120547 0.259384)
(0.0037251 0.0101823 0.260384)
(0.00303767 -0.010768 0.274711)
(-0.00608742 0.00814588 0.277499)
(-0.00843043 -0.0122056 0.258828)
(0.00397306 0.010223 0.261695)
(0.00302405 -0.0107205 0.275794)
(-0.00616071 0.00826091 0.277743)
(-0.00845104 -0.012348 0.258204)
(0.00419671 0.010258 0.262955)
(0.00298872 -0.0106436 0.276982)
(-0.00617404 0.0083605 0.277814)
(-0.00842226 -0.0124848 0.257518)
(0.00439515 0.0102874 0.264165)
(0.0028963 -0.0105183 0.278214)
(-0.00614511 0.00845872 0.277773)
(-0.0083462 -0.0126093 0.256771)
(0.00456861 0.0103108 0.265329)
(0.0027558 -0.0103605 0.279511)
(-0.00607689 0.00854429 0.277637)
(-0.0082271 -0.0127123 0.255966)
(0.0047174 0.0103282 0.266447)
(0.00257225 -0.0101978 0.28084)
(-0.00597102 0.00861858 0.277415)
(-0.00807187 -0.012786 0.255108)
(0.0048416 0.0103405 0.267524)
(0.00234144 -0.0100268 0.282214)
(-0.00583314 0.00868496 0.277122)
(-0.00788384 -0.0128356 0.254179)
(0.0049414 0.0103492 0.26856)
(0.00206215 -0.00985137 0.283536)
(-0.00566846 0.00874136 0.276768)
(-0.00764646 -0.012846 0.253052)
(0.00501727 0.0103557 0.269556)
(0.00173795 -0.00967991 0.28497)
(-0.00548146 0.00878732 0.27636)
(-0.00738565 -0.0128635 0.251921)
(0.00507003 0.0103616 0.270512)
(0.00137287 -0.0094718 0.286537)
(-0.00527599 0.00882178 0.275907)
(-0.0071224 -0.0128808 0.250946)
(0.00510045 0.010367 0.271429)
(0.000970704 -0.00920196 0.288149)
(-0.00505603 0.00884195 0.275415)
(-0.00683988 -0.0128772 0.249939)
(0.0051097 0.0103705 0.272303)
(0.000532113 -0.00888106 0.289636)
(-0.00482731 0.00885342 0.274896)
(-0.00653305 -0.0128518 0.248799)
(0.00510085 0.0103739 0.273136)
(5.47933e-05 -0.00854018 0.290965)
(-0.00458839 0.00882281 0.274363)
(-0.00621153 -0.012793 0.247638)
(0.0050708 0.0103685 0.273925)
(-0.000424471 -0.00813578 0.292206)
(-0.00428987 0.00870401 0.273748)
(-0.00591646 -0.0126709 0.246376)
(0.00496962 0.0103046 0.27458)
(-0.00124187 -0.000125192 -0.00190135)
(0.00224327 0.000101471 -0.00232949)
(0.00125507 -9.0752e-05 0.000557425)
(-0.00231152 0.000118101 -0.000653725)
(-0.00210312 -0.000202435 0.00931203)
(0.00364138 0.000214513 0.00798365)
(0.00214807 -0.000183092 0.0118562)
(-0.00383792 0.000226729 0.0134195)
(-0.00181389 -0.000497163 0.0269913)
(0.00260667 0.000468662 0.025782)
(0.00189455 -0.000402355 0.0270585)
(-0.00292641 0.000526818 0.0345088)
(-0.00149847 -0.000707836 0.042811)
(0.00149072 0.000703758 0.0420495)
(0.00161657 -0.000599688 0.0408191)
(-0.00193064 0.000772713 0.053511)
(-0.00149599 -0.000931612 0.055575)
(0.001053 0.000935601 0.0551464)
(0.00165386 -0.000793564 0.0525457)
(-0.00160241 0.00102579 0.0690405)
(-0.00161932 -0.00115169 0.0669237)
(0.000890691 0.00117342 0.0668335)
(0.00181603 -0.000989384 0.0633013)
(-0.00153926 0.00128082 0.0829285)
(-0.00178969 -0.00136969 0.0775896)
(0.000817507 0.00141387 0.0778963)
(0.00202229 -0.00118486 0.0735673)
(-0.00155456 0.00153545 0.0959849)
(-0.00197167 -0.00158765 0.087871)
(0.000748217 0.00165493 0.0886262)
(0.00223722 -0.00137996 0.0835189)
(-0.00156245 0.00179121 0.108507)
(-0.0021469 -0.00180247 0.0978879)
(0.000645873 0.00189749 0.0991015)
(0.00244424 -0.00157306 0.093205)
(-0.00152613 0.00204821 0.120568)
(-0.00230419 -0.00201627 0.107681)
(0.000497012 0.00213893 0.109315)
(0.00263477 -0.00176442 0.102624)
(-0.00143546 0.00230612 0.132147)
(-0.00243808 -0.00222796 0.117247)
(0.000301596 0.0023807 0.119227)
(0.00280481 -0.0019535 0.111758)
(-0.00129929 0.00256846 0.143185)
(-0.00254983 -0.00243596 0.126554)
(7.79323e-05 0.00262701 0.128759)
(0.00295472 -0.00214158 0.120583)
(-0.00114449 0.00283372 0.153582)
(-0.00264612 -0.00264447 0.135541)
(-0.000143197 0.00287069 0.137775)
(0.00309181 -0.00233082 0.129062)
(-0.00100046 0.00309403 0.16323)
(-0.00273776 -0.00285112 0.144118)
(-0.000340039 0.00310628 0.146198)
(0.00322646 -0.0025173 0.137134)
(-0.000875389 0.00333763 0.172148)
(-0.00283382 -0.00305065 0.152212)
(-0.000517791 0.00332303 0.154106)
(0.00336553 -0.00269922 0.144781)
(-0.00074598 0.00357427 0.180518)
(-0.00293409 -0.00323927 0.159845)
(-0.000718214 0.00353389 0.161723)
(0.0035098 -0.00287854 0.15204)
(-0.000592333 0.00382953 0.18849)
(-0.00303165 -0.00342352 0.167124)
(-0.000963478 0.00376875 0.169177)
(0.00365468 -0.00305859 0.158953)
(-0.000435789 0.00409634 0.195943)
(-0.00312271 -0.00361664 0.174078)
(-0.00121355 0.00401697 0.176242)
(0.00379745 -0.00323905 0.165542)
(-0.000314054 0.00435372 0.202655)
(-0.00322065 -0.00384144 0.180557)
(-0.00141325 0.00424946 0.182595)
(0.00393927 -0.00341926 0.171813)
(-0.000248188 0.00459468 0.208594)
(-0.0033611 -0.00407892 0.186258)
(-0.00153315 0.00445784 0.188171)
(0.0040815 -0.00359871 0.17777)
(-0.000226422 0.00483129 0.213902)
(-0.00356173 -0.00422141 0.191036)
(-0.00159216 0.00461591 0.193142)
(0.00422258 -0.0037708 0.183435)
(-0.00022108 0.00507522 0.218749)
(-0.0037679 -0.00427235 0.195476)
(-0.0016395 0.0048846 0.197735)
(0.00435445 -0.00392833 0.188875)
(-0.000214737 0.00528117 0.223244)
(-0.00388947 -0.00441218 0.200645)
(-0.00155094 0.00532317 0.201569)
(0.00446261 -0.00408444 0.194188)
(-0.000194434 0.00554591 0.22746)
(-0.00390199 -0.00470959 0.206581)
(-0.00108333 0.00565798 0.203541)
(0.00454142 -0.00428215 0.199385)
(-0.000261719 0.00605554 0.231067)
(-0.00389132 -0.00501338 0.212048)
(-0.000253797 0.00560906 0.203634)
(0.00462033 -0.00453647 0.204238)
(-0.000698604 0.00656811 0.232843)
(-0.00395546 -0.00520596 0.216306)
(0.00038442 0.00517167 0.204643)
(0.00475311 -0.00476354 0.208415)
(-0.00161099 0.00649577 0.232084)
(-0.00410205 -0.0052919 0.21963)
(-5.37571e-05 0.00534202 0.211155)
(0.00495309 -0.00483707 0.211954)
(-0.00242438 0.00593515 0.2314)
(-0.00426482 -0.0055543 0.222603)
(-0.00132114 0.00624887 0.221809)
(0.00514655 -0.00491553 0.215515)
(-0.00215831 0.00607086 0.236657)
(-0.00445823 -0.00613252 0.225046)
(-0.00236228 0.00680931 0.230234)
(0.00525503 -0.00518215 0.219679)
(-0.000915776 0.00717914 0.247418)
(-0.00482434 -0.00662099 0.225567)
(-0.00284127 0.00695972 0.235046)
(0.00529434 -0.00551759 0.223896)
(0.000171155 0.00794154 0.256003)
(-0.00543871 -0.00661566 0.223207)
(-0.00279278 0.00684091 0.237512)
(0.00534468 -0.0056985 0.227394)
(0.000662162 0.0081374 0.260628)
(-0.00610143 -0.00570837 0.219916)
(-0.00258552 0.00695469 0.239441)
(0.00545251 -0.00582323 0.230131)
(0.00059022 0.00802433 0.262723)
(-0.00612168 -0.00538179 0.222999)
(-0.00242824 0.00726366 0.241524)
(0.00564147 -0.00629852 0.232181)
(0.000369384 0.00821495 0.264301)
(-0.00525058 -0.00683353 0.235827)
(-0.00231801 0.00747799 0.243667)
(0.00602439 -0.00682824 0.232735)
(0.000221191 0.00849021 0.266066)
(-0.00443536 -0.0076508 0.246459)
(-0.00224958 0.00767596 0.245796)
(0.00668244 -0.00686088 0.23106)
(0.000145886 0.00890826 0.267949)
(-0.00399206 -0.00787064 0.252025)
(-0.00221339 0.00787654 0.247872)
(0.00743274 -0.00598595 0.228576)
(-5.54868e-05 0.00966562 0.269258)
(-0.00397128 -0.00751893 0.25434)
(-0.00218949 0.00809226 0.249878)
(0.00757343 -0.00543602 0.230922)
(-0.000776576 0.0102422 0.268214)
(-0.00405482 -0.00779351 0.255882)
(-0.00215203 0.00830981 0.251812)
(0.00675269 -0.00684708 0.241627)
(-0.00222317 0.0103479 0.263572)
(-0.00414437 -0.00819577 0.257258)
(-0.00209324 0.0085136 0.253676)
(0.00592988 -0.00806179 0.251303)
(-0.00399209 0.00881846 0.257331)
(-0.00424707 -0.00825572 0.258531)
(-0.00202111 0.00870108 0.255471)
(0.00554483 -0.00833082 0.25635)
(-0.00405527 0.00864672 0.259533)
(-0.0042874 -0.00857322 0.259897)
(-0.001952 0.00887877 0.257195)
(0.00565822 -0.00789039 0.258011)
(-0.00241088 0.0111896 0.273846)
(-0.00426048 -0.00880247 0.26129)
(-0.00189985 0.00905186 0.258848)
(0.00589069 -0.00796863 0.258773)
(-0.00133076 0.0114877 0.283232)
(-0.00417583 -0.0090328 0.262677)
(-0.00186013 0.00922168 0.260429)
(0.00600732 -0.00837203 0.259746)
(-0.000472617 0.01192 0.288484)
(-0.00404891 -0.00925258 0.264045)
(-0.00182415 0.00938938 0.261938)
(0.00604387 -0.00855756 0.260901)
(-0.000336686 0.0117239 0.291472)
(-0.00389721 -0.00946687 0.265379)
(-0.00178903 0.00955646 0.263373)
(0.00603119 -0.00875778 0.262156)
(-0.00029281 0.0122434 0.293824)
(-0.00372487 -0.00967792 0.266669)
(-0.00175484 0.00972442 0.264731)
(0.00598424 -0.00895558 0.26345)
(-0.000263928 0.0126398 0.295458)
(-0.00354138 -0.00988803 0.267904)
(-0.00172195 0.00989296 0.266011)
(0.00591617 -0.00916754 0.264754)
(-0.000396193 0.0123544 0.296561)
(-0.00335388 -0.0100987 0.269074)
(-0.00169054 0.0100617 0.267206)
(0.00583526 -0.00937956 0.266049)
(-0.000470461 0.0128203 0.297872)
(-0.00316069 -0.0103083 0.270171)
(-0.00166063 0.0102301 0.268311)
(0.00573858 -0.00958694 0.267323)
(-0.000511866 0.0130936 0.299266)
(-0.00296299 -0.0105169 0.271183)
(-0.00163218 0.0103975 0.269319)
(0.0056253 -0.00979208 0.268564)
(-0.000534743 0.0133671 0.300646)
(-0.00276296 -0.0107215 0.272097)
(-0.00160476 0.0105625 0.27022)
(0.00549466 -0.00999507 0.269764)
(-0.00054326 0.0136281 0.301967)
(-0.0025634 -0.0109325 0.272896)
(-0.00157761 0.0107308 0.271006)
(0.00534567 -0.0101962 0.270919)
(-0.000534576 0.0138852 0.30322)
(-0.002367 -0.0111395 0.273562)
(-0.00154937 0.0109077 0.271667)
(0.00517683 -0.0103956 0.272023)
(-0.00050467 0.0141427 0.304406)
(-0.00217545 -0.0113419 0.274081)
(-0.00151714 0.0110919 0.272187)
(0.00498624 -0.0105936 0.273074)
(-0.000450183 0.0143964 0.305524)
(-0.0019884 -0.011537 0.274445)
(-0.00147798 0.0112825 0.272552)
(0.0047719 -0.0107905 0.274067)
(-0.000368506 0.0146502 0.306574)
(-0.00179489 -0.011535 0.274691)
(-0.00143817 0.0113265 0.272771)
(0.00453271 -0.0109859 0.274999)
(-0.000259392 0.0149087 0.307548)
(-0.00159811 -0.0119907 0.274824)
(-0.00142681 0.0116714 0.272866)
(0.00427148 -0.0111795 0.275863)
(-0.000122751 0.0151568 0.308428)
(-0.00163743 -0.0128412 0.273956)
(-0.0013269 0.0124213 0.272128)
(0.00398691 -0.0113704 0.276655)
(3.14827e-05 0.0153805 0.309215)
(-0.00212406 -0.0131295 0.270289)
(-0.000858341 0.0127906 0.2688)
(0.00366358 -0.0115589 0.27737)
(0.000173403 0.0156045 0.309961)
(-0.00291934 -0.012769 0.263123)
(0.000127822 0.0124354 0.261801)
(0.0032861 -0.0117478 0.278003)
(0.000273921 0.015859 0.310715)
(-0.00401476 -0.0121017 0.253601)
(0.00155042 0.0117073 0.252268)
(0.00285723 -0.0119393 0.278551)
(0.00031723 0.0161396 0.311455)
(-0.00469926 -0.0125893 0.245765)
(0.00269038 0.0115409 0.245613)
(0.0024066 -0.0121353 0.279013)
(0.000307997 0.0164256 0.312127)
(-0.00426235 -0.012592 0.242142)
(0.001807 0.0105444 0.251133)
(0.00197742 -0.0123406 0.279391)
(0.000261646 0.016715 0.312718)
(-0.00226211 -0.0109885 0.250049)
(-0.000724453 0.0133061 0.270326)
(0.00160935 -0.0125516 0.279695)
(0.000195788 0.0170084 0.313241)
(0.000980465 -0.0145259 0.274656)
(-0.00151201 0.0153197 0.279229)
(0.00131935 -0.0127557 0.279923)
(0.000125214 0.0172699 0.313691)
(0.00266638 -0.0173968 0.287476)
(-0.00184348 0.0133502 0.281403)
(0.00108155 -0.0129526 0.280071)
(5.50091e-05 0.0174778 0.314074)
(0.00364541 -0.0151965 0.287629)
(-0.00171243 0.0127111 0.281885)
(0.000863418 -0.0130112 0.280138)
(-5.56163e-05 0.0176668 0.314394)
(0.00348012 -0.0111027 0.277261)
(-0.0017615 0.0146518 0.285184)
(0.000662749 -0.0133533 0.280079)
(-0.000250862 0.0178604 0.314639)
(0.00356222 -0.0138493 0.279501)
(-0.00197808 0.0148711 0.287892)
(0.000683901 -0.0144182 0.278622)
(-0.000486012 0.0180499 0.314789)
(0.00445564 -0.0166054 0.289494)
(-0.00192674 0.0144857 0.288415)
(0.0011324 -0.0151267 0.272923)
(-0.000661319 0.0182145 0.314847)
(0.00533403 -0.0167163 0.295662)
(-0.00185291 0.0145536 0.288152)
(0.00173361 -0.0140811 0.261844)
(-0.000720612 0.0183607 0.31481)
(0.00569084 -0.0155087 0.29671)
(-0.00193417 0.0147687 0.28787)
(0.00196861 -0.00998346 0.249904)
(-0.000692753 0.0185053 0.314666)
(0.00581307 -0.0152829 0.296201)
(-0.00205195 0.0149199 0.287499)
(0.00168194 -0.0134274 0.255114)
(-0.000661949 0.0186461 0.314397)
(0.00596265 -0.0156326 0.295904)
(-0.00213625 0.0150601 0.286999)
(0.00140242 -0.0175166 0.260788)
(-0.000682793 0.0187711 0.313982)
(0.00612365 -0.0157331 0.295715)
(-0.00222216 0.0151971 0.28634)
(0.000258331 -0.0135406 0.261029)
(-0.000720818 0.0188757 0.313398)
(0.00628622 -0.0158132 0.295528)
(-0.00234926 0.0153221 0.28548)
(0.000145917 -0.0122597 0.254482)
(-0.000732886 0.0189601 0.312607)
(0.00644492 -0.0158787 0.295276)
(-0.00248517 0.0154244 0.28437)
(0.000159897 -0.0159797 0.257406)
(-0.000738303 0.0190353 0.311571)
(0.00659919 -0.0158259 0.29495)
(-0.00260987 0.0154759 0.283029)
(-0.000698188 -0.0143571 0.264543)
(-0.000747941 0.0189773 0.310302)
(0.00676242 -0.0154777 0.294842)
(-0.0027888 0.0154158 0.281851)
(-0.00107708 -0.0154474 0.268081)
(-0.000698338 0.0188119 0.309158)
(-0.0049818 -0.00287786 0.290164)
(-0.0103899 0.00495752 0.284871)
(-0.00226573 -0.00579691 0.255333)
(0.0115061 0.00463076 0.272856)
(-0.00513762 -0.00292149 0.291018)
(-0.0102807 0.00484181 0.284572)
(-0.00221343 -0.00584327 0.253784)
(0.0113062 0.00444139 0.273324)
(-0.0053103 -0.00291368 0.291892)
(-0.0101702 0.00470079 0.284201)
(-0.00215211 -0.00587816 0.252244)
(0.0110497 0.00422459 0.273706)
(-0.00547865 -0.00285901 0.292695)
(-0.0099992 0.00455727 0.283707)
(-0.00210558 -0.00591631 0.250764)
(0.0107552 0.00399028 0.274065)
(-0.00563752 -0.00285246 0.293556)
(-0.00978211 0.00441656 0.283093)
(-0.00207223 -0.00595543 0.249309)
(0.010451 0.00374302 0.274557)
(-0.00579147 -0.00289398 0.294396)
(-0.00953257 0.00427873 0.28237)
(-0.00204908 -0.00596537 0.247803)
(0.0101754 0.00351882 0.275191)
(-0.00594671 -0.00287441 0.294875)
(-0.00925603 0.00414403 0.281547)
(-0.00203426 -0.00594331 0.246303)
(0.0099391 0.00333426 0.27593)
(-0.00610391 -0.00286662 0.295255)
(-0.00895554 0.00401334 0.280628)
(-0.00203473 -0.00592188 0.244739)
(0.00977211 0.00315228 0.276399)
(-0.0062627 -0.00289939 0.295723)
(-0.00863689 0.00388878 0.279615)
(-0.00207082 -0.0058855 0.242867)
(0.00970235 0.00299612 0.276362)
(-0.00641892 -0.0028985 0.296038)
(-0.00830972 0.00376969 0.278515)
(-0.00215636 -0.00579834 0.240637)
(0.0096558 0.00288292 0.276155)
(-0.00657161 -0.00286753 0.296104)
(-0.00798962 0.00363322 0.277334)
(-0.00227787 -0.00566895 0.238063)
(0.00953893 0.00277721 0.275574)
(-0.00671885 -0.00285372 0.296115)
(-0.00770401 0.00352233 0.276058)
(-0.00238226 -0.00553519 0.235345)
(0.00927216 0.00264658 0.274423)
(-0.00685779 -0.00288847 0.296272)
(-0.0073632 0.00350221 0.274564)
(-0.00241382 -0.00548713 0.232983)
(0.0088561 0.00248097 0.272938)
(-0.00697715 -0.00292988 0.29646)
(-0.00651244 0.00340469 0.272639)
(-0.00238614 -0.00552551 0.231237)
(0.00855861 0.0022661 0.271416)
(-0.00706329 -0.00291428 0.296631)
(-0.00489003 0.003101 0.27011)
(-0.00236698 -0.00551496 0.229696)
(0.00853093 0.00211113 0.270097)
(-0.00711113 -0.00292136 0.296965)
(-0.00336611 0.00275931 0.267297)
(-0.00239728 -0.00541897 0.22801)
(0.00852409 0.00198099 0.269026)
(-0.00712367 -0.00302246 0.297514)
(-0.00322216 0.00268466 0.265222)
(-0.00246966 -0.00530399 0.226116)
(0.00837125 0.00185825 0.268141)
(-0.007102 -0.00297358 0.298049)
(-0.00384596 0.00270586 0.263868)
(-0.0025583 -0.00520051 0.224109)
(0.00811943 0.00178399 0.267272)
(-0.00705386 -0.00288481 0.298494)
(-0.00423326 0.00260617 0.262658)
(-0.00264634 -0.0051079 0.222086)
(0.00782212 0.00170386 0.266339)
(-0.00698774 -0.00295982 0.298819)
(-0.00418735 0.00241537 0.26129)
(-0.00272919 -0.00503054 0.220112)
(0.00749618 0.00158806 0.265367)
(-0.00689139 -0.00295871 0.298751)
(-0.00393612 0.00225787 0.2598)
(-0.00281043 -0.00495902 0.218209)
(0.00715013 0.00155778 0.26445)
(-0.00675635 -0.00302092 0.297901)
(-0.0036437 0.00216103 0.258278)
(-0.00288793 -0.00491948 0.216434)
(0.00678368 0.00150487 0.263567)
(-0.00656387 -0.00298488 0.295967)
(-0.0033387 0.00208069 0.256752)
(-0.00295602 -0.00491432 0.214843)
(0.006398 0.00144372 0.262704)
(-0.00629944 -0.0027949 0.292819)
(-0.00301845 0.00200294 0.255214)
(-0.00302885 -0.00488547 0.213288)
(0.00599302 0.00140053 0.261826)
(-0.00602 -0.00266599 0.288982)
(-0.00268297 0.00193232 0.253656)
(-0.00311229 -0.00481736 0.211682)
(0.0055695 0.00136606 0.260898)
(-0.00581428 -0.00263099 0.285964)
(-0.00233405 0.00186538 0.252073)
(-0.00320156 -0.0047428 0.210055)
(0.00513051 0.00132882 0.259916)
(-0.00569059 -0.00264711 0.284569)
(-0.00197427 0.00180164 0.250467)
(-0.00329389 -0.00467519 0.20844)
(0.00468092 0.00129408 0.258883)
(-0.0056099 -0.00271108 0.284401)
(-0.00160671 0.00174098 0.248838)
(-0.00338892 -0.0045994 0.206839)
(0.00422823 0.00126065 0.257795)
(-0.0055281 -0.00271866 0.284549)
(-0.00123485 0.00168158 0.247185)
(-0.00348587 -0.00451805 0.205246)
(0.00378164 0.00121721 0.256645)
(-0.00542993 -0.00264068 0.284337)
(-0.000862506 0.0016171 0.245504)
(-0.00358377 -0.00443507 0.203658)
(0.00334983 0.00117165 0.255422)
(-0.00532372 -0.00253679 0.283628)
(-0.000492964 0.00154311 0.243793)
(-0.00368195 -0.00435122 0.202073)
(0.00293929 0.00110111 0.254131)
(-0.00521591 -0.00245616 0.282623)
(-0.000126442 0.00146656 0.242068)
(-0.00377994 -0.00427068 0.200489)
(0.0025535 0.00104928 0.252778)
(-0.0051049 -0.00239936 0.281515)
(0.000234996 0.00140953 0.240327)
(-0.00387726 -0.00419402 0.198909)
(0.0022175 0.00104309 0.251212)
(-0.00498939 -0.00234425 0.280354)
(0.000572635 0.00136784 0.238496)
(-0.00397147 -0.00411728 0.197352)
(0.00194035 0.00100586 0.249385)
(-0.00486992 -0.0022991 0.279138)
(0.000880861 0.00133309 0.236552)
(-0.00406148 -0.00403365 0.195803)
(0.00170171 0.000952567 0.247371)
(-0.0047447 -0.00224236 0.277859)
(0.0011601 0.00130205 0.234494)
(-0.00415345 -0.00393422 0.194182)
(0.00146887 0.000922921 0.245303)
(-0.00461348 -0.00217455 0.276527)
(0.00140975 0.00125097 0.232314)
(-0.00424766 -0.00382561 0.192476)
(0.00124084 0.000887366 0.243225)
(-0.00447512 -0.0021343 0.275181)
(0.00164339 0.00119092 0.23005)
(-0.00434024 -0.00371667 0.190708)
(0.0010156 0.00085941 0.24115)
(-0.00431888 -0.00209224 0.273834)
(0.00187403 0.0011445 0.227754)
(-0.00442892 -0.00360854 0.188881)
(0.000792402 0.00083147 0.239063)
(-0.00415024 -0.00207296 0.272499)
(0.00209682 0.00109869 0.225435)
(-0.00451216 -0.00349952 0.186988)
(0.000571646 0.00080825 0.236933)
(-0.00399292 -0.00209923 0.271159)
(0.00230796 0.00105532 0.223087)
(-0.00458847 -0.00339179 0.185033)
(0.000355016 0.000789969 0.234733)
(-0.00384743 -0.00210829 0.269666)
(0.00250423 0.00101651 0.220695)
(-0.00465698 -0.00328571 0.183013)
(0.000144503 0.000770596 0.232449)
(-0.00371185 -0.00207539 0.267893)
(0.0026841 0.000982304 0.218242)
(-0.00471708 -0.00318246 0.180924)
(-5.89975e-05 0.000750674 0.230074)
(-0.0035798 -0.00200904 0.26581)
(0.0028466 0.000947436 0.215714)
(-0.00476813 -0.00308162 0.178761)
(-0.000254786 0.000730743 0.227603)
(-0.00344667 -0.00194105 0.263525)
(0.00299062 0.000910281 0.213104)
(-0.0048083 -0.00298292 0.176527)
(-0.000441444 0.000710048 0.225028)
(-0.00330956 -0.0018841 0.261144)
(0.00311524 0.000871929 0.210406)
(-0.00483612 -0.00288349 0.174215)
(-0.00061692 0.000689186 0.222343)
(-0.0031682 -0.00183476 0.258698)
(0.00321914 0.000836076 0.207615)
(-0.00485322 -0.00277862 0.171795)
(-0.000780126 0.000669054 0.219542)
(-0.00302674 -0.00179207 0.256148)
(0.00329893 0.000803989 0.204714)
(-0.00486019 -0.00266906 0.169247)
(-0.00093467 0.000648229 0.216622)
(-0.00289062 -0.00175053 0.253407)
(0.00335231 0.000776251 0.201689)
(-0.00485532 -0.00255889 0.166569)
(-0.00108812 0.000624986 0.213575)
(-0.00276315 -0.00169699 0.250364)
(0.00338213 0.000751818 0.198528)
(-0.00483674 -0.00244973 0.163757)
(-0.00124273 0.000598721 0.210384)
(-0.00264362 -0.00163019 0.246965)
(0.00339759 0.00072674 0.195221)
(-0.00480345 -0.00234117 0.160801)
(-0.00139233 0.00057027 0.207027)
(-0.00252822 -0.00156611 0.243255)
(0.00340838 0.00069902 0.191747)
(-0.00475465 -0.00223321 0.157688)
(-0.00152898 0.000542753 0.203478)
(-0.00241336 -0.00151748 0.239313)
(0.00341322 0.000668441 0.188079)
(-0.00468931 -0.00212577 0.154399)
(-0.00164378 0.000517381 0.199702)
(-0.00229902 -0.00147782 0.235152)
(0.00340007 0.000637518 0.184189)
(-0.0046062 -0.00201859 0.15091)
(-0.00172621 0.000493286 0.195666)
(-0.00218876 -0.00143443 0.230696)
(0.00335741 0.000608632 0.18005)
(-0.00450413 -0.00191101 0.147197)
(-0.00176989 0.000469592 0.191348)
(-0.00208632 -0.00138377 0.225848)
(0.00327934 0.000580732 0.175638)
(-0.00438229 -0.00180238 0.143233)
(-0.00177428 0.000444856 0.186727)
(-0.0019931 -0.00132948 0.220549)
(0.00316317 0.000552778 0.17093)
(-0.0042404 -0.00169264 0.138994)
(-0.00174055 0.000418477 0.181788)
(-0.00190803 -0.00127603 0.214778)
(0.00300681 0.000524441 0.165901)
(-0.00407827 -0.00158246 0.134462)
(-0.00166833 0.000391161 0.17651)
(-0.00182944 -0.00122361 0.208529)
(0.00280785 0.000495591 0.160528)
(-0.00389589 -0.00147282 0.129627)
(-0.00155533 0.000363671 0.170869)
(-0.00175654 -0.00117047 0.201782)
(0.00256351 0.000466135 0.154788)
(-0.0036938 -0.00136436 0.124489)
(-0.00139835 0.000336355 0.164839)
(-0.00168946 -0.00111586 0.19451)
(0.00227093 0.000435876 0.148658)
(-0.00347315 -0.00125749 0.119055)
(-0.00119416 0.000309145 0.158399)
(-0.00162877 -0.00105935 0.186675)
(0.00192768 0.000405568 0.14212)
(-0.00323564 -0.00115246 0.11334)
(-0.000939966 0.000281761 0.151527)
(-0.00157484 -0.00100189 0.178247)
(0.00153492 0.000374905 0.13516)
(-0.0029837 -0.00104953 0.107361)
(-0.000633173 0.000254683 0.144205)
(-0.00152882 -0.000944112 0.169187)
(0.00110134 0.000342675 0.12777)
(-0.00272068 -0.000948971 0.101149)
(-0.000273964 0.000227756 0.13643)
(-0.00149208 -0.000884708 0.159459)
(0.000627713 0.000308818 0.119917)
(-0.00245086 -0.000851037 0.094748)
(0.000128334 0.000200429 0.128204)
(-0.00146334 -0.000822778 0.149029)
(9.34752e-05 0.000273952 0.111583)
(-0.00217936 -0.000756 0.0882185)
(0.000571972 0.000172788 0.119493)
(-0.00143926 -0.000758091 0.137907)
(-0.000523971 0.000240078 0.102806)
(-0.00191162 -0.000664236 0.0816319)
(0.00108067 0.000145306 0.110282)
(-0.00141366 -0.000691762 0.126192)
(-0.00123473 0.000207997 0.0936639)
(-0.00165263 -0.000576306 0.0750609)
(0.00167971 0.000119663 0.100617)
(-0.00137778 -0.000624789 0.114082)
(-0.00203653 0.000178085 0.0842856)
(-0.0014061 -0.000492921 0.0685671)
(0.00237586 9.67196e-05 0.0905965)
(-0.00132472 -0.000556236 0.101836)
(-0.0029101 0.000151618 0.0748332)
(-0.00117372 -0.0004148 0.0621888)
(0.00315731 7.70302e-05 0.0803832)
(-0.00125179 -0.000485616 0.0897444)
(-0.00381422 0.000129185 0.0654788)
(-0.000954977 -0.000342563 0.0559322)
(0.00398956 6.15475e-05 0.0701759)
(-0.00116194 -0.000413042 0.0780413)
(-0.00468625 0.000110895 0.056371)
(-0.00074732 -0.000276733 0.0497684)
(0.00481261 5.05971e-05 0.0601777)
(-0.00106432 -0.00033831 0.0668162)
(-0.00544618 9.64567e-05 0.0476125)
(-0.000546407 -0.000217672 0.0436309)
(0.00554339 4.39961e-05 0.0505623)
(-0.000972526 -0.000261186 0.0559708)
(-0.0059958 8.44533e-05 0.03926)
(-0.000346022 -0.000164948 0.0374084)
(0.00607673 4.05928e-05 0.041463)
(-0.000902352 -0.000186473 0.0452334)
(-0.00620539 7.51122e-05 0.0313421)
(-0.000137337 -0.000119823 0.030926)
(0.00627521 3.98965e-05 0.0329884)
(-0.000871018 -0.00012296 0.0341769)
(-0.00588675 6.99209e-05 0.0238839)
(9.24981e-05 -8.49849e-05 0.0239123)
(0.00594434 4.18552e-05 0.0252572)
(-0.000898803 -3.24635e-05 0.0222709)
(-0.00475462 3.64236e-05 0.0170049)
(0.000362458 -3.53099e-05 0.0160262)
(0.00479508 2.64129e-05 0.0185161)
(-0.000795069 -3.90131e-05 0.0108454)
(-0.00271113 4.2958e-05 0.0104102)
(0.000488086 -3.51059e-05 0.00808536)
(0.00273166 2.97594e-05 0.0119698)
(-0.000344413 1.42313e-05 0.00246978)
(-0.000565693 7.44363e-07 0.00354288)
(0.000248088 5.04469e-06 0.00191333)
(0.000571223 2.46235e-06 0.00430771)
(-0.00213569 0.0051072 0.285733)
(-0.00171007 -0.00408206 0.274988)
(0.00119396 0.000880186 0.253159)
(0.00103352 -0.00512456 0.301087)
(-0.00217509 0.00490162 0.284044)
(-0.00152196 -0.00411231 0.274201)
(0.00116467 0.000915254 0.251201)
(0.00041904 -0.00531294 0.303456)
(-0.00220556 0.00483707 0.283302)
(-0.00135917 -0.00410818 0.273048)
(0.00111433 0.000929308 0.248534)
(-0.000837189 -0.00518048 0.310508)
(-0.00221801 0.00477439 0.282471)
(-0.00117449 -0.00409217 0.271866)
(0.00106752 0.00113191 0.247125)
(-0.00251789 -0.00465214 0.320307)
(-0.00222191 0.00468062 0.281636)
(-0.000968608 -0.00407209 0.270654)
(0.00106004 0.00128927 0.250212)
(-0.00367193 -0.00459673 0.324717)
(-0.00222438 0.00458041 0.280792)
(-0.00074381 -0.0040497 0.269384)
(0.00102056 0.000622791 0.253548)
(-0.00291598 -0.00430131 0.314436)
(-0.00222838 0.00448853 0.279932)
(-0.00051074 -0.00402515 0.268047)
(0.00089613 0.000639031 0.249457)
(-0.000760551 -0.00500079 0.291909)
(-0.00223676 0.00440134 0.279041)
(-0.000285744 -0.00399683 0.266638)
(0.000757559 0.00128457 0.240128)
(-0.000337962 -0.00548003 0.282874)
(-0.00223656 0.00430581 0.278077)
(-7.32672e-05 -0.00396334 0.26516)
(0.00063 0.000968032 0.232924)
(-0.00081214 -0.0042546 0.282326)
(-0.00222138 0.00417324 0.276974)
(0.000125997 -0.00392435 0.263597)
(0.000527868 0.00098702 0.227487)
(-0.00175944 -0.00438248 0.283183)
(-0.00219725 0.00407602 0.275643)
(0.000303234 -0.0038815 0.261926)
(0.000449988 0.00120439 0.222933)
(-0.00205403 -0.0049537 0.28082)
(-0.00217565 0.00418279 0.274739)
(0.00045414 -0.00383758 0.260129)
(0.000392599 0.00119391 0.219941)
(-0.00181681 -0.00441179 0.276906)
(-0.0021769 0.00426921 0.27672)
(0.000578923 -0.00379324 0.258228)
(0.000374743 0.00108976 0.219538)
(-0.00192081 -0.00479849 0.273288)
(-0.00218976 0.00398871 0.283431)
(0.000682344 -0.00374479 0.256286)
(0.000363946 0.00103274 0.219781)
(-0.00244365 -0.00441691 0.272793)
(-0.00216667 0.00335444 0.29255)
(0.000777155 -0.00368834 0.254373)
(0.000340692 0.00107736 0.219367)
(-0.00300618 -0.00415148 0.274505)
(-0.00204037 0.00287754 0.294507)
(0.000877722 -0.00362471 0.252545)
(0.000316522 0.00112028 0.218349)
(-0.00340408 -0.00383918 0.273528)
(-0.00176714 0.00303628 0.282655)
(0.000996986 -0.00356028 0.250843)
(0.000320146 0.00111176 0.217249)
(-0.00271992 -0.00431071 0.266099)
(-0.00154056 0.00356494 0.266511)
(0.00114422 -0.00350281 0.249274)
(0.000369167 0.001095 0.216161)
(-0.00203171 -0.00493049 0.259893)
(-0.00144044 0.00338732 0.258605)
(0.0013114 -0.0034521 0.247799)
(0.000459792 0.00109262 0.214981)
(-0.00205306 -0.00428289 0.257982)
(-0.00134182 0.0028717 0.255511)
(0.00147773 -0.00340377 0.24635)
(0.000562242 0.00108624 0.213747)
(-0.00230667 -0.00402639 0.257187)
(-0.00128276 0.0029077 0.252405)
(0.00162933 -0.00335682 0.244875)
(0.00066925 0.00107931 0.212475)
(-0.00254296 -0.0041346 0.256201)
(-0.00124889 0.00333645 0.249118)
(0.00176646 -0.00331182 0.243364)
(0.000782703 0.00107081 0.211176)
(-0.00277024 -0.0040916 0.25514)
(-0.001296 0.002935 0.248854)
(0.00188478 -0.0032658 0.241838)
(0.000901834 0.00106105 0.209856)
(-0.00298258 -0.00404872 0.254019)
(-0.0013578 0.00247947 0.250872)
(0.00197868 -0.00321903 0.240324)
(0.00102605 0.00105063 0.208518)
(-0.00316493 -0.00399322 0.252808)
(-0.00137961 0.00250716 0.250359)
(0.00205236 -0.00316782 0.238832)
(0.00115526 0.00103983 0.207162)
(-0.00330794 -0.0038614 0.251461)
(-0.00135074 0.00257879 0.246786)
(0.00211214 -0.00308467 0.237349)
(0.00129071 0.00102991 0.205789)
(-0.00340575 -0.00385401 0.249903)
(-0.00125785 0.00283426 0.243454)
(0.00215376 -0.00302595 0.235806)
(0.00142955 0.00101747 0.204397)
(-0.00355709 -0.00408081 0.248581)
(-0.00121773 0.00251255 0.241699)
(0.00224395 -0.00316676 0.234432)
(0.00155501 0.000985361 0.20296)
(-0.00406578 -0.00424076 0.249222)
(-0.00120215 0.00228966 0.240343)
(0.00268507 -0.00334425 0.234659)
(0.0016486 0.000958029 0.201385)
(-0.00518103 -0.00406039 0.253352)
(-0.0011685 0.00225473 0.238779)
(0.00374045 -0.00317872 0.238052)
(0.00174038 0.00110238 0.199875)
(-0.0065773 -0.00308411 0.259116)
(-0.00113493 0.0021323 0.237082)
(0.00498581 -0.00248589 0.242895)
(0.0019633 0.00129744 0.200033)
(-0.00648509 -0.00272046 0.255707)
(-0.00111824 0.00201298 0.235287)
(0.00478921 -0.00208186 0.240176)
(0.00236906 0.001155 0.203536)
(-0.00424978 -0.00352257 0.237991)
(-0.00111605 0.00191417 0.233414)
(0.00261908 -0.00273914 0.225897)
(0.00270687 0.00057933 0.207734)
(-0.00278006 -0.0034433 0.226722)
(-0.00112238 0.00184165 0.231481)
(0.00107652 -0.00283932 0.216246)
(0.00263905 0.00035796 0.203326)
(-0.00194851 -0.00364637 0.220552)
(-0.00113367 0.00178089 0.229493)
(0.000239555 -0.00277601 0.211343)
(0.00234715 0.000939429 0.18978)
(-0.00172741 -0.00319986 0.217256)
(-0.0011464 0.00168427 0.227441)
(6.5003e-05 -0.00250582 0.208847)
(0.00214294 0.00100474 0.181064)
(-0.00159979 -0.00322318 0.214677)
(-0.00116363 0.00161589 0.225293)
(-1.9264e-05 -0.00252909 0.206737)
(0.00201667 0.000916854 0.176511)
(-0.00154069 -0.00334974 0.212689)
(-0.00121461 0.00177683 0.223293)
(-6.57827e-05 -0.00255829 0.204982)
(0.00215023 0.00077981 0.174101)
(-0.00160608 -0.00297111 0.211153)
(-0.00140782 0.00194031 0.222687)
(-8.11511e-06 -0.00233315 0.203465)
(0.00229095 0.000833828 0.171915)
(-0.00163657 -0.00300239 0.209405)
(-0.00179218 0.00173714 0.224803)
(-1.09115e-05 -0.00232417 0.201673)
(0.00240593 0.000828616 0.170035)
(-0.00163463 -0.00292932 0.207504)
(-0.00215535 0.00113453 0.227865)
(-6.15143e-05 -0.00223845 0.199674)
(0.00257382 0.000754911 0.168458)
(-0.00160533 -0.00285528 0.205469)
(-0.00205948 0.000750833 0.223983)
(-0.000134797 -0.00221997 0.197497)
(0.00281028 0.000916152 0.167196)
(-0.00156147 -0.00277561 0.203307)
(-0.00151458 0.00115489 0.210099)
(-0.000111195 -0.00224524 0.195434)
(0.00318236 0.000852444 0.167515)
(-0.0015228 -0.00269368 0.201024)
(-0.00103604 0.00145075 0.198634)
(0.00014795 -0.00217559 0.194044)
(0.00355214 0.000625445 0.168593)
(-0.00150206 -0.00261628 0.198624)
(-0.000766893 0.00149948 0.192408)
(0.00055708 -0.00197941 0.193091)
(0.00372669 0.000439497 0.166669)
(-0.00149597 -0.00252813 0.196104)
(-0.000810643 0.0011935 0.18959)
(0.00072612 -0.00177629 0.190838)
(0.00364591 0.000600274 0.159734)
(-0.00149129 -0.0024647 0.193456)
(-0.000985203 0.00103164 0.187469)
(0.000318339 -0.00177775 0.185831)
(0.00347384 0.000787698 0.15244)
(-0.00150737 -0.00244199 0.19077)
(-0.00112714 0.00108515 0.184942)
(-0.000370628 -0.00185654 0.179833)
(0.00337871 0.000787634 0.147558)
(-0.00161838 -0.00240046 0.188366)
(-0.001244 0.00104584 0.182125)
(-0.000895008 -0.00188043 0.174854)
(0.00346725 0.000664975 0.144602)
(-0.00186237 -0.00230345 0.186405)
(-0.00135019 0.00100283 0.179103)
(-0.00105677 -0.00177768 0.171084)
(0.00363794 0.00062476 0.14201)
(-0.00213551 -0.00212392 0.184322)
(-0.00145707 0.000961478 0.175921)
(-0.000947794 -0.00164877 0.167976)
(0.00379878 0.000663256 0.139192)
(-0.00218129 -0.00196779 0.180881)
(-0.00157397 0.000928264 0.172586)
(-0.000778667 -0.00157852 0.164831)
(0.00397466 0.000648474 0.136426)
(-0.0018484 -0.00193734 0.175488)
(-0.0017108 0.000900396 0.169125)
(-0.000681632 -0.00148537 0.160999)
(0.00415311 0.000607999 0.133568)
(-0.00133093 -0.00196033 0.16928)
(-0.00187143 0.000868251 0.165599)
(-0.000748312 -0.00142638 0.156232)
(0.00428832 0.000564166 0.129984)
(-0.000943141 -0.0019349 0.163756)
(-0.00204313 0.000820822 0.161929)
(-0.000941385 -0.00139215 0.150829)
(0.00433193 0.000550295 0.125138)
(-0.000822541 -0.00181329 0.159292)
(-0.0021948 0.000763145 0.157759)
(-0.00115125 -0.00132717 0.145171)
(0.00428685 0.000560595 0.119269)
(-0.000876436 -0.00165959 0.155202)
(-0.00229288 0.000719102 0.152666)
(-0.00133024 -0.00125549 0.139364)
(0.00420889 0.000562487 0.113153)
(-0.000911245 -0.00154343 0.150553)
(-0.00232908 0.000694987 0.146609)
(-0.00147636 -0.00118269 0.133358)
(0.0041462 0.000544867 0.107295)
(-0.000813446 -0.00146797 0.144976)
(-0.00232773 0.000673956 0.139994)
(-0.0016037 -0.00111255 0.127081)
(0.0041095 0.000515071 0.10165)
(-0.000607413 -0.00139739 0.138681)
(-0.00232074 0.000641516 0.133193)
(-0.00172087 -0.0010435 0.120497)
(0.00407829 0.000487052 0.0959119)
(-0.000369687 -0.00131044 0.131984)
(-0.00232317 0.000598654 0.126266)
(-0.00182844 -0.000974121 0.113603)
(0.00402599 0.00046546 0.0898532)
(-0.000145096 -0.00121789 0.125019)
(-0.00232914 0.000556388 0.119072)
(-0.0019243 -0.000904424 0.106406)
(0.00394561 0.000444405 0.0834595)
(5.71664e-05 -0.00112518 0.117778)
(-0.00232485 0.000518043 0.111477)
(-0.00200474 -0.000835288 0.0989145)
(0.00384272 0.000419515 0.0768341)
(0.000244387 -0.00103332 0.110203)
(-0.00230286 0.00048103 0.103434)
(-0.00206261 -0.000765951 0.0911539)
(0.00371842 0.000390553 0.0700212)
(0.000424208 -0.000943913 0.102242)
(-0.00226667 0.000443161 0.0949778)
(-0.00209507 -0.000695496 0.0831448)
(0.0035703 0.00035907 0.0629837)
(0.000591282 -0.000855751 0.0939008)
(-0.00221958 0.000402603 0.0861883)
(-0.00211222 -0.000624542 0.0748648)
(0.00339026 0.000328152 0.0556864)
(0.000735095 -0.000767188 0.085239)
(-0.00215679 0.00035924 0.0770646)
(-0.00213653 -0.000554489 0.0662891)
(0.00317122 0.000297921 0.0481531)
(0.000860255 -0.000678829 0.0762546)
(-0.00206938 0.00031491 0.0675382)
(-0.00219327 -0.000487465 0.057457)
(0.00291451 0.000268089 0.0404816)
(0.000990381 -0.000591652 0.0668877)
(-0.00194412 0.000273206 0.0576105)
(-0.00229459 -0.000423742 0.0484909)
(0.00262615 0.000239322 0.0328157)
(0.00115856 -0.000510203 0.0571543)
(-0.00177417 0.000235185 0.0474211)
(-0.00243493 -0.000363209 0.0395804)
(0.00231667 0.000211775 0.0253314)
(0.00138007 -0.000435222 0.0472067)
(-0.00156661 0.000200994 0.0372436)
(-0.00259403 -0.000306592 0.0309503)
(0.00199947 0.000185319 0.0182155)
(0.00164105 -0.000365653 0.0373225)
(-0.0013373 0.000171499 0.0274259)
(-0.00273879 -0.000254021 0.0228314)
(0.00168918 0.000159851 0.0116502)
(0.00190684 -0.000302521 0.0278385)
(-0.00110896 0.000146782 0.0183492)
(-0.00282595 -0.000205676 0.015446)
(0.00140139 0.00013545 0.00582275)
(0.00212605 -0.000245759 0.0191046)
(-0.000909409 0.000124818 0.0104153)
(-0.0028004 -0.000160519 0.00902694)
(0.00115487 0.00011095 0.000965339)
(0.00223348 -0.000193777 0.0114725)
(-0.000773193 0.000107224 0.0040957)
(-0.00258573 -0.000121208 0.00387245)
(0.000976296 8.87421e-05 -0.0025775)
(0.0021447 -0.000149167 0.00534363)
(-0.000747715 9.77277e-05 3.86925e-05)
(-0.00206653 -9.29408e-05 0.000426865)
(0.000907777 7.39857e-05 -0.00425401)
(0.00173963 -0.000117352 0.00126787)
(-0.000903899 4.10097e-05 -0.000703366)
(-0.00106295 -2.92802e-05 -0.000538183)
(0.00101727 2.08854e-05 -0.00310059)
(0.000836636 -4.19953e-05 0.000152599)
(-0.000943214 6.21284e-05 0.00107099)
(2.38245e-05 -4.94407e-05 0.000577695)
(0.00101458 4.62375e-05 -5.28317e-05)
(-0.0001548 -6.14461e-05 0.00133243)
(-0.000448293 -4.53679e-06 0.00160835)
(0.000325429 1.18305e-05 0.00109434)
(0.000473991 -1.13632e-05 0.00123744)
(-0.000366946 9.83281e-06 0.00153034)
(-0.000826542 -0.00784023 0.293348)
(-0.00391082 0.00868252 0.272997)
(-0.00573923 -0.0126346 0.245019)
(0.00477558 0.0103242 0.275018)
(-0.0011257 -0.00762395 0.294327)
(-0.00347121 0.00873348 0.272144)
(-0.00570088 -0.012664 0.243572)
(0.00450723 0.010423 0.275241)
(-0.00139911 -0.00730978 0.295194)
(-0.00300318 0.00869748 0.271251)
(-0.00572153 -0.0125956 0.242037)
(0.00419458 0.0104516 0.275308)
(-0.00171466 -0.00702492 0.29605)
(-0.00254168 0.00862227 0.270367)
(-0.00574161 -0.0124745 0.240377)
(0.00387511 0.0104874 0.275252)
(-0.0020753 -0.00669564 0.296765)
(-0.00208753 0.00853811 0.269485)
(-0.00576433 -0.0123366 0.238616)
(0.00355869 0.0105394 0.274975)
(-0.00247036 -0.00631316 0.297393)
(-0.00164039 0.00844081 0.268603)
(-0.00579635 -0.0122025 0.236832)
(0.00324284 0.0105671 0.274482)
(-0.00288579 -0.00598084 0.298248)
(-0.00120205 0.00832871 0.267723)
(-0.00584238 -0.0120849 0.234981)
(0.00293269 0.0105498 0.273814)
(-0.0033044 -0.00564311 0.299084)
(-0.000773586 0.0082026 0.266846)
(-0.00590447 -0.0119737 0.2331)
(0.00260557 0.0105259 0.273236)
(-0.00370786 -0.00526684 0.299699)
(-0.000354138 0.00806433 0.265971)
(-0.00598099 -0.0118774 0.231335)
(0.00223307 0.0104816 0.272889)
(-0.00408505 -0.00492265 0.300303)
(5.74138e-05 0.0079148 0.265101)
(-0.00607383 -0.01179 0.229645)
(0.00184891 0.0103995 0.272531)
(-0.00441688 -0.0046145 0.300967)
(0.000461231 0.00775505 0.264238)
(-0.00618429 -0.0116858 0.228027)
(0.00148423 0.0103081 0.272323)
(-0.00467523 -0.0043059 0.301466)
(0.000856594 0.00759189 0.2634)
(-0.0063112 -0.0115707 0.226547)
(0.00112224 0.0102279 0.272452)
(-0.00483532 -0.00396815 0.301575)
(0.00124579 0.00742038 0.262583)
(-0.00645545 -0.0114376 0.225159)
(0.000769541 0.0101638 0.272764)
(-0.0048949 -0.00363839 0.301401)
(0.00162904 0.00724755 0.261808)
(-0.0066222 -0.0112725 0.223723)
(0.000390561 0.0101666 0.273028)
(-0.0048663 -0.00336943 0.300997)
(0.00200104 0.00709269 0.261137)
(-0.006812 -0.0111102 0.222259)
(-4.82313e-05 0.0101538 0.273064)
(-0.00476247 -0.00309204 0.300233)
(0.0023673 0.00697694 0.260506)
(-0.00702198 -0.0109665 0.220777)
(-0.000500916 0.0101182 0.272806)
(-0.00459591 -0.00276686 0.299109)
(0.00274248 0.00687622 0.25972)
(-0.00724754 -0.0108237 0.21927)
(-0.000955863 0.0100575 0.272249)
(-0.00438228 -0.00256929 0.297825)
(0.0031232 0.0067712 0.258788)
(-0.00748267 -0.0106843 0.217733)
(-0.00142547 0.00994304 0.271537)
(-0.00412726 -0.00240989 0.296444)
(0.00350615 0.00666483 0.257751)
(-0.00772233 -0.0105428 0.216159)
(-0.00190067 0.00983598 0.270764)
(-0.00383185 -0.0021734 0.294948)
(0.00389225 0.00655657 0.256611)
(-0.00796302 -0.0103763 0.214548)
(-0.00237998 0.00976252 0.269911)
(-0.00351112 -0.00202915 0.293447)
(0.00428362 0.00642697 0.25535)
(-0.0081982 -0.0101997 0.212931)
(-0.00286766 0.00960567 0.268882)
(-0.00317416 -0.00191221 0.292012)
(0.00467931 0.0062914 0.253981)
(-0.00842587 -0.0100078 0.211295)
(-0.00335924 0.00946771 0.2677)
(-0.00282317 -0.00182028 0.290617)
(0.00507805 0.00616374 0.252517)
(-0.00865378 -0.00978477 0.209561)
(-0.00385146 0.00933395 0.26638)
(-0.00245299 -0.00173603 0.289209)
(0.00547806 0.00603208 0.25097)
(-0.0088819 -0.00956121 0.207742)
(-0.00433999 0.00918065 0.264955)
(-0.00205051 -0.00164763 0.28771)
(0.00587703 0.00589576 0.249346)
(-0.00911357 -0.00933483 0.205849)
(-0.00482027 0.0090174 0.263452)
(-0.00160037 -0.00156569 0.286091)
(0.00627384 0.0057683 0.247642)
(-0.00935826 -0.00910768 0.203873)
(-0.00528887 0.00885257 0.261876)
(-0.00109546 -0.00150572 0.284369)
(0.00666855 0.00565269 0.245852)
(-0.00960087 -0.00899932 0.201812)
(-0.00574187 0.00867302 0.260219)
(-0.000545876 -0.0014574 0.282539)
(0.00705945 0.00553909 0.243967)
(-0.00972997 -0.00894719 0.199746)
(-0.00617415 0.00851986 0.258476)
(1.73071e-05 -0.00141319 0.280617)
(0.00744265 0.00541708 0.241969)
(-0.00961528 -0.00874419 0.19776)
(-0.00659598 0.00839837 0.256632)
(0.000552429 -0.00137227 0.278639)
(0.00781378 0.00527194 0.239841)
(-0.00931751 -0.00835833 0.195723)
(-0.0070056 0.00821061 0.254686)
(0.00102576 -0.00133447 0.276635)
(0.00816326 0.00511174 0.237572)
(-0.00915557 -0.00786808 0.193309)
(-0.00737231 0.0079863 0.252626)
(0.00142075 -0.00130081 0.274621)
(0.00847644 0.004973 0.23515)
(-0.00952952 -0.00751706 0.190262)
(-0.00766996 0.00777009 0.250492)
(0.00173618 -0.00127115 0.272602)
(0.00874754 0.00484527 0.232605)
(-0.0105174 -0.0073993 0.186637)
(-0.00790436 0.00760331 0.248517)
(0.00198079 -0.00124865 0.270574)
(0.00899263 0.00473871 0.230068)
(-0.01177 -0.00736103 0.182796)
(-0.00810748 0.0074978 0.246756)
(0.00216692 -0.00121963 0.268519)
(0.00921653 0.0046618 0.227586)
(-0.0128262 -0.00725834 0.17918)
(-0.00831116 0.00734842 0.245073)
(0.00230537 -0.00120218 0.266421)
(0.00942478 0.00458667 0.22516)
(-0.0134536 -0.00705704 0.175992)
(-0.00851346 0.00713968 0.243293)
(0.00241093 -0.00117603 0.264264)
(0.00962808 0.00452309 0.222774)
(-0.0136847 -0.00680635 0.173112)
(-0.00871502 0.00693852 0.241361)
(0.0025081 -0.00113598 0.262015)
(0.00982502 0.0044458 0.220343)
(-0.0136721 -0.00657405 0.170369)
(-0.00890415 0.00675329 0.239268)
(0.00255217 -0.00122975 0.259747)
(0.0100123 0.00432926 0.217773)
(-0.0135416 -0.0063814 0.167666)
(-0.0090789 0.00657746 0.237018)
(0.00234631 -0.00132148 0.257704)
(0.0101958 0.00421186 0.215033)
(-0.0133584 -0.00617425 0.164912)
(-0.00925095 0.0063834 0.234596)
(0.00177763 -0.00118966 0.255937)
(0.0103731 0.00410348 0.212117)
(-0.0131874 -0.00592888 0.162024)
(-0.00943091 0.00617076 0.231991)
(0.00111794 -0.000890971 0.253921)
(0.0105408 0.00399449 0.209039)
(-0.0130938 -0.0057301 0.158963)
(-0.00961722 0.00595869 0.229204)
(0.00105126 -0.000600734 0.250728)
(0.0106948 0.00388253 0.205818)
(-0.0130816 -0.00555764 0.155737)
(-0.00979552 0.00575768 0.226254)
(0.00204813 -0.000703298 0.246036)
(0.0108284 0.00377499 0.202464)
(-0.0131177 -0.00535235 0.152376)
(-0.00994643 0.00556637 0.223164)
(0.00356085 -0.000967214 0.240798)
(0.0109352 0.00367396 0.198976)
(-0.0131838 -0.00514452 0.14889)
(-0.0100583 0.00537864 0.219946)
(0.00474463 -0.00107592 0.236105)
(0.011013 0.00357985 0.195348)
(-0.0132644 -0.00494563 0.145296)
(-0.0101331 0.0051898 0.216596)
(0.00528313 -0.00106746 0.232168)
(0.011065 0.00348949 0.191578)
(-0.0133353 -0.00475823 0.141638)
(-0.010181 0.00499827 0.213099)
(0.00526692 -0.000959755 0.228767)
(0.0110992 0.00339867 0.18767)
(-0.0133735 -0.00457356 0.13794)
(-0.0102131 0.00480595 0.209439)
(0.00500549 -0.000916172 0.225469)
(0.0111225 0.00330441 0.183629)
(-0.0133704 -0.00438386 0.134193)
(-0.0102354 0.00461524 0.205603)
(0.00473036 -0.000902877 0.221924)
(0.0111363 0.00320529 0.179447)
(-0.0133328 -0.00419406 0.130374)
(-0.0102465 0.0044275 0.20158)
(0.00456987 -0.000884277 0.217997)
(0.0111396 0.00310249 0.175116)
(-0.0132715 -0.00400695 0.126466)
(-0.0102418 0.00424292 0.197364)
(0.00455599 -0.000911414 0.213678)
(0.0111311 0.00300105 0.170625)
(-0.0131953 -0.00381869 0.122451)
(-0.0102177 0.00406212 0.192951)
(0.00461567 -0.000919923 0.209072)
(0.0111107 0.00290005 0.165963)
(-0.0131147 -0.00362934 0.118308)
(-0.0101759 0.00388252 0.188336)
(0.00468233 -0.000914241 0.204251)
(0.0110796 0.00279549 0.161117)
(-0.01304 -0.00344077 0.114021)
(-0.0101219 0.00370055 0.183501)
(0.00472706 -0.000902519 0.199232)
(0.0110378 0.00268745 0.15607)
(-0.0129748 -0.00325774 0.109585)
(-0.0100592 0.00351667 0.178419)
(0.00474845 -0.000886702 0.19399)
(0.0109841 0.00257589 0.150809)
(-0.0129101 -0.00307998 0.105012)
(-0.0099883 0.00333255 0.173064)
(0.00475855 -0.000869134 0.188482)
(0.0109154 0.00246415 0.145329)
(-0.0128293 -0.00290308 0.100316)
(-0.00990658 0.00315172 0.167422)
(0.00477044 -0.000850454 0.182668)
(0.0108285 0.00235207 0.139622)
(-0.0127215 -0.00272552 0.0954978)
(-0.00981088 0.00297421 0.161481)
(0.00479106 -0.000831787 0.176519)
(0.0107219 0.0022363 0.13368)
(-0.0125881 -0.002545 0.0905417)
(-0.00969985 0.00279755 0.155228)
(0.00481893 -0.000812136 0.170018)
(0.0105929 0.00211852 0.127493)
(-0.0124379 -0.00236862 0.0854213)
(-0.00957229 0.00262157 0.148647)
(0.00484793 -0.000789102 0.163144)
(0.0104406 0.0020012 0.121048)
(-0.0122587 -0.00219806 0.0801368)
(-0.00942628 0.00244562 0.141722)
(0.00487259 -0.00076277 0.155873)
(0.010267 0.00188188 0.114334)
(-0.0120139 -0.00202642 0.0747254)
(-0.00925843 0.00227227 0.134438)
(0.00488894 -0.00073293 0.148176)
(0.0100702 0.00175698 0.107331)
(-0.0116793 -0.00185142 0.0691918)
(-0.00906912 0.00210228 0.126775)
(0.00489579 -0.000697016 0.140015)
(0.00983997 0.0016254 0.100012)
(-0.0112644 -0.00167107 0.0635106)
(-0.00885957 0.00193306 0.118715)
(0.00489643 -0.000658608 0.131343)
(0.00956047 0.0014901 0.0923762)
(-0.010821 -0.0014959 0.057668)
(-0.00862199 0.00176319 0.110236)
(0.00487517 -0.000617177 0.122143)
(0.00921094 0.00135551 0.0844681)
(-0.0104024 -0.00132875 0.0516774)
(-0.00834202 0.00159275 0.101329)
(0.00480135 -0.000568129 0.11244)
(0.008774 0.00122127 0.076368)
(-0.0100392 -0.00116578 0.0455999)
(-0.00799772 0.00142638 0.0920632)
(0.00467324 -0.000512728 0.102197)
(0.00824004 0.00108762 0.068194)
(-0.00974895 -0.00101121 0.0395262)
(-0.00756679 0.00126524 0.0825672)
(0.00453567 -0.000450994 0.0913672)
(0.00760706 0.000956888 0.0600973)
(-0.00952995 -0.00086733 0.033569)
(-0.00703817 0.00110832 0.0730184)
(0.00447383 -0.000391986 0.0800094)
(0.00688491 0.000831067 0.05224)
(-0.00935868 -0.000735655 0.0278483)
(-0.0064124 0.000956865 0.0636314)
(0.00454494 -0.000339207 0.0683216)
(0.00609676 0.000711458 0.0447645)
(-0.00919301 -0.000616903 0.0224746)
(-0.00570492 0.000811601 0.0546201)
(0.00472993 -0.000290653 0.0566675)
(0.00527701 0.000598792 0.0377641)
(-0.00897683 -0.000511504 0.0175402)
(-0.00494758 0.000672985 0.0461438)
(0.00493966 -0.000248291 0.0454856)
(0.00446718 0.000493701 0.0312692)
(-0.00863957 -0.000419545 0.0131241)
(-0.00418522 0.000540843 0.0382661)
(0.00501801 -0.000208036 0.0352086)
(0.00371363 0.000393146 0.025251)
(-0.00808513 -0.000337213 0.00931112)
(-0.003471 0.000412977 0.0309429)
(0.0047501 -0.0001739 0.0262254)
(0.00307054 0.000304558 0.0196311)
(-0.00716863 -0.000269183 0.00622024)
(-0.00286586 0.000297006 0.0240355)
(0.00385294 -0.000155105 0.0189168)
(0.00260917 0.000240865 0.0142853)
(-0.00566061 -0.000225288 0.00404146)
(-0.00244546 0.000207951 0.0173195)
(0.00193624 -5.10834e-05 0.013823)
(0.00243315 7.97593e-05 0.00911171)
(-0.00319758 -8.15457e-05 0.00315758)
(-0.00231493 5.11357e-05 0.0105491)
(-0.000153164 -0.000106326 0.00965958)
(0.00207946 0.000131394 0.00450357)
(-0.000580557 -0.000135605 0.00287866)
(-0.0020068 9.5151e-05 0.00459878)
(-0.000677514 1.84744e-05 0.00388222)
(0.000902512 -2.52435e-05 0.00108682)
(0.000444231 2.20698e-05 0.00147511)
(-0.000877335 -3.28342e-05 0.00083265)
(0.00693063 -0.0157278 0.295386)
(-0.00305971 0.015487 0.281275)
(-0.00123916 -0.0165812 0.2661)
(-0.000544358 0.0187921 0.308603)
(0.00704983 -0.0174066 0.294776)
(-0.00344666 0.0156687 0.281216)
(-0.00148755 -0.0147689 0.257698)
(-0.000258476 0.0188836 0.308634)
(0.00716414 -0.0174697 0.288883)
(-0.00387357 0.0157156 0.281267)
(-0.00162252 -0.0129102 0.244125)
(9.64349e-05 0.0188726 0.3089)
(0.00746519 -0.0143249 0.278889)
(-0.00423281 0.0157168 0.281193)
(-0.00170105 -0.0130292 0.240249)
(0.000435564 0.0185527 0.30923)
(0.00768041 -0.0136351 0.270108)
(-0.00448665 0.0157003 0.281034)
(-0.00172409 -0.0149696 0.248626)
(0.00073463 0.01879 0.309688)
(0.00776249 -0.0169658 0.268617)
(-0.00463181 0.015664 0.280858)
(-0.00174218 -0.0159127 0.257401)
(0.000828564 0.0200848 0.308548)
(0.0081331 -0.0152996 0.264808)
(-0.00465812 0.0156227 0.28073)
(-0.00173296 -0.0157285 0.261742)
(0.00047498 0.0198769 0.302588)
(0.00816953 -0.0121409 0.259405)
(-0.00457516 0.0155774 0.280704)
(-0.0016533 -0.0154623 0.261515)
(3.75881e-05 0.0165249 0.294172)
(0.00765116 -0.0159777 0.265745)
(-0.0044554 0.0155188 0.280818)
(-0.00157665 -0.014947 0.258658)
(0.000226926 0.0144269 0.294366)
(0.007313 -0.0175725 0.270524)
(-0.00434394 0.0156509 0.280937)
(-0.00152928 -0.0144111 0.254353)
(0.000880874 0.0188964 0.304033)
(0.0073733 -0.0146094 0.265601)
(-0.00405639 0.0159653 0.279845)
(-0.00153553 -0.0152048 0.248602)
(0.000841488 0.0210396 0.304409)
(0.00747339 -0.0109025 0.257751)
(-0.00371213 0.0149481 0.277952)
(-0.00173677 -0.0142482 0.240596)
(-9.87461e-05 0.0189218 0.291277)
(0.00707251 -0.0139367 0.26227)
(-0.00335333 0.0146427 0.276266)
(-0.001929 -0.0116312 0.228418)
(-0.00192236 0.0137497 0.264492)
(0.00661565 -0.0156634 0.27095)
(-0.00272002 0.0166002 0.271069)
(-0.00157794 -0.0133479 0.228478)
(-0.00268723 0.0124779 0.251598)
(0.00641358 -0.0144203 0.27504)
(-0.00183741 0.0150839 0.259082)
(-0.00120818 -0.0140005 0.235022)
(-0.00222191 0.0171591 0.263138)
(0.0063427 -0.0146859 0.276337)
(-0.00053039 0.0115395 0.241881)
(-0.00101465 -0.0143411 0.24027)
(-0.00183796 0.0173742 0.272989)
(0.0065477 -0.0138508 0.275033)
(0.000216868 0.0140953 0.240757)
(-0.00105672 -0.0146606 0.242135)
(-0.0015627 0.0185033 0.280034)
(0.00692562 -0.0141592 0.270228)
(0.000662742 0.015685 0.245292)
(-0.00129588 -0.0141249 0.240626)
(-0.00185416 0.017086 0.280435)
(0.00727906 -0.00903059 0.262661)
(0.0011043 0.0143678 0.24774)
(-0.00168144 -0.0131869 0.236228)
(-0.00235936 0.0142529 0.276644)
(0.00668177 -0.0103479 0.267475)
(0.00155572 0.0131078 0.249232)
(-0.0022811 -0.0130313 0.22981)
(-0.00294365 0.012658 0.273518)
(0.00568418 -0.0149829 0.276661)
(0.00168127 0.013848 0.252831)
(-0.00298899 -0.0125325 0.221261)
(-0.00304988 0.0144084 0.278008)
(0.00500299 -0.0141112 0.281951)
(0.00145146 0.0144802 0.256445)
(-0.00389418 -0.00973871 0.208858)
(-0.00278972 0.0164841 0.283327)
(0.00465069 -0.0131812 0.283641)
(0.00111971 0.0142536 0.258126)
(-0.00387627 -0.0107699 0.206779)
(-0.00248745 0.0160857 0.285757)
(0.00447371 -0.0122173 0.283358)
(0.000802353 0.0134786 0.258059)
(-0.00304154 -0.0123908 0.21175)
(-0.00220545 0.0142811 0.285736)
(0.00432055 -0.0117731 0.282489)
(0.000541898 0.0132154 0.25742)
(-0.00214887 -0.0122423 0.215597)
(-0.00195561 0.013792 0.284986)
(0.00412222 -0.0119181 0.281554)
(0.000362229 0.0131714 0.256644)
(-0.00150554 -0.0116439 0.217025)
(-0.00176202 0.0138792 0.284134)
(0.00388999 -0.0117218 0.280555)
(0.000247381 0.0130062 0.255759)
(-0.00106261 -0.011292 0.217209)
(-0.00162106 0.0135627 0.283254)
(0.0036339 -0.0115228 0.279483)
(0.000190198 0.0128207 0.254791)
(-0.000702178 -0.0112151 0.216651)
(-0.00154508 0.0129937 0.282452)
(0.00336643 -0.0113276 0.27833)
(0.000185352 0.0126416 0.253764)
(-0.00043694 -0.0108402 0.215379)
(-0.001503 0.0143053 0.28168)
(0.00307547 -0.0111342 0.277087)
(0.000225466 0.012489 0.252709)
(-0.00021104 -0.0104256 0.213778)
(-0.0011633 0.0138121 0.279876)
(0.00274876 -0.0109182 0.275743)
(0.000316527 0.0120922 0.25167)
(6.22371e-05 -0.0103257 0.212102)
(-0.000769668 0.0125151 0.27651)
(0.00239128 -0.0106771 0.274318)
(0.000483467 0.0122899 0.250727)
(0.000355138 -0.0101289 0.210307)
(-0.000187534 0.0131534 0.2718)
(0.0019906 -0.0099337 0.272898)
(0.000515861 0.0122117 0.24953)
(0.000657645 -0.00988271 0.208358)
(0.00147256 0.0121266 0.265024)
(0.00153505 -0.0107112 0.271621)
(0.000340624 0.0120566 0.247339)
(0.000964245 -0.00960865 0.206309)
(0.00298152 0.011683 0.254275)
(0.00128728 -0.0105452 0.269815)
(-0.000368908 0.0124662 0.243021)
(0.00127833 -0.00932649 0.204277)
(0.00414637 0.00854488 0.240716)
(0.00131073 -0.00984394 0.266627)
(-0.00199813 0.0109931 0.235256)
(0.0015651 -0.00911085 0.202309)
(0.00398672 0.00899688 0.239625)
(0.00166421 -0.010051 0.261782)
(-0.00324476 0.00924139 0.224648)
(0.00173888 -0.00890815 0.200341)
(0.00241977 0.0118054 0.245361)
(0.0028785 -0.00840322 0.255507)
(-0.00342041 0.00831468 0.217377)
(0.00175783 -0.00866858 0.198295)
(0.000855254 0.012113 0.249753)
(0.00421662 -0.00852674 0.247086)
(-0.00242147 0.00980922 0.219313)
(0.00168123 -0.00844017 0.196146)
(-0.000176109 0.0113908 0.251015)
(0.00561168 -0.00617806 0.235729)
(-0.000709893 0.0111182 0.22297)
(0.00161165 -0.00822767 0.193913)
(-0.000728361 0.0102005 0.250018)
(0.00527725 -0.00563284 0.233388)
(0.000635295 0.0106728 0.224203)
(0.00161546 -0.00803171 0.191618)
(-0.00106637 0.00940251 0.248107)
(0.00304195 -0.00840075 0.238477)
(0.00136434 0.00956111 0.223111)
(0.00168323 -0.00783514 0.189267)
(-0.00134165 0.0092862 0.245968)
(0.00103885 -0.00889662 0.2423)
(0.00170295 0.00883579 0.221009)
(0.00177493 -0.00763074 0.186861)
(-0.00155913 0.00913983 0.243717)
(-7.25315e-05 -0.0082098 0.242692)
(0.00192857 0.00876006 0.218671)
(0.0018727 -0.00742281 0.184398)
(-0.00171882 0.00889296 0.241348)
(-0.000479459 -0.00706333 0.240805)
(0.00212008 0.00859822 0.216225)
(0.00197569 -0.00721284 0.181881)
(-0.00184765 0.00867236 0.238855)
(-0.000651864 -0.00660679 0.238278)
(0.00229771 0.00835606 0.213665)
(0.00208262 -0.00700132 0.179305)
(-0.00196769 0.00843994 0.236238)
(-0.000838514 -0.00671309 0.235662)
(0.00246363 0.00810714 0.210988)
(0.00219061 -0.00678811 0.176662)
(-0.00208246 0.00820393 0.233499)
(-0.00102303 -0.00653052 0.232927)
(0.00261612 0.00785465 0.208192)
(0.00229574 -0.00657312 0.17394)
(-0.00219089 0.00796585 0.230636)
(-0.00119898 -0.00633786 0.23005)
(0.00275552 0.00759877 0.205273)
(0.00239367 -0.00635631 0.171124)
(-0.00229275 0.0077259 0.227641)
(-0.00136468 -0.00615836 0.227022)
(0.00288137 0.00733903 0.202217)
(0.00248026 -0.00613754 0.168199)
(-0.0023863 0.00748318 0.224494)
(-0.00152107 -0.00597574 0.223835)
(0.00299124 0.00707556 0.199007)
(0.00255168 -0.00591639 0.165148)
(-0.00246798 0.00723751 0.221172)
(-0.00166956 -0.00579229 0.220482)
(0.00308123 0.00680966 0.195623)
(0.00260428 -0.00569318 0.161953)
(-0.00253342 0.00698867 0.217648)
(-0.00180972 -0.00560605 0.216945)
(0.00314637 0.00654122 0.192044)
(0.00263336 -0.00546812 0.158592)
(-0.0025782 0.00673677 0.213895)
(-0.00193884 -0.00541691 0.213199)
(0.00318078 0.00626941 0.188242)
(0.00263239 -0.00524045 0.155035)
(-0.00259777 0.00648216 0.209885)
(-0.00205164 -0.00522448 0.209209)
(0.00317796 0.00599347 0.184184)
(0.00259347 -0.00500931 0.151244)
(-0.00258724 0.00622397 0.205588)
(-0.00214131 -0.0050285 0.204934)
(0.00313145 0.00571326 0.17984)
(0.00250838 -0.00477406 0.147184)
(-0.00254139 0.00596153 0.200969)
(-0.00220023 -0.00482859 0.200331)
(0.00303546 0.00542965 0.175178)
(0.00237066 -0.00453556 0.14282)
(-0.00245475 0.00569447 0.195994)
(-0.00221987 -0.00462381 0.195351)
(0.00288512 0.00514285 0.170169)
(0.00217707 -0.00429449 0.138131)
(-0.00232184 0.00542227 0.190624)
(-0.00219149 -0.00441283 0.189942)
(0.00267686 0.00485281 0.164784)
(0.00192888 -0.00405053 0.133107)
(-0.0021376 0.00514445 0.184821)
(-0.00210737 -0.00419445 0.184051)
(0.00240923 0.00455986 0.158997)
(0.00163446 -0.00380342 0.127761)
(-0.00189794 0.0048605 0.178546)
(-0.00196243 -0.00396847 0.177635)
(0.00208411 0.00426441 0.152791)
(0.00131208 -0.00355287 0.122133)
(-0.00160059 0.00457017 0.171766)
(-0.00175586 -0.00373476 0.17066)
(0.00170829 0.00396621 0.146161)
(0.000988697 -0.00329953 0.116291)
(-0.00124662 0.00427368 0.164455)
(-0.00149312 -0.00349256 0.163111)
(0.00129535 0.00366542 0.139119)
(0.000693695 -0.00304416 0.110313)
(-0.000842344 0.00397015 0.156605)
(-0.00118907 -0.0032409 0.154999)
(0.00086641 0.00336291 0.131701)
(0.000453534 -0.00278772 0.104267)
(-0.000401969 0.0036596 0.148233)
(-0.000869051 -0.00298012 0.146371)
(0.000447328 0.0030592 0.123965)
(0.000288598 -0.00253188 0.0982181)
(5.03542e-05 0.00334362 0.139393)
(-0.000566097 -0.00271129 0.137304)
(6.50328e-05 0.00275727 0.115978)
(0.000213087 -0.00227866 0.0922339)
(0.000482763 0.00302235 0.13018)
(-0.000316822 -0.0024364 0.127901)
(-0.000255749 0.00245905 0.107824)
(0.000235657 -0.00203097 0.086384)
(0.000859964 0.00270123 0.120714)
(-0.000156348 -0.00215987 0.1183)
(-0.000495658 0.00216745 0.0996135)
(0.000356666 -0.00179166 0.0807261)
(0.00114811 0.00238436 0.111141)
(-0.000112389 -0.0018877 0.108682)
(-0.000641458 0.00188701 0.091473)
(0.000564504 -0.00156291 0.0752886)
(0.00132208 0.00207689 0.101641)
(-0.000197657 -0.00162704 0.0992356)
(-0.000689582 0.00162053 0.0835202)
(0.00083414 -0.00134674 0.0700567)
(0.00137047 0.00178637 0.0923961)
(-0.000398751 -0.00138397 0.0901016)
(-0.000652661 0.00137102 0.075824)
(0.00112775 -0.00114425 0.0649645)
(0.00130195 0.00151579 0.0835328)
(-0.000668074 -0.00116137 0.0813063)
(-0.000562931 0.00113918 0.0683692)
(0.00139613 -0.000956255 0.0598906)
(0.00115179 0.00126807 0.0750604)
(-0.000923661 -0.000958952 0.0727149)
(-0.000472391 0.000925151 0.0610354)
(0.00157765 -0.000783486 0.0546494)
(0.000980869 0.0010424 0.0668382)
(-0.0010529 -0.000768929 0.0640125)
(-0.000452235 0.000724108 0.0535878)
(0.00159158 -0.000621499 0.0489633)
(0.000871451 0.000830758 0.0585723)
(-0.000910716 -0.000602276 0.054686)
(-0.000596411 0.000546869 0.0456571)
(0.00132363 -0.000479656 0.0424097)
(0.000926805 0.00064544 0.0498085)
(-0.000304401 -0.000487779 0.0439684)
(-0.00103374 0.00041925 0.0366878)
(0.000603032 -0.000381573 0.034334)
(0.00128123 0.000514741 0.0398819)
(0.00103599 -0.000158216 0.0308053)
(-0.00195032 0.00013406 0.0259229)
(-0.000829454 -0.000119265 0.0238014)
(0.00212289 0.000176194 0.0278896)
(0.00208897 -0.000274724 0.0161055)
(-0.00241507 0.000218437 0.0138966)
(-0.00197652 -0.000214488 0.0119094)
(0.00251206 0.000279212 0.0146133)
(0.00126306 4.73191e-05 0.00372448)
(-0.00120724 -4.39005e-05 0.00339043)
(-0.00123174 4.47234e-05 0.00243994)
(0.00123653 -4.3384e-05 0.00340211)
)
;

boundaryField
{
    leftWall
    {
        type            noSlip;
    }
    rightWall
    {
        type            noSlip;
    }
    leftSides_periodic0
    {
        type            cyclic;
    }
    leftSides_periodic1
    {
        type            cyclic;
    }
    rightSides_periodic0
    {
        type            cyclic;
    }
    rightSides_periodic1
    {
        type            cyclic;
    }
    leftInOut_periodic0
    {
        type            cyclic;
    }
    leftInOut_periodic1
    {
        type            cyclic;
    }
    rightInOut_periodic0
    {
        type            cyclic;
    }
    rightInOut_periodic1
    {
        type            cyclic;
    }
}


// ************************************************************************* //
