-0.0075 	0 	0 	0
-0.0075 	2.53336e-21 	-3.40141e-22 	1.40031e-18
-0.00745622 	-1.63585e-05 	2.19638e-06 	-0.00904214
-0.00745622 	-1.63585e-05 	2.19638e-06 	-0.00904214
-0.00741165 	-2.93963e-05 	7.81906e-06 	-0.0182888
-0.00741165 	-2.93963e-05 	7.81906e-06 	-0.0182888
-0.00736628 	-4.04014e-05 	1.72019e-05 	-0.0277306
-0.00736628 	-4.04014e-05 	1.72019e-05 	-0.0277306
-0.0073201 	-5.04986e-05 	3.02803e-05 	-0.0373143
-0.0073201 	-5.04986e-05 	3.02803e-05 	-0.0373143
-0.00727309 	-6.07085e-05 	4.68201e-05 	-0.0469845
-0.00727309 	-6.07085e-05 	4.68201e-05 	-0.0469845
-0.00722524 	-7.19418e-05 	6.66128e-05 	-0.0566851
-0.00722524 	-7.19418e-05 	6.66128e-05 	-0.0566851
-0.00717653 	-8.50023e-05 	8.94341e-05 	-0.0663621
-0.00717653 	-8.50023e-05 	8.94341e-05 	-0.0663621
-0.00712695 	-0.000100594 	0.000115039 	-0.075966
-0.00712695 	-0.000100594 	0.000115039 	-0.075966
-0.00707647 	-0.000119334 	0.000143174 	-0.0854547
-0.00707647 	-0.000119334 	0.000143174 	-0.0854547
-0.0070251 	-0.000141765 	0.000173592 	-0.0947954
-0.0070251 	-0.000141765 	0.000173592 	-0.0947954
-0.0069728 	-0.000168372 	0.000206074 	-0.103965
-0.0069728 	-0.000168372 	0.000206074 	-0.103965
-0.00691956 	-0.000199594 	0.000240433 	-0.11295
-0.00691956 	-0.000199594 	0.000240433 	-0.11295
-0.00686537 	-0.000235829 	0.000276524 	-0.121744
-0.00686537 	-0.000235829 	0.000276524 	-0.121744
-0.00681021 	-0.000277423 	0.000314241 	-0.130343
-0.00681021 	-0.000277423 	0.000314241 	-0.130343
-0.00675406 	-0.000324655 	0.000353511 	-0.138747
-0.00675406 	-0.000324655 	0.000353511 	-0.138747
-0.0066969 	-0.000377717 	0.000394287 	-0.146952
-0.0066969 	-0.000377717 	0.000394287 	-0.146952
-0.00663871 	-0.000436677 	0.000436533 	-0.154954
-0.00663871 	-0.000436677 	0.000436533 	-0.154954
-0.00657949 	-0.000501448 	0.000480208 	-0.162745
-0.00657949 	-0.000501448 	0.000480208 	-0.162745
-0.0065192 	-0.000571747 	0.000525248 	-0.170314
-0.0065192 	-0.000571747 	0.000525248 	-0.170314
-0.00645783 	-0.000647068 	0.000571552 	-0.177645
-0.00645783 	-0.000647068 	0.000571552 	-0.177645
-0.00639535 	-0.000726665 	0.000618977 	-0.18472
-0.00639535 	-0.000726665 	0.000618977 	-0.18472
-0.00633176 	-0.000809549 	0.000667333 	-0.19152
-0.00633176 	-0.000809549 	0.000667333 	-0.19152
-0.00626703 	-0.000894503 	0.00071638 	-0.198022
-0.00626703 	-0.000894503 	0.00071638 	-0.198022
-0.00620114 	-0.000980109 	0.000765834 	-0.204208
-0.00620114 	-0.000980109 	0.000765834 	-0.204208
-0.00613406 	-0.0010648 	0.000815366 	-0.210057
-0.00613406 	-0.0010648 	0.000815366 	-0.210057
-0.00606579 	-0.0011469 	0.000864611 	-0.215552
-0.00606579 	-0.0011469 	0.000864611 	-0.215552
-0.00599629 	-0.00122469 	0.000913171 	-0.22068
-0.00599629 	-0.00122469 	0.000913171 	-0.22068
-0.00592554 	-0.00129649 	0.000960629 	-0.22543
-0.00592554 	-0.00129649 	0.000960629 	-0.22543
-0.00585352 	-0.00136068 	0.00100655 	-0.229793
-0.00585352 	-0.00136068 	0.00100655 	-0.229793
-0.00578022 	-0.00141575 	0.00105052 	-0.233768
-0.00578022 	-0.00141575 	0.00105052 	-0.233768
-0.00570559 	-0.00146038 	0.00109212 	-0.237355
-0.00570559 	-0.00146038 	0.00109212 	-0.237355
-0.00562963 	-0.00149343 	0.00113096 	-0.240559
-0.00562963 	-0.00149343 	0.00113096 	-0.240559
-0.00555231 	-0.00151398 	0.00116673 	-0.24339
-0.00555231 	-0.00151398 	0.00116673 	-0.24339
-0.0054736 	-0.00152131 	0.00119914 	-0.245864
-0.0054736 	-0.00152131 	0.00119914 	-0.245864
-0.00539348 	-0.00151495 	0.00122799 	-0.247996
-0.00539348 	-0.00151495 	0.00122799 	-0.247996
-0.00531193 	-0.00149463 	0.00125315 	-0.249809
-0.00531193 	-0.00149463 	0.00125315 	-0.249809
-0.00522891 	-0.00146037 	0.00127457 	-0.251327
-0.00522891 	-0.00146037 	0.00127457 	-0.251327
-0.0051444 	-0.00141242 	0.0012923 	-0.252576
-0.0051444 	-0.00141242 	0.0012923 	-0.252576
-0.00505838 	-0.00135131 	0.00130649 	-0.253586
-0.00505838 	-0.00135131 	0.00130649 	-0.253586
-0.00497081 	-0.00127775 	0.00131736 	-0.254387
-0.00497081 	-0.00127775 	0.00131736 	-0.254387
-0.00488168 	-0.00119273 	0.00132515 	-0.255009
-0.00488168 	-0.00119273 	0.00132515 	-0.255009
-0.00479094 	-0.0010975 	0.00133015 	-0.255479
-0.00479094 	-0.0010975 	0.00133015 	-0.255479
-0.00469858 	-0.00099355 	0.00133265 	-0.255823
-0.00469858 	-0.00099355 	0.00133265 	-0.255823
-0.00460456 	-0.000882466 	0.00133296 	-0.256066
-0.00460456 	-0.000882466 	0.00133296 	-0.256066
-0.00450886 	-0.000765898 	0.00133134 	-0.256227
-0.00450886 	-0.000765898 	0.00133134 	-0.256227
-0.00441144 	-0.00064544 	0.00132804 	-0.256325
-0.00441144 	-0.00064544 	0.00132804 	-0.256325
-0.00431227 	-0.000522542 	0.00132323 	-0.256375
-0.00431227 	-0.000522542 	0.00132323 	-0.256375
-0.00421133 	-0.000398443 	0.00131702 	-0.25639
-0.00421133 	-0.000398443 	0.00131702 	-0.25639
-0.00410857 	-0.000274142 	0.00130947 	-0.256377
-0.00410857 	-0.000274142 	0.00130947 	-0.256377
-0.00400397 	-0.000150427 	0.00130059 	-0.256344
-0.00400397 	-0.000150427 	0.00130059 	-0.256344
-0.0038975 	-2.79303e-05 	0.0012903 	-0.256296
-0.0038975 	-2.79303e-05 	0.0012903 	-0.256296
-0.00378912 	9.28079e-05 	0.0012785 	-0.256237
-0.00378912 	9.28079e-05 	0.0012785 	-0.256237
-0.00367879 	0.000211247 	0.00126502 	-0.256168
-0.00367879 	0.000211247 	0.00126502 	-0.256168
-0.00356649 	0.000326798 	0.00124975 	-0.256093
-0.00356649 	0.000326798 	0.00124975 	-0.256093
-0.00345217 	0.000438891 	0.00123252 	-0.256013
-0.00345217 	0.000438891 	0.00123252 	-0.256013
-0.0033358 	0.000546834 	0.00121316 	-0.255927
-0.0033358 	0.000546834 	0.00121316 	-0.255927
-0.00321735 	0.000649476 	0.0011916 	-0.255836
-0.00321735 	0.000649476 	0.0011916 	-0.255836
-0.00309677 	0.000745234 	0.00116788 	-0.255743
-0.00309677 	0.000745234 	0.00116788 	-0.255743
-0.00297403 	0.000832395 	0.00114196 	-0.255647
-0.00297403 	0.000832395 	0.00114196 	-0.255647
-0.00284909 	0.000909265 	0.00111375 	-0.255549
-0.00284909 	0.000909265 	0.00111375 	-0.255549
-0.0027219 	0.000974164 	0.00108313 	-0.255449
-0.0027219 	0.000974164 	0.00108313 	-0.255449
-0.00259244 	0.0010254 	0.00104997 	-0.255348
-0.00259244 	0.0010254 	0.00104997 	-0.255348
-0.00246065 	0.00106126 	0.00101413 	-0.255247
-0.00246065 	0.00106126 	0.00101413 	-0.255247
-0.00232651 	0.00108 	0.000975437 	-0.255143
-0.00232651 	0.00108 	0.000975437 	-0.255143
-0.00218995 	0.00107994 	0.000933733 	-0.255039
-0.00218995 	0.00107994 	0.000933733 	-0.255039
-0.00205095 	0.00105961 	0.00088888 	-0.254935
-0.00205095 	0.00105961 	0.00088888 	-0.254935
-0.00190946 	0.00101793 	0.000840784 	-0.25483
-0.00190946 	0.00101793 	0.000840784 	-0.25483
-0.00176543 	0.000954434 	0.000789428 	-0.254726
-0.00176543 	0.000954434 	0.000789428 	-0.254726
-0.00161881 	0.000869513 	0.000734899 	-0.254625
-0.00161881 	0.000869513 	0.000734899 	-0.254625
-0.00146957 	0.000764516 	0.000677415 	-0.254527
-0.00146957 	0.000764516 	0.000677415 	-0.254527
-0.00131765 	0.000641824 	0.000617336 	-0.254436
-0.00131765 	0.000641824 	0.000617336 	-0.254436
-0.001163 	0.000504831 	0.000555194 	-0.254353
-0.001163 	0.000504831 	0.000555194 	-0.254353
-0.00100559 	0.000357837 	0.0004917 	-0.254281
-0.00100559 	0.000357837 	0.0004917 	-0.254281
-0.000845345 	0.000205722 	0.000427685 	-0.25422
-0.000845345 	0.000205722 	0.000427685 	-0.25422
-0.000682232 	5.34314e-05 	0.000364039 	-0.254173
-0.000682232 	5.34314e-05 	0.000364039 	-0.254173
-0.000516194 	-9.42898e-05 	0.000301656 	-0.25414
-0.000516194 	-9.42898e-05 	0.000301656 	-0.25414
-0.000347178 	-0.00023284 	0.0002414 	-0.254122
-0.000347178 	-0.00023284 	0.0002414 	-0.254122
-0.000175132 	-0.000357874 	0.000184148 	-0.254117
-0.000175132 	-0.000357874 	0.000184148 	-0.254117
0 	-0.000465504 	0.000130865 	-0.254123
0 	-0.000465504 	0.000130865 	-0.254123
0.000175132 	-0.000552777 	8.2581e-05 	-0.25414
0.000175132 	-0.000552777 	8.2581e-05 	-0.25414
0.000347178 	-0.000618662 	3.98543e-05 	-0.254164
0.000347178 	-0.000618662 	3.98543e-05 	-0.254164
0.000516194 	-0.000663841 	2.51299e-06 	-0.254195
0.000516194 	-0.000663841 	2.51299e-06 	-0.254195
0.000682232 	-0.000689585 	-2.98494e-05 	-0.254231
0.000682232 	-0.000689585 	-2.98494e-05 	-0.254231
0.000845345 	-0.000697686 	-5.76996e-05 	-0.254272
0.000845345 	-0.000697686 	-5.76996e-05 	-0.254272
0.00100559 	-0.000690281 	-8.15856e-05 	-0.254319
0.00100559 	-0.000690281 	-8.15856e-05 	-0.254319
0.001163 	-0.000669036 	-0.000101875 	-0.254371
0.001163 	-0.000669036 	-0.000101875 	-0.254371
0.00131765 	-0.000635021 	-0.000118753 	-0.25443
0.00131765 	-0.000635021 	-0.000118753 	-0.25443
0.00146957 	-0.000589196 	-0.00013245 	-0.254495
0.00146957 	-0.000589196 	-0.00013245 	-0.254495
0.00161881 	-0.000532472 	-0.000143279 	-0.254568
0.00161881 	-0.000532472 	-0.000143279 	-0.254568
0.00176543 	-0.000465566 	-0.000151567 	-0.25465
0.00176543 	-0.000465566 	-0.000151567 	-0.25465
0.00190946 	-0.000389235 	-0.00015773 	-0.254741
0.00190946 	-0.000389235 	-0.00015773 	-0.254741
0.00205095 	-0.000304421 	-0.000162328 	-0.254844
0.00205095 	-0.000304421 	-0.000162328 	-0.254844
0.00218995 	-0.000212182 	-0.000165926 	-0.25496
0.00218995 	-0.000212182 	-0.000165926 	-0.25496
0.00232651 	-0.000113748 	-0.000169066 	-0.255089
0.00232651 	-0.000113748 	-0.000169066 	-0.255089
0.00246065 	-1.06116e-05 	-0.000172299 	-0.255232
0.00246065 	-1.06116e-05 	-0.000172299 	-0.255232
0.00259244 	9.54489e-05 	-0.000176164 	-0.255388
0.00259244 	9.54489e-05 	-0.000176164 	-0.255388
0.0027219 	0.000202449 	-0.000181154 	-0.255556
0.0027219 	0.000202449 	-0.000181154 	-0.255556
0.00284909 	0.000308323 	-0.000187706 	-0.255736
0.00284909 	0.000308323 	-0.000187706 	-0.255736
0.00297403 	0.000411043 	-0.000196183 	-0.255924
0.00297403 	0.000411043 	-0.000196183 	-0.255924
0.00309677 	0.000508724 	-0.000206865 	-0.256121
0.00309677 	0.000508724 	-0.000206865 	-0.256121
0.00321735 	0.000599718 	-0.000219942 	-0.256323
0.00321735 	0.000599718 	-0.000219942 	-0.256323
0.0033358 	0.000682695 	-0.000235511 	-0.256527
0.0033358 	0.000682695 	-0.000235511 	-0.256527
0.00345217 	0.000756734 	-0.00025359 	-0.25673
0.00345217 	0.000756734 	-0.00025359 	-0.25673
0.00356649 	0.000821445 	-0.000274152 	-0.256927
0.00356649 	0.000821445 	-0.000274152 	-0.256927
0.00367879 	0.000877032 	-0.000297058 	-0.257112
0.00367879 	0.000877032 	-0.000297058 	-0.257112
0.00378912 	0.000924199 	-0.000321968 	-0.257279
0.00378912 	0.000924199 	-0.000321968 	-0.257279
0.0038975 	0.000963761 	-0.000348576 	-0.257428
0.0038975 	0.000963761 	-0.000348576 	-0.257428
0.00400397 	0.000996201 	-0.000376938 	-0.257558
0.00400397 	0.000996201 	-0.000376938 	-0.257558
0.00410857 	0.00102152 	-0.000407166 	-0.257666
0.00410857 	0.00102152 	-0.000407166 	-0.257666
0.00421133 	0.00103946 	-0.000438976 	-0.257746
0.00421133 	0.00103946 	-0.000438976 	-0.257746
0.00431227 	0.00104972 	-0.000471989 	-0.257788
0.00431227 	0.00104972 	-0.000471989 	-0.257788
0.00441144 	0.00105209 	-0.0005059 	-0.257778
0.00441144 	0.00105209 	-0.0005059 	-0.257778
0.00450886 	0.00104644 	-0.000540292 	-0.257698
0.00450886 	0.00104644 	-0.000540292 	-0.257698
0.00460456 	0.00103286 	-0.000574631 	-0.257524
0.00460456 	0.00103286 	-0.000574631 	-0.257524
0.00469858 	0.00101169 	-0.000608297 	-0.25723
0.00469858 	0.00101169 	-0.000608297 	-0.25723
0.00479094 	0.000983501 	-0.000640615 	-0.256784
0.00479094 	0.000983501 	-0.000640615 	-0.256784
0.00488168 	0.000949112 	-0.000670852 	-0.256151
0.00488168 	0.000949112 	-0.000670852 	-0.256151
0.00497081 	0.000909508 	-0.00069825 	-0.255294
0.00497081 	0.000909508 	-0.00069825 	-0.255294
0.00505838 	0.000865677 	-0.000722101 	-0.254172
0.00505838 	0.000865677 	-0.000722101 	-0.254172
0.0051444 	0.000818609 	-0.000741737 	-0.252747
0.0051444 	0.000818609 	-0.000741737 	-0.252747
0.00522891 	0.000769365 	-0.000756553 	-0.25098
0.00522891 	0.000769365 	-0.000756553 	-0.25098
0.00531193 	0.000718983 	-0.000766099 	-0.248838
0.00531193 	0.000718983 	-0.000766099 	-0.248838
0.00539348 	0.00066838 	-0.000770085 	-0.246293
0.00539348 	0.00066838 	-0.000770085 	-0.246293
0.0054736 	0.000618353 	-0.00076836 	-0.24332
0.0054736 	0.000618353 	-0.00076836 	-0.24332
0.00555231 	0.00056959 	-0.000760912 	-0.239901
0.00555231 	0.00056959 	-0.000760912 	-0.239901
0.00562963 	0.000522679 	-0.000747875 	-0.236022
0.00562963 	0.000522679 	-0.000747875 	-0.236022
0.00570559 	0.000478109 	-0.000729517 	-0.231679
0.00570559 	0.000478109 	-0.000729517 	-0.231679
0.00578022 	0.000436283 	-0.00070623 	-0.226871
0.00578022 	0.000436283 	-0.00070623 	-0.226871
0.00585352 	0.000397511 	-0.000678506 	-0.221605
0.00585352 	0.000397511 	-0.000678506 	-0.221605
0.00592554 	0.000362014 	-0.000646914 	-0.215892
0.00592554 	0.000362014 	-0.000646914 	-0.215892
0.00599629 	0.000329917 	-0.000612069 	-0.20975
0.00599629 	0.000329917 	-0.000612069 	-0.20975
0.00606579 	0.000301258 	-0.000574616 	-0.203198
0.00606579 	0.000301258 	-0.000574616 	-0.203198
0.00613406 	0.000275985 	-0.000535204 	-0.196261
0.00613406 	0.000275985 	-0.000535204 	-0.196261
0.00620114 	0.000253968 	-0.000494477 	-0.188966
0.00620114 	0.000253968 	-0.000494477 	-0.188966
0.00626703 	0.000234995 	-0.000453063 	-0.181346
0.00626703 	0.000234995 	-0.000453063 	-0.181346
0.00633176 	0.000218787 	-0.000411563 	-0.173435
0.00633176 	0.000218787 	-0.000411563 	-0.173435
0.00639535 	0.000205001 	-0.000370545 	-0.165269
0.00639535 	0.000205001 	-0.000370545 	-0.165269
0.00645783 	0.000193249 	-0.000330528 	-0.156887
0.00645783 	0.000193249 	-0.000330528 	-0.156887
0.0065192 	0.000183117 	-0.000291979 	-0.14833
0.0065192 	0.000183117 	-0.000291979 	-0.14833
0.00657949 	0.000174177 	-0.000255306 	-0.139639
0.00657949 	0.000174177 	-0.000255306 	-0.139639
0.00663871 	0.000166017 	-0.000220848 	-0.130858
0.00663871 	0.000166017 	-0.000220848 	-0.130858
0.0066969 	0.000158254 	-0.000188873 	-0.12203
0.0066969 	0.000158254 	-0.000188873 	-0.12203
0.00675406 	0.000150556 	-0.000159571 	-0.113199
0.00675406 	0.000150556 	-0.000159571 	-0.113199
0.00681021 	0.000142656 	-0.000133056 	-0.104408
0.00681021 	0.000142656 	-0.000133056 	-0.104408
0.00686537 	0.000134359 	-0.000109372 	-0.0956965
0.00686537 	0.000134359 	-0.000109372 	-0.0956965
0.00691956 	0.000125552 	-8.85019e-05 	-0.0871059
0.00691956 	0.000125552 	-8.85019e-05 	-0.0871059
0.0069728 	0.000116191 	-7.03696e-05 	-0.0786721
0.0069728 	0.000116191 	-7.03696e-05 	-0.0786721
0.0070251 	0.000106301 	-5.48492e-05 	-0.0704246
0.0070251 	0.000106301 	-5.48492e-05 	-0.0704246
0.00707647 	9.59506e-05 	-4.17742e-05 	-0.0623855
0.00707647 	9.59506e-05 	-4.17742e-05 	-0.0623855
0.00712695 	8.52444e-05 	-3.0949e-05 	-0.0545692
0.00712695 	8.52444e-05 	-3.0949e-05 	-0.0545692
0.00717653 	7.43023e-05 	-2.21609e-05 	-0.0469831
0.00717653 	7.43023e-05 	-2.21609e-05 	-0.0469831
0.00722524 	6.32476e-05 	-1.51898e-05 	-0.0396288
0.00722524 	6.32476e-05 	-1.51898e-05 	-0.0396288
0.00727309 	5.21973e-05 	-9.81641e-06 	-0.0325031
0.00727309 	5.21973e-05 	-9.81641e-06 	-0.0325031
0.0073201 	4.12557e-05 	-5.82927e-06 	-0.0255997
0.0073201 	4.12557e-05 	-5.82927e-06 	-0.0255997
0.00736628 	3.05113e-05 	-3.03262e-06 	-0.0189101
0.00736628 	3.05113e-05 	-3.03262e-06 	-0.0189101
0.00741165 	2.00321e-05 	-1.25107e-06 	-0.0124249
0.00741165 	2.00321e-05 	-1.25107e-06 	-0.0124249
0.00745622 	9.86285e-06 	-3.09714e-07 	-0.00613395
0.00745622 	9.86285e-06 	-3.09714e-07 	-0.00613395
0.0075 	0 	0 	0
0.0075 	0 	0 	0
