0 	0 	0 	0
0 	-6.3711e-36 	-2.42274e-36 	1.8528e-31
5.01672e-05 	-6.38107e-07 	-2.68251e-07 	0.0172841
5.01672e-05 	-6.38107e-07 	-2.68251e-07 	0.0172841
0.000100334 	-1.54586e-06 	-9.03596e-07 	0.0332521
0.000150502 	-2.43388e-06 	-1.95542e-06 	0.0480738
0.000150502 	-2.43388e-06 	-1.95542e-06 	0.0480738
0.000200669 	-3.20273e-06 	-3.41992e-06 	0.0618362
0.000200669 	-3.20273e-06 	-3.41992e-06 	0.0618362
0.000250836 	-3.87671e-06 	-5.29786e-06 	0.0746167
0.000301003 	-4.47686e-06 	-7.5773e-06 	0.0864795
0.000301003 	-4.47686e-06 	-7.5773e-06 	0.0864795
0.000351171 	-5.01023e-06 	-1.02547e-05 	0.0974669
0.000401338 	-5.4812e-06 	-1.33377e-05 	0.107599
0.000451505 	-5.89322e-06 	-1.68513e-05 	0.11689
0.000451505 	-5.89322e-06 	-1.68513e-05 	0.11689
0.000501672 	-6.24929e-06 	-2.08338e-05 	0.125366
0.000551839 	-6.5524e-06 	-2.53243e-05 	0.133072
0.000551839 	-6.5524e-06 	-2.53243e-05 	0.133072
0.000602007 	-6.80583e-06 	-3.0353e-05 	0.140069
0.000602007 	-6.80583e-06 	-3.0353e-05 	0.140069
0.000652174 	-7.01335e-06 	-3.5942e-05 	0.146429
0.000652174 	-7.01335e-06 	-3.5942e-05 	0.146429
0.000702341 	-7.17916e-06 	-4.21099e-05 	0.152225
0.000702341 	-7.17916e-06 	-4.21099e-05 	0.152225
0.000752508 	-7.30755e-06 	-4.88727e-05 	0.157525
0.000802676 	-7.40215e-06 	-5.62449e-05 	0.162385
0.000852843 	-7.46212e-06 	-6.43238e-05 	0.166798
0.000852843 	-7.46212e-06 	-6.43238e-05 	0.166798
0.00090301 	-7.4959e-06 	-7.29814e-05 	0.170874
0.00090301 	-7.4959e-06 	-7.29814e-05 	0.170874
0.000953177 	-7.5065e-06 	-8.21673e-05 	0.174653
0.00100334 	-7.49666e-06 	-9.18293e-05 	0.17817
0.00100334 	-7.49666e-06 	-9.18293e-05 	0.17817
0.00105351 	-7.46885e-06 	-0.000101918 	0.181457
0.00105351 	-7.46885e-06 	-0.000101918 	0.181457
0.00110368 	-7.42492e-06 	-0.000112395 	0.184537
0.00115385 	-7.36339e-06 	-0.000123302 	0.187389
0.00120401 	-7.29054e-06 	-0.000134489 	0.190091
0.00120401 	-7.29054e-06 	-0.000134489 	0.190091
0.00130435 	-7.11593e-06 	-0.00015756 	0.195101
0.00130435 	-7.11593e-06 	-0.00015756 	0.195101
0.00135452 	-7.01408e-06 	-0.000169432 	0.197402
0.00135452 	-7.01408e-06 	-0.000169432 	0.197402
0.00140468 	-6.90463e-06 	-0.000181461 	0.199595
0.00145485 	-6.78937e-06 	-0.000193595 	0.201703
0.00145485 	-6.78937e-06 	-0.000193595 	0.201703
0.00150502 	-6.66881e-06 	-0.000205817 	0.203734
0.00150502 	-6.66881e-06 	-0.000205817 	0.203734
0.00155518 	-6.54074e-06 	-0.000218122 	0.205657
0.00155518 	-6.54074e-06 	-0.000218122 	0.205657
0.00160535 	-6.40849e-06 	-0.000230445 	0.20752
0.00160535 	-6.40849e-06 	-0.000230445 	0.20752
0.00165552 	-6.27258e-06 	-0.000242772 	0.20933
0.00165552 	-6.27258e-06 	-0.000242772 	0.20933
0.00170569 	-6.13191e-06 	-0.000255069 	0.21107
0.00170569 	-6.13191e-06 	-0.000255069 	0.21107
0.00175585 	-5.98768e-06 	-0.000267289 	0.212754
0.00175585 	-5.98768e-06 	-0.000267289 	0.212754
0.00180602 	-5.84108e-06 	-0.00027944 	0.2144
0.00180602 	-5.84108e-06 	-0.00027944 	0.2144
0.00185619 	-5.6912e-06 	-0.000291459 	0.215993
0.00185619 	-5.6912e-06 	-0.000291459 	0.215993
0.00190635 	-5.53867e-06 	-0.000303311 	0.217541
0.00190635 	-5.53867e-06 	-0.000303311 	0.217541
0.00195652 	-5.3845e-06 	-0.000315046 	0.21906
0.00195652 	-5.3845e-06 	-0.000315046 	0.21906
0.00200669 	-5.22766e-06 	-0.000326538 	0.220532
0.00200669 	-5.22766e-06 	-0.000326538 	0.220532
0.00205686 	-5.06906e-06 	-0.000337816 	0.221971
0.00210702 	-4.90932e-06 	-0.000348952 	0.223389
0.00210702 	-4.90932e-06 	-0.000348952 	0.223389
0.00215719 	-4.74705e-06 	-0.000359687 	0.224757
0.00220736 	-4.58391e-06 	-0.000370246 	0.226108
0.00225753 	-4.41937e-06 	-0.000380523 	0.227429
0.00225753 	-4.41937e-06 	-0.000380523 	0.227429
0.00230769 	-4.25335e-06 	-0.000390434 	0.228719
0.00230769 	-4.25335e-06 	-0.000390434 	0.228719
0.00235786 	-4.0867e-06 	-0.000400185 	0.229994
0.00235786 	-4.0867e-06 	-0.000400185 	0.229994
0.00240803 	-3.91829e-06 	-0.000409416 	0.231229
0.00240803 	-3.91829e-06 	-0.000409416 	0.231229
0.00245819 	-3.74932e-06 	-0.000418455 	0.232451
0.00245819 	-3.74932e-06 	-0.000418455 	0.232451
0.00250836 	-3.57923e-06 	-0.000427107 	0.233645
0.00250836 	-3.57923e-06 	-0.000427107 	0.233645
0.00255853 	-3.40821e-06 	-0.000435402 	0.234816
0.0026087 	-3.23654e-06 	-0.000443445 	0.23597
0.0026087 	-3.23654e-06 	-0.000443445 	0.23597
0.00265886 	-3.06363e-06 	-0.000450974 	0.237093
0.00270903 	-2.89044e-06 	-0.000458381 	0.238208
0.00270903 	-2.89044e-06 	-0.000458381 	0.238208
0.0027592 	-2.7157e-06 	-0.000465132 	0.239284
0.00280936 	-2.5407e-06 	-0.000471776 	0.240354
0.00280936 	-2.5407e-06 	-0.000471776 	0.240354
0.00285953 	-2.3643e-06 	-0.000477854 	0.241391
0.00285953 	-2.3643e-06 	-0.000477854 	0.241391
0.0029097 	-2.18738e-06 	-0.000483738 	0.242417
0.0029097 	-2.18738e-06 	-0.000483738 	0.242417
0.00295987 	-2.00913e-06 	-0.000489138 	0.243416
0.00295987 	-2.00913e-06 	-0.000489138 	0.243416
0.00301003 	-1.83011e-06 	-0.000494286 	0.2444
0.0030602 	-1.64982e-06 	-0.000499019 	0.24536
0.00311037 	-1.46855e-06 	-0.000503474 	0.246304
0.00311037 	-1.46855e-06 	-0.000503474 	0.246304
0.00316054 	-1.28604e-06 	-0.000507568 	0.247226
0.00316054 	-1.28604e-06 	-0.000507568 	0.247226
0.00326087 	-9.17597e-07 	-0.000514886 	0.249014
0.00326087 	-9.17597e-07 	-0.000514886 	0.249014
0.00331104 	-7.31596e-07 	-0.000518141 	0.249881
0.0033612 	-5.44172e-07 	-0.000521095 	0.250727
0.0033612 	-5.44172e-07 	-0.000521095 	0.250727
0.00341137 	-3.55514e-07 	-0.000523855 	0.251557
0.00341137 	-3.55514e-07 	-0.000523855 	0.251557
0.00346154 	-1.64986e-07 	-0.000526321 	0.252364
0.00346154 	-1.64986e-07 	-0.000526321 	0.252364
0.00351171 	2.67266e-08 	-0.000528655 	0.25316
0.00356187 	2.21044e-07 	-0.000530695 	0.25393
0.00356187 	2.21044e-07 	-0.000530695 	0.25393
0.00361204 	4.16132e-07 	-0.000532665 	0.254693
0.00366221 	6.14508e-07 	-0.000534333 	0.255428
0.00366221 	6.14508e-07 	-0.000534333 	0.255428
0.00371237 	8.12992e-07 	-0.000535991 	0.256162
0.00371237 	8.12992e-07 	-0.000535991 	0.256162
0.00376254 	1.01503e-06 	-0.000537331 	0.256864
0.00376254 	1.01503e-06 	-0.000537331 	0.256864
0.00381271 	1.21707e-06 	-0.000538671 	0.257566
0.00381271 	1.21707e-06 	-0.000538671 	0.257566
0.00386288 	1.42155e-06 	-0.00053977 	0.258241
0.00391304 	1.62653e-06 	-0.000540821 	0.258911
0.00391304 	1.62653e-06 	-0.000540821 	0.258911
0.00396321 	1.83286e-06 	-0.000541719 	0.259562
0.00401338 	2.04011e-06 	-0.000542513 	0.260199
0.00401338 	2.04011e-06 	-0.000542513 	0.260199
0.00406355 	2.2479e-06 	-0.000543237 	0.260827
0.00406355 	2.2479e-06 	-0.000543237 	0.260827
0.00411371 	2.45687e-06 	-0.00054381 	0.261433
0.00411371 	2.45687e-06 	-0.00054381 	0.261433
0.00421405 	2.87595e-06 	-0.000544769 	0.262611
0.00421405 	2.87595e-06 	-0.000544769 	0.262611
0.00426421 	3.08607e-06 	-0.000545154 	0.263185
0.00426421 	3.08607e-06 	-0.000545154 	0.263185
0.00431438 	3.2965e-06 	-0.000545444 	0.263738
0.00431438 	3.2965e-06 	-0.000545444 	0.263738
0.00436455 	3.50711e-06 	-0.000545678 	0.264278
0.00436455 	3.50711e-06 	-0.000545678 	0.264278
0.00441472 	3.71767e-06 	-0.000545886 	0.264812
0.00441472 	3.71767e-06 	-0.000545886 	0.264812
0.00446488 	3.92803e-06 	-0.000546005 	0.26532
0.00446488 	3.92803e-06 	-0.000546005 	0.26532
0.00451505 	4.13839e-06 	-0.000546123 	0.265829
0.00451505 	4.13839e-06 	-0.000546123 	0.265829
0.00456522 	4.34788e-06 	-0.000546178 	0.266312
0.00456522 	4.34788e-06 	-0.000546178 	0.266312
0.00461538 	4.55714e-06 	-0.000546215 	0.266788
0.00461538 	4.55714e-06 	-0.000546215 	0.266788
0.00466555 	4.7658e-06 	-0.000546237 	0.267255
0.00471572 	4.97303e-06 	-0.000546225 	0.267699
0.00476589 	5.18025e-06 	-0.000546214 	0.268142
0.00476589 	5.18025e-06 	-0.000546214 	0.268142
0.00486622 	5.58945e-06 	-0.000546158 	0.268973
0.00486622 	5.58945e-06 	-0.000546158 	0.268973
0.00491639 	5.79299e-06 	-0.000546129 	0.269378
0.00496656 	5.99329e-06 	-0.000546109 	0.269757
0.00496656 	5.99329e-06 	-0.000546109 	0.269757
0.00501672 	6.19358e-06 	-0.000546088 	0.270136
0.00506689 	6.39115e-06 	-0.000546085 	0.270497
0.00511706 	6.58649e-06 	-0.000546096 	0.270844
0.00511706 	6.58649e-06 	-0.000546096 	0.270844
0.00521739 	6.97191e-06 	-0.000546163 	0.27151
0.00521739 	6.97191e-06 	-0.000546163 	0.27151
0.00526756 	7.16125e-06 	-0.000546224 	0.271825
0.00526756 	7.16125e-06 	-0.000546224 	0.271825
0.00531773 	7.3495e-06 	-0.000546295 	0.272135
0.00536789 	7.53176e-06 	-0.000546419 	0.272418
0.00536789 	7.53176e-06 	-0.000546419 	0.272418
0.00541806 	7.71402e-06 	-0.000546542 	0.272701
0.00546823 	7.89316e-06 	-0.000546692 	0.272972
0.00551839 	8.06725e-06 	-0.000546885 	0.273225
0.00551839 	8.06725e-06 	-0.000546885 	0.273225
0.00556856 	8.24134e-06 	-0.000547077 	0.273477
0.00556856 	8.24134e-06 	-0.000547077 	0.273477
0.0056689 	8.57488e-06 	-0.00054757 	0.273933
0.0056689 	8.57488e-06 	-0.00054757 	0.273933
0.00571906 	8.7396e-06 	-0.000547832 	0.274155
0.00576923 	8.89688e-06 	-0.000548138 	0.274356
0.00576923 	8.89688e-06 	-0.000548138 	0.274356
0.0058194 	9.05081e-06 	-0.000548463 	0.274548
0.0058194 	9.05081e-06 	-0.000548463 	0.274548
0.00591973 	9.34915e-06 	-0.000549154 	0.274911
0.00591973 	9.34915e-06 	-0.000549154 	0.274911
0.0059699 	9.49068e-06 	-0.000549531 	0.275074
0.0059699 	9.49068e-06 	-0.000549531 	0.275074
0.00602007 	9.63221e-06 	-0.000549909 	0.275238
0.00607023 	9.76254e-06 	-0.000550314 	0.275379
0.0061204 	9.88995e-06 	-0.000550727 	0.275515
0.0061204 	9.88995e-06 	-0.000550727 	0.275515
0.00617057 	1.00174e-05 	-0.000551139 	0.275651
0.00622074 	1.01327e-05 	-0.000551565 	0.275766
0.00622074 	1.01327e-05 	-0.000551565 	0.275766
0.0062709 	1.02443e-05 	-0.000551994 	0.275875
0.00632107 	1.03559e-05 	-0.000552424 	0.275984
0.00632107 	1.03559e-05 	-0.000552424 	0.275984
0.00637124 	1.04554e-05 	-0.000552851 	0.276075
0.00637124 	1.04554e-05 	-0.000552851 	0.276075
0.0064214 	1.05494e-05 	-0.000553278 	0.276158
0.0064214 	1.05494e-05 	-0.000553278 	0.276158
0.00647157 	1.06434e-05 	-0.000553705 	0.276242
0.00647157 	1.06434e-05 	-0.000553705 	0.276242
0.00652174 	1.07266e-05 	-0.000554115 	0.276311
0.00657191 	1.08008e-05 	-0.000554512 	0.276369
0.00657191 	1.08008e-05 	-0.000554512 	0.276369
0.00662207 	1.08751e-05 	-0.000554909 	0.276427
0.00667224 	1.09417e-05 	-0.000555291 	0.276476
0.00672241 	1.0994e-05 	-0.000555647 	0.276509
0.00672241 	1.0994e-05 	-0.000555647 	0.276509
0.00677258 	1.10463e-05 	-0.000556003 	0.276542
0.00682274 	1.10962e-05 	-0.000556354 	0.276573
0.00682274 	1.10962e-05 	-0.000556354 	0.276573
0.00687291 	1.11241e-05 	-0.000556663 	0.276582
0.00687291 	1.11241e-05 	-0.000556663 	0.276582
0.00692308 	1.11521e-05 	-0.000556973 	0.276591
0.00697324 	1.118e-05 	-0.000557283 	0.2766
0.00702341 	1.11868e-05 	-0.000557533 	0.27659
0.00707358 	1.1188e-05 	-0.000557767 	0.276574
0.00707358 	1.1188e-05 	-0.000557767 	0.276574
0.00717391 	1.11779e-05 	-0.000558208 	0.276534
0.00717391 	1.11779e-05 	-0.000558208 	0.276534
0.00722408 	1.11494e-05 	-0.000558379 	0.276495
0.00722408 	1.11494e-05 	-0.000558379 	0.276495
0.00727425 	1.11208e-05 	-0.000558549 	0.276455
0.00727425 	1.11208e-05 	-0.000558549 	0.276455
0.00732441 	1.10923e-05 	-0.00055872 	0.276416
0.00732441 	1.10923e-05 	-0.00055872 	0.276416
0.00737458 	1.10319e-05 	-0.0005588 	0.276353
0.00737458 	1.10319e-05 	-0.0005588 	0.276353
0.00742475 	1.09712e-05 	-0.00055888 	0.27629
0.00747492 	1.09104e-05 	-0.000558959 	0.276227
0.00752508 	1.08335e-05 	-0.000558975 	0.276152
0.00752508 	1.08335e-05 	-0.000558975 	0.276152
0.00757525 	1.07402e-05 	-0.000558928 	0.276065
0.00762542 	1.0647e-05 	-0.00055888 	0.275979
0.00767559 	1.05535e-05 	-0.000558832 	0.275891
0.00767559 	1.05535e-05 	-0.000558832 	0.275891
0.00772575 	1.04289e-05 	-0.000558677 	0.27578
0.00777592 	1.03044e-05 	-0.000558521 	0.27567
0.00777592 	1.03044e-05 	-0.000558521 	0.27567
0.00782609 	1.01798e-05 	-0.000558366 	0.275559
0.00787625 	1.00394e-05 	-0.000558132 	0.275434
0.00787625 	1.00394e-05 	-0.000558132 	0.275434
0.00792642 	9.88763e-06 	-0.000557841 	0.2753
0.00797659 	9.73582e-06 	-0.000557551 	0.275166
0.00802676 	9.57917e-06 	-0.000557232 	0.275027
0.00802676 	9.57917e-06 	-0.000557232 	0.275027
0.00807692 	9.40435e-06 	-0.000556809 	0.27487
0.00807692 	9.40435e-06 	-0.000556809 	0.27487
0.00812709 	9.22952e-06 	-0.000556386 	0.274713
0.00817726 	9.0547e-06 	-0.000555963 	0.274556
0.00817726 	9.0547e-06 	-0.000555963 	0.274556
0.00822742 	8.86198e-06 	-0.000555442 	0.274378
0.00827759 	8.66729e-06 	-0.000554909 	0.274199
0.00827759 	8.66729e-06 	-0.000554909 	0.274199
0.00832776 	8.4726e-06 	-0.000554377 	0.274019
0.00832776 	8.4726e-06 	-0.000554377 	0.274019
0.00837793 	8.26702e-06 	-0.000553766 	0.273825
0.00842809 	8.05556e-06 	-0.000553113 	0.273622
0.00842809 	8.05556e-06 	-0.000553113 	0.273622
0.00847826 	7.84411e-06 	-0.000552461 	0.27342
0.00847826 	7.84411e-06 	-0.000552461 	0.27342
0.0085786 	7.40108e-06 	-0.000550982 	0.272983
0.0085786 	7.40108e-06 	-0.000550982 	0.272983
0.00862876 	7.1758e-06 	-0.00055021 	0.272759
0.00867893 	6.94699e-06 	-0.000549401 	0.272527
0.0087291 	6.71059e-06 	-0.000548512 	0.27228
0.00877926 	6.47419e-06 	-0.000547623 	0.272033
0.00882943 	6.23576e-06 	-0.000546706 	0.271781
0.0088796 	5.9907e-06 	-0.0005457 	0.271511
0.0088796 	5.9907e-06 	-0.0005457 	0.271511
0.00892977 	5.74565e-06 	-0.000544694 	0.271242
0.00892977 	5.74565e-06 	-0.000544694 	0.271242
0.00897993 	5.49925e-06 	-0.000543664 	0.270967
0.00897993 	5.49925e-06 	-0.000543664 	0.270967
0.0090301 	5.24774e-06 	-0.000542542 	0.270675
0.00908027 	4.99622e-06 	-0.00054142 	0.270383
0.00908027 	4.99622e-06 	-0.00054142 	0.270383
0.00913043 	4.74366e-06 	-0.000540271 	0.270086
0.0091806 	4.48764e-06 	-0.000539033 	0.269771
0.0091806 	4.48764e-06 	-0.000539033 	0.269771
0.00923077 	4.23162e-06 	-0.000537795 	0.269457
0.00928094 	3.97473e-06 	-0.00053652 	0.269135
0.00928094 	3.97473e-06 	-0.00053652 	0.269135
0.0093311 	3.71591e-06 	-0.000535166 	0.268797
0.00938127 	3.4571e-06 	-0.000533811 	0.26846
0.00938127 	3.4571e-06 	-0.000533811 	0.26846
0.00943144 	3.19771e-06 	-0.000532405 	0.268112
0.00943144 	3.19771e-06 	-0.000532405 	0.268112
0.00948161 	2.93759e-06 	-0.000530932 	0.267751
0.00948161 	2.93759e-06 	-0.000530932 	0.267751
0.00953177 	2.67748e-06 	-0.00052946 	0.267391
0.00953177 	2.67748e-06 	-0.00052946 	0.267391
0.00958194 	2.41738e-06 	-0.000527914 	0.267015
0.00958194 	2.41738e-06 	-0.000527914 	0.267015
0.00963211 	2.1573e-06 	-0.000526322 	0.266631
0.00968227 	1.89722e-06 	-0.00052473 	0.266247
0.00968227 	1.89722e-06 	-0.00052473 	0.266247
0.00973244 	1.63815e-06 	-0.000523035 	0.265843
0.00978261 	1.37926e-06 	-0.000521321 	0.265434
0.00978261 	1.37926e-06 	-0.000521321 	0.265434
0.00983278 	1.12065e-06 	-0.000519592 	0.265023
0.00983278 	1.12065e-06 	-0.000519592 	0.265023
0.00988294 	8.63969e-07 	-0.000517753 	0.264591
0.00993311 	6.0729e-07 	-0.000515913 	0.264158
0.00993311 	6.0729e-07 	-0.000515913 	0.264158
0.00998328 	3.52004e-07 	-0.000514016 	0.263715
0.0100334 	9.84146e-08 	-0.000512047 	0.263257
0.0100836 	-1.55175e-07 	-0.000510079 	0.2628
0.0100836 	-1.55175e-07 	-0.000510079 	0.2628
0.0101338 	-4.05582e-07 	-0.000507999 	0.262322
0.0101839 	-6.55309e-07 	-0.000505896 	0.261839
0.0101839 	-6.55309e-07 	-0.000505896 	0.261839
0.0102341 	-9.0393e-07 	-0.000503759 	0.26135
0.0102341 	-9.0393e-07 	-0.000503759 	0.26135
0.0102843 	-1.14911e-06 	-0.000501516 	0.260841
0.0103344 	-1.39429e-06 	-0.000499273 	0.260332
0.0103344 	-1.39429e-06 	-0.000499273 	0.260332
0.0103846 	-1.63583e-06 	-0.000496927 	0.259804
0.0103846 	-1.63583e-06 	-0.000496927 	0.259804
0.0104348 	-1.87587e-06 	-0.000494537 	0.259268
0.0104348 	-1.87587e-06 	-0.000494537 	0.259268
0.0104849 	-2.11467e-06 	-0.000492114 	0.258727
0.0104849 	-2.11467e-06 	-0.000492114 	0.258727
0.0105351 	-2.34902e-06 	-0.000489571 	0.258163
0.0105853 	-2.58337e-06 	-0.000487028 	0.2576
0.0105853 	-2.58337e-06 	-0.000487028 	0.2576
0.0106856 	-3.04118e-06 	-0.000481655 	0.256422
0.0106856 	-3.04118e-06 	-0.000481655 	0.256422
0.0107358 	-3.26697e-06 	-0.000478888 	0.255819
0.010786 	-3.48859e-06 	-0.000476013 	0.255198
0.010786 	-3.48859e-06 	-0.000476013 	0.255198
0.0108361 	-3.71017e-06 	-0.000473138 	0.254576
0.0108863 	-3.92483e-06 	-0.000470086 	0.253924
0.0108863 	-3.92483e-06 	-0.000470086 	0.253924
0.0109365 	-4.13949e-06 	-0.000467034 	0.253271
0.0109365 	-4.13949e-06 	-0.000467034 	0.253271
0.0109866 	-4.34911e-06 	-0.000463855 	0.252597
0.0110368 	-4.55644e-06 	-0.000460617 	0.251912
0.0110368 	-4.55644e-06 	-0.000460617 	0.251912
0.011087 	-4.76063e-06 	-0.0004573 	0.251214
0.011087 	-4.76063e-06 	-0.0004573 	0.251214
0.0111371 	-4.96025e-06 	-0.000453867 	0.250497
0.0111873 	-5.15851e-06 	-0.000450398 	0.249773
0.0111873 	-5.15851e-06 	-0.000450398 	0.249773
0.0112375 	-5.35003e-06 	-0.000446754 	0.249021
0.0112876 	-5.54156e-06 	-0.00044311 	0.248268
0.0112876 	-5.54156e-06 	-0.00044311 	0.248268
0.0113378 	-5.72483e-06 	-0.000439245 	0.24748
0.0113378 	-5.72483e-06 	-0.000439245 	0.24748
0.011388 	-5.90785e-06 	-0.000435374 	0.246691
0.0114381 	-6.08369e-06 	-0.000431296 	0.24587
0.0114381 	-6.08369e-06 	-0.000431296 	0.24587
0.0114883 	-6.25785e-06 	-0.00042717 	0.245041
0.0115385 	-6.42565e-06 	-0.000422842 	0.244183
0.0115385 	-6.42565e-06 	-0.000422842 	0.244183
0.0115886 	-6.59057e-06 	-0.000418422 	0.243311
0.0116388 	-6.74966e-06 	-0.000413797 	0.242411
0.0116388 	-6.74966e-06 	-0.000413797 	0.242411
0.011689 	-6.90491e-06 	-0.000409038 	0.241491
0.0117391 	-7.0547e-06 	-0.000404061 	0.240543
0.0117893 	-7.20012e-06 	-0.000398911 	0.239572
0.0118395 	-7.34025e-06 	-0.000393524 	0.238569
0.0118395 	-7.34025e-06 	-0.000393524 	0.238569
0.0118896 	-7.47593e-06 	-0.000387938 	0.23754
0.0119398 	-7.60617e-06 	-0.000382089 	0.236476
0.0119398 	-7.60617e-06 	-0.000382089 	0.236476
0.01199 	-7.73223e-06 	-0.000376037 	0.235385
0.0120401 	-7.85227e-06 	-0.000369687 	0.234252
0.0120401 	-7.85227e-06 	-0.000369687 	0.234252
0.0120903 	-7.96868e-06 	-0.000363156 	0.233094
0.0120903 	-7.96868e-06 	-0.000363156 	0.233094
0.0121906 	-8.1845e-06 	-0.000349263 	0.230654
0.0121906 	-8.1845e-06 	-0.000349263 	0.230654
0.0122408 	-8.28238e-06 	-0.000341839 	0.22936
0.012291 	-8.37863e-06 	-0.000334338 	0.228054
0.012291 	-8.37863e-06 	-0.000334338 	0.228054
0.0123411 	-8.46426e-06 	-0.000326353 	0.226666
0.0123913 	-8.54777e-06 	-0.000318277 	0.225262
0.0123913 	-8.54777e-06 	-0.000318277 	0.225262
0.0124415 	-8.62239e-06 	-0.000309815 	0.223788
0.0124415 	-8.62239e-06 	-0.000309815 	0.223788
0.0124916 	-8.69228e-06 	-0.000301162 	0.222276
0.0124916 	-8.69228e-06 	-0.000301162 	0.222276
0.0125418 	-8.75551e-06 	-0.000292239 	0.220711
0.012592 	-8.81084e-06 	-0.000283023 	0.219081
0.0126421 	-8.86227e-06 	-0.000273663 	0.21742
0.0126421 	-8.86227e-06 	-0.000273663 	0.21742
0.0126923 	-8.90206e-06 	-0.00026392 	0.215662
0.0127425 	-8.93787e-06 	-0.000254063 	0.21387
0.0127425 	-8.93787e-06 	-0.000254063 	0.21387
0.0127926 	-8.96447e-06 	-0.000243949 	0.212
0.0128428 	-8.98302e-06 	-0.000233655 	0.210062
0.0128428 	-8.98302e-06 	-0.000233655 	0.210062
0.0129431 	-8.99662e-06 	-0.000212621 	0.205984
0.0129431 	-8.99662e-06 	-0.000212621 	0.205984
0.0129933 	-8.99104e-06 	-0.000201936 	0.203838
0.0130435 	-8.97692e-06 	-0.000191164 	0.201617
0.0130435 	-8.97692e-06 	-0.000191164 	0.201617
0.0131438 	-8.91779e-06 	-0.000169527 	0.196902
0.0131438 	-8.91779e-06 	-0.000169527 	0.196902
0.013194 	-8.87395e-06 	-0.000158731 	0.194416
0.0132441 	-8.81803e-06 	-0.000148029 	0.191821
0.0132441 	-8.81803e-06 	-0.000148029 	0.191821
0.0132943 	-8.75391e-06 	-0.000137413 	0.18915
0.0133445 	-8.67808e-06 	-0.000126948 	0.186369
0.0133445 	-8.67808e-06 	-0.000126948 	0.186369
0.0133946 	-8.58844e-06 	-0.000116722 	0.183458
0.0133946 	-8.58844e-06 	-0.000116722 	0.183458
0.0134448 	-8.48905e-06 	-0.00010669 	0.180452
0.0134448 	-8.48905e-06 	-0.00010669 	0.180452
0.013495 	-8.37891e-06 	-9.68848e-05 	0.17734
0.0135452 	-8.25113e-06 	-8.75066e-05 	0.174052
0.0135452 	-8.25113e-06 	-8.75066e-05 	0.174052
0.0135953 	-8.11181e-06 	-7.84356e-05 	0.170642
0.0135953 	-8.11181e-06 	-7.84356e-05 	0.170642
0.0136455 	-7.9603e-06 	-6.96987e-05 	0.167104
0.0136455 	-7.9603e-06 	-6.96987e-05 	0.167104
0.0136957 	-7.79367e-06 	-6.13938e-05 	0.1634
0.0136957 	-7.79367e-06 	-6.13938e-05 	0.1634
0.0137458 	-7.60913e-06 	-5.3632e-05 	0.159487
0.013796 	-7.41062e-06 	-4.63156e-05 	0.155402
0.013796 	-7.41062e-06 	-4.63156e-05 	0.155402
0.0138462 	-7.19765e-06 	-3.9475e-05 	0.151131
0.0138462 	-7.19765e-06 	-3.9475e-05 	0.151131
0.0138963 	-6.96974e-06 	-3.3141e-05 	0.146659
0.0139465 	-6.72188e-06 	-2.75043e-05 	0.141897
0.0139465 	-6.72188e-06 	-2.75043e-05 	0.141897
0.0139967 	-6.4585e-06 	-2.24229e-05 	0.136888
0.0139967 	-6.4585e-06 	-2.24229e-05 	0.136888
0.0140468 	-6.1799e-06 	-1.78963e-05 	0.131619
0.0140468 	-6.1799e-06 	-1.78963e-05 	0.131619
0.014097 	-5.88609e-06 	-1.39331e-05 	0.126067
0.0141472 	-5.57716e-06 	-1.05334e-05 	0.12021
0.0141472 	-5.57716e-06 	-1.05334e-05 	0.12021
0.0141973 	-5.25328e-06 	-7.68342e-06 	0.114022
0.0142475 	-4.91244e-06 	-5.42652e-06 	0.107402
0.0142977 	-4.55823e-06 	-3.63152e-06 	0.100366
0.0142977 	-4.55823e-06 	-3.63152e-06 	0.100366
0.0143478 	-4.19391e-06 	-2.25455e-06 	0.0929035
0.014398 	-3.82431e-06 	-1.2568e-06 	0.0850329
0.014398 	-3.82431e-06 	-1.2568e-06 	0.0850329
0.0144482 	-3.45529e-06 	-5.89273e-07 	0.0768118
0.0144983 	-3.09308e-06 	-1.91531e-07 	0.0683448
0.0144983 	-3.09308e-06 	-1.91531e-07 	0.0683448
0.0145485 	-2.74346e-06 	4.38942e-09 	0.0597825
0.0145485 	-2.74346e-06 	4.38942e-09 	0.0597825
0.0145987 	-2.41056e-06 	6.75551e-08 	0.0513064
0.0146488 	-2.09568e-06 	5.96886e-08 	0.0430991
0.014699 	-1.79681e-06 	2.75922e-08 	0.0353102
0.014699 	-1.79681e-06 	2.75922e-08 	0.0353102
0.0147492 	-1.50832e-06 	-3.87762e-11 	0.0280359
0.0147993 	-1.21932e-06 	-1.18227e-08 	0.0213212
0.0147993 	-1.21932e-06 	-1.18227e-08 	0.0213212
0.0148495 	-9.06872e-07 	-6.14289e-09 	0.0151761
0.0148495 	-9.06872e-07 	-6.14289e-09 	0.0151761
0.0148997 	-5.52926e-07 	2.96487e-09 	0.0095911
0.0148997 	-5.52926e-07 	2.96487e-09 	0.0095911
0.0149498 	-2.12328e-07 	7.20555e-09 	0.00454668
0.0149498 	-2.12328e-07 	7.20555e-09 	0.00454668
0.015 	0 	0 	0
0.015 	0 	0 	0
