-0.0075 	0 	0 	0
-0.0075 	4.3713e-22 	-3.51902e-22 	1.39196e-18
-0.00745622 	-2.82266e-06 	2.27232e-06 	-0.00898826
-0.00745622 	-2.82266e-06 	2.27232e-06 	-0.00898826
-0.00741165 	-5.24893e-06 	8.07321e-06 	-0.0181784
-0.00741165 	-5.24893e-06 	8.07321e-06 	-0.0181784
-0.00736628 	-7.04807e-06 	1.77513e-05 	-0.0275579
-0.00736628 	-7.04807e-06 	1.77513e-05 	-0.0275579
-0.0073201 	-7.98837e-06 	3.12353e-05 	-0.0370711
-0.0073201 	-7.98837e-06 	3.12353e-05 	-0.0370711
-0.00727309 	-7.86409e-06 	4.8306e-05 	-0.0466614
-0.00727309 	-7.86409e-06 	4.8306e-05 	-0.0466614
-0.00722524 	-6.51308e-06 	6.87634e-05 	-0.0562726
-0.00722524 	-6.51308e-06 	6.87634e-05 	-0.0562726
-0.00717653 	-3.83301e-06 	9.24045e-05 	-0.0658519
-0.00717653 	-3.83301e-06 	9.24045e-05 	-0.0658519
-0.00712695 	2.06757e-07 	0.000119012 	-0.0753524
-0.00712695 	2.06757e-07 	0.000119012 	-0.0753524
-0.00707647 	5.55929e-06 	0.000148361 	-0.0847351
-0.00707647 	5.55929e-06 	0.000148361 	-0.0847351
-0.0070251 	1.20999e-05 	0.000180234 	-0.0939702
-0.0070251 	1.20999e-05 	0.000180234 	-0.0939702
-0.0069728 	1.96304e-05 	0.000214431 	-0.103037
-0.0069728 	1.96304e-05 	0.000214431 	-0.103037
-0.00691956 	2.78862e-05 	0.000250775 	-0.111926
-0.00691956 	2.78862e-05 	0.000250775 	-0.111926
-0.00686537 	3.65443e-05 	0.00028912 	-0.12063
-0.00686537 	3.65443e-05 	0.00028912 	-0.12063
-0.00681021 	4.52305e-05 	0.000329342 	-0.129149
-0.00681021 	4.52305e-05 	0.000329342 	-0.129149
-0.00675406 	5.35302e-05 	0.000371336 	-0.137483
-0.00675406 	5.35302e-05 	0.000371336 	-0.137483
-0.0066969 	6.10031e-05 	0.00041501 	-0.145629
-0.0066969 	6.10031e-05 	0.00041501 	-0.145629
-0.00663871 	6.72004e-05 	0.000460267 	-0.153584
-0.00663871 	6.72004e-05 	0.000460267 	-0.153584
-0.00657949 	7.16884e-05 	0.000506993 	-0.161343
-0.00657949 	7.16884e-05 	0.000506993 	-0.161343
-0.0065192 	7.40752e-05 	0.000555042 	-0.168893
-0.0065192 	7.40752e-05 	0.000555042 	-0.168893
-0.00645783 	7.40412e-05 	0.000604225 	-0.176221
-0.00645783 	7.40412e-05 	0.000604225 	-0.176221
-0.00639535 	7.13683e-05 	0.000654308 	-0.183309
-0.00639535 	7.13683e-05 	0.000654308 	-0.183309
-0.00633176 	6.59652e-05 	0.000705004 	-0.190137
-0.00633176 	6.59652e-05 	0.000705004 	-0.190137
-0.00626703 	5.78834e-05 	0.000755983 	-0.196686
-0.00626703 	5.78834e-05 	0.000755983 	-0.196686
-0.00620114 	4.73223e-05 	0.000806869 	-0.202933
-0.00620114 	4.73223e-05 	0.000806869 	-0.202933
-0.00613406 	3.46196e-05 	0.000857249 	-0.208858
-0.00613406 	3.46196e-05 	0.000857249 	-0.208858
-0.00606579 	2.02301e-05 	0.000906686 	-0.214444
-0.00606579 	2.02301e-05 	0.000906686 	-0.214444
-0.00599629 	4.69144e-06 	0.000954719 	-0.219674
-0.00599629 	4.69144e-06 	0.000954719 	-0.219674
-0.00592554 	-1.14171e-05 	0.00100088 	-0.224535
-0.00592554 	-1.14171e-05 	0.00100088 	-0.224535
-0.00585352 	-2.75199e-05 	0.0010447 	-0.229019
-0.00585352 	-2.75199e-05 	0.0010447 	-0.229019
-0.00578022 	-4.30893e-05 	0.00108572 	-0.233119
-0.00578022 	-4.30893e-05 	0.00108572 	-0.233119
-0.00570559 	-5.7684e-05 	0.00112352 	-0.236835
-0.00570559 	-5.7684e-05 	0.00112352 	-0.236835
-0.00562963 	-7.09776e-05 	0.00115771 	-0.240168
-0.00562963 	-7.09776e-05 	0.00115771 	-0.240168
-0.00555231 	-8.27756e-05 	0.00118793 	-0.243127
-0.00555231 	-8.27756e-05 	0.00118793 	-0.243127
-0.0054736 	-9.30177e-05 	0.00121393 	-0.245723
-0.0054736 	-9.30177e-05 	0.00121393 	-0.245723
-0.00539348 	-0.000101766 	0.00123549 	-0.247971
-0.00539348 	-0.000101766 	0.00123549 	-0.247971
-0.00531193 	-0.000109184 	0.00125248 	-0.24989
-0.00531193 	-0.000109184 	0.00125248 	-0.24989
-0.00522891 	-0.000115504 	0.00126486 	-0.251503
-0.00522891 	-0.000115504 	0.00126486 	-0.251503
-0.0051444 	-0.000120996 	0.00127268 	-0.252832
-0.0051444 	-0.000120996 	0.00127268 	-0.252832
-0.00505838 	-0.000125935 	0.0012761 	-0.253907
-0.00505838 	-0.000125935 	0.0012761 	-0.253907
-0.00497081 	-0.000130571 	0.00127534 	-0.254757
-0.00497081 	-0.000130571 	0.00127534 	-0.254757
-0.00488168 	-0.000135099 	0.0012707 	-0.255411
-0.00488168 	-0.000135099 	0.0012707 	-0.255411
-0.00479094 	-0.000139644 	0.0012625 	-0.255899
-0.00479094 	-0.000139644 	0.0012625 	-0.255899
-0.00469858 	-0.000144266 	0.00125109 	-0.256247
-0.00469858 	-0.000144266 	0.00125109 	-0.256247
-0.00460456 	-0.000148958 	0.00123684 	-0.256481
-0.00460456 	-0.000148958 	0.00123684 	-0.256481
-0.00450886 	-0.000153669 	0.00122011 	-0.256624
-0.00450886 	-0.000153669 	0.00122011 	-0.256624
-0.00441144 	-0.000158318 	0.00120125 	-0.256697
-0.00441144 	-0.000158318 	0.00120125 	-0.256697
-0.00431227 	-0.000162812 	0.00118053 	-0.256716
-0.00431227 	-0.000162812 	0.00118053 	-0.256716
-0.00421133 	-0.000167057 	0.00115822 	-0.256695
-0.00421133 	-0.000167057 	0.00115822 	-0.256695
-0.00410857 	-0.000170971 	0.0011345 	-0.256645
-0.00410857 	-0.000170971 	0.0011345 	-0.256645
-0.00400397 	-0.000174491 	0.00110952 	-0.256573
-0.00400397 	-0.000174491 	0.00110952 	-0.256573
-0.0038975 	-0.000177579 	0.00108336 	-0.256484
-0.0038975 	-0.000177579 	0.00108336 	-0.256484
-0.00378912 	-0.000180209 	0.00105615 	-0.256384
-0.00378912 	-0.000180209 	0.00105615 	-0.256384
-0.00367879 	-0.000182328 	0.0010279 	-0.256272
-0.00367879 	-0.000182328 	0.0010279 	-0.256272
-0.00356649 	-0.000183829 	0.000998443 	-0.25615
-0.00356649 	-0.000183829 	0.000998443 	-0.25615
-0.00345217 	-0.0001846 	0.000967782 	-0.256018
-0.00345217 	-0.0001846 	0.000967782 	-0.256018
-0.0033358 	-0.000184601 	0.000936042 	-0.255878
-0.0033358 	-0.000184601 	0.000936042 	-0.255878
-0.00321735 	-0.00018389 	0.000903372 	-0.255733
-0.00321735 	-0.00018389 	0.000903372 	-0.255733
-0.00309677 	-0.000182589 	0.000869883 	-0.255587
-0.00309677 	-0.000182589 	0.000869883 	-0.255587
-0.00297403 	-0.000180865 	0.000835615 	-0.255442
-0.00297403 	-0.000180865 	0.000835615 	-0.255442
-0.00284909 	-0.000178913 	0.000800619 	-0.2553
-0.00284909 	-0.000178913 	0.000800619 	-0.2553
-0.0027219 	-0.00017696 	0.000764951 	-0.255162
-0.0027219 	-0.00017696 	0.000764951 	-0.255162
-0.00259244 	-0.000175252 	0.000728659 	-0.25503
-0.00259244 	-0.000175252 	0.000728659 	-0.25503
-0.00246065 	-0.000174045 	0.000691783 	-0.254904
-0.00246065 	-0.000174045 	0.000691783 	-0.254904
-0.00232651 	-0.000173597 	0.000654347 	-0.254786
-0.00232651 	-0.000173597 	0.000654347 	-0.254786
-0.00218995 	-0.000174151 	0.000616379 	-0.254675
-0.00218995 	-0.000174151 	0.000616379 	-0.254675
-0.00205095 	-0.000175906 	0.000577943 	-0.254574
-0.00205095 	-0.000175906 	0.000577943 	-0.254574
-0.00190946 	-0.00017895 	0.000539037 	-0.254483
-0.00190946 	-0.00017895 	0.000539037 	-0.254483
-0.00176543 	-0.000183251 	0.000499668 	-0.254401
-0.00176543 	-0.000183251 	0.000499668 	-0.254401
-0.00161881 	-0.000188657 	0.000459897 	-0.254329
-0.00161881 	-0.000188657 	0.000459897 	-0.254329
-0.00146957 	-0.000194931 	0.00041968 	-0.254266
-0.00146957 	-0.000194931 	0.00041968 	-0.254266
-0.00131765 	-0.000201843 	0.000379045 	-0.254212
-0.00131765 	-0.000201843 	0.000379045 	-0.254212
-0.001163 	-0.00020918 	0.000338166 	-0.254169
-0.001163 	-0.00020918 	0.000338166 	-0.254169
-0.00100559 	-0.000216678 	0.000297167 	-0.254138
-0.00100559 	-0.000216678 	0.000297167 	-0.254138
-0.000845345 	-0.000223989 	0.000256131 	-0.254119
-0.000845345 	-0.000223989 	0.000256131 	-0.254119
-0.000682232 	-0.000230693 	0.000215148 	-0.254114
-0.000682232 	-0.000230693 	0.000215148 	-0.254114
-0.000516194 	-0.000236325 	0.000174306 	-0.254123
-0.000516194 	-0.000236325 	0.000174306 	-0.254123
-0.000347178 	-0.000240405 	0.000133666 	-0.254149
-0.000347178 	-0.000240405 	0.000133666 	-0.254149
-0.000175132 	-0.000242485 	9.32558e-05 	-0.254191
-0.000175132 	-0.000242485 	9.32558e-05 	-0.254191
0 	-0.000242209 	5.32262e-05 	-0.25425
0 	-0.000242209 	5.32262e-05 	-0.25425
0.000175132 	-0.000239443 	1.40181e-05 	-0.254326
0.000175132 	-0.000239443 	1.40181e-05 	-0.254326
0.000347178 	-0.000234356 	-2.39346e-05 	-0.254417
0.000347178 	-0.000234356 	-2.39346e-05 	-0.254417
0.000516194 	-0.000227229 	-6.06101e-05 	-0.254522
0.000516194 	-0.000227229 	-6.06101e-05 	-0.254522
0.000682232 	-0.000218278 	-9.63927e-05 	-0.25464
0.000682232 	-0.000218278 	-9.63927e-05 	-0.25464
0.000845345 	-0.000207882 	-0.000131625 	-0.254773
0.000845345 	-0.000207882 	-0.000131625 	-0.254773
0.00100559 	-0.000196867 	-0.000166379 	-0.254917
0.00100559 	-0.000196867 	-0.000166379 	-0.254917
0.001163 	-0.000186334 	-0.000200746 	-0.255072
0.001163 	-0.000186334 	-0.000200746 	-0.255072
0.00131765 	-0.000177309 	-0.000234948 	-0.255232
0.00131765 	-0.000177309 	-0.000234948 	-0.255232
0.00146957 	-0.000170579 	-0.00026921 	-0.255395
0.00146957 	-0.000170579 	-0.00026921 	-0.255395
0.00161881 	-0.000166639 	-0.00030372 	-0.25556
0.00161881 	-0.000166639 	-0.00030372 	-0.25556
0.00176543 	-0.000165697 	-0.000338636 	-0.255725
0.00176543 	-0.000165697 	-0.000338636 	-0.255725
0.00190946 	-0.000167719 	-0.000374081 	-0.255889
0.00190946 	-0.000167719 	-0.000374081 	-0.255889
0.00205095 	-0.000172472 	-0.000410136 	-0.256051
0.00205095 	-0.000172472 	-0.000410136 	-0.256051
0.00218995 	-0.000179579 	-0.00044684 	-0.256212
0.00218995 	-0.000179579 	-0.00044684 	-0.256212
0.00232651 	-0.000188565 	-0.000484195 	-0.256372
0.00232651 	-0.000188565 	-0.000484195 	-0.256372
0.00246065 	-0.000198901 	-0.000522167 	-0.256531
0.00246065 	-0.000198901 	-0.000522167 	-0.256531
0.00259244 	-0.000210041 	-0.000560698 	-0.256689
0.00259244 	-0.000210041 	-0.000560698 	-0.256689
0.0027219 	-0.00022145 	-0.000599706 	-0.256847
0.0027219 	-0.00022145 	-0.000599706 	-0.256847
0.00284909 	-0.000232621 	-0.000639084 	-0.257004
0.00284909 	-0.000232621 	-0.000639084 	-0.257004
0.00297403 	-0.000243087 	-0.000678701 	-0.257161
0.00297403 	-0.000243087 	-0.000678701 	-0.257161
0.00309677 	-0.000252413 	-0.000718412 	-0.257317
0.00309677 	-0.000252413 	-0.000718412 	-0.257317
0.00321735 	-0.000260205 	-0.00075809 	-0.25747
0.00321735 	-0.000260205 	-0.00075809 	-0.25747
0.0033358 	-0.000266157 	-0.000797573 	-0.257617
0.0033358 	-0.000266157 	-0.000797573 	-0.257617
0.00345217 	-0.000270138 	-0.000836347 	-0.257754
0.00345217 	-0.000270138 	-0.000836347 	-0.257754
0.00356649 	-0.000272351 	-0.000874169 	-0.257882
0.00356649 	-0.000272351 	-0.000874169 	-0.257882
0.00367879 	-0.000273184 	-0.000911484 	-0.258001
0.00367879 	-0.000273184 	-0.000911484 	-0.258001
0.00378912 	-0.000272783 	-0.000948349 	-0.25811
0.00378912 	-0.000272783 	-0.000948349 	-0.25811
0.0038975 	-0.000271145 	-0.00098448 	-0.258205
0.0038975 	-0.000271145 	-0.00098448 	-0.258205
0.00400397 	-0.000268346 	-0.00101982 	-0.258281
0.00400397 	-0.000268346 	-0.00101982 	-0.258281
0.00410857 	-0.00026451 	-0.00105429 	-0.258329
0.00410857 	-0.00026451 	-0.00105429 	-0.258329
0.00421133 	-0.000259772 	-0.00108765 	-0.258339
0.00421133 	-0.000259772 	-0.00108765 	-0.258339
0.00431227 	-0.000254269 	-0.00111955 	-0.258295
0.00431227 	-0.000254269 	-0.00111955 	-0.258295
0.00441144 	-0.000248151 	-0.00114957 	-0.258177
0.00441144 	-0.000248151 	-0.00114957 	-0.258177
0.00450886 	-0.000241568 	-0.0011772 	-0.257959
0.00450886 	-0.000241568 	-0.0011772 	-0.257959
0.00460456 	-0.000234654 	-0.00120187 	-0.257614
0.00460456 	-0.000234654 	-0.00120187 	-0.257614
0.00469858 	-0.000227506 	-0.00122296 	-0.257108
0.00469858 	-0.000227506 	-0.00122296 	-0.257108
0.00479094 	-0.000220169 	-0.00123985 	-0.256406
0.00479094 	-0.000220169 	-0.00123985 	-0.256406
0.00488168 	-0.000212628 	-0.00125192 	-0.255472
0.00488168 	-0.000212628 	-0.00125192 	-0.255472
0.00497081 	-0.000204806 	-0.00125859 	-0.254267
0.00497081 	-0.000204806 	-0.00125859 	-0.254267
0.00505838 	-0.000196581 	-0.00125937 	-0.252755
0.00505838 	-0.000196581 	-0.00125937 	-0.252755
0.0051444 	-0.000187823 	-0.0012539 	-0.250901
0.0051444 	-0.000187823 	-0.0012539 	-0.250901
0.00522891 	-0.000178408 	-0.00124197 	-0.248679
0.00522891 	-0.000178408 	-0.00124197 	-0.248679
0.00531193 	-0.000168232 	-0.00122352 	-0.246065
0.00531193 	-0.000168232 	-0.00122352 	-0.246065
0.00539348 	-0.000157226 	-0.00119868 	-0.243044
0.00539348 	-0.000157226 	-0.00119868 	-0.243044
0.0054736 	-0.000145371 	-0.00116771 	-0.239605
0.0054736 	-0.000145371 	-0.00116771 	-0.239605
0.00555231 	-0.000132695 	-0.00113099 	-0.235742
0.00555231 	-0.000132695 	-0.00113099 	-0.235742
0.00562963 	-0.000119279 	-0.00108904 	-0.231457
0.00562963 	-0.000119279 	-0.00108904 	-0.231457
0.00570559 	-0.000105252 	-0.00104246 	-0.226757
0.00570559 	-0.000105252 	-0.00104246 	-0.226757
0.00578022 	-9.0779e-05 	-0.000991943 	-0.221653
0.00578022 	-9.0779e-05 	-0.000991943 	-0.221653
0.00585352 	-7.60604e-05 	-0.00093821 	-0.21616
0.00585352 	-7.60604e-05 	-0.00093821 	-0.21616
0.00592554 	-6.13156e-05 	-0.000882009 	-0.210296
0.00592554 	-6.13156e-05 	-0.000882009 	-0.210296
0.00599629 	-4.67777e-05 	-0.000824083 	-0.20408
0.00599629 	-4.67777e-05 	-0.000824083 	-0.20408
0.00606579 	-3.26844e-05 	-0.000765154 	-0.197533
0.00606579 	-3.26844e-05 	-0.000765154 	-0.197533
0.00613406 	-1.92688e-05 	-0.00070591 	-0.190678
0.00613406 	-1.92688e-05 	-0.00070591 	-0.190678
0.00620114 	-6.74977e-06 	-0.000646992 	-0.183537
0.00620114 	-6.74977e-06 	-0.000646992 	-0.183537
0.00626703 	4.67649e-06 	-0.000588985 	-0.176136
0.00626703 	4.67649e-06 	-0.000588985 	-0.176136
0.00633176 	1.48438e-05 	-0.000532414 	-0.168499
0.00633176 	1.48438e-05 	-0.000532414 	-0.168499
0.00639535 	2.36218e-05 	-0.00047774 	-0.160652
0.00639535 	2.36218e-05 	-0.00047774 	-0.160652
0.00645783 	3.09207e-05 	-0.000425365 	-0.152621
0.00645783 	3.09207e-05 	-0.000425365 	-0.152621
0.0065192 	3.66947e-05 	-0.000375629 	-0.144436
0.0065192 	3.66947e-05 	-0.000375629 	-0.144436
0.00657949 	4.09432e-05 	-0.000328814 	-0.136125
0.00657949 	4.09432e-05 	-0.000328814 	-0.136125
0.00663871 	4.37113e-05 	-0.000285147 	-0.12772
0.00663871 	4.37113e-05 	-0.000285147 	-0.12772
0.0066969 	4.5088e-05 	-0.000244799 	-0.119258
0.0066969 	4.5088e-05 	-0.000244799 	-0.119258
0.00675406 	4.52012e-05 	-0.000207881 	-0.110774
0.00675406 	4.52012e-05 	-0.000207881 	-0.110774
0.00681021 	4.42106e-05 	-0.000174444 	-0.102304
0.00681021 	4.42106e-05 	-0.000174444 	-0.102304
0.00686537 	4.22979e-05 	-0.000144485 	-0.0938891
0.00686537 	4.22979e-05 	-0.000144485 	-0.0938891
0.00691956 	3.96549e-05 	-0.000117947 	-0.085567
0.00691956 	3.96549e-05 	-0.000117947 	-0.085567
0.0069728 	3.64716e-05 	-9.47222e-05 	-0.0773736
0.0069728 	3.64716e-05 	-9.47222e-05 	-0.0773736
0.0070251 	3.2925e-05 	-7.46578e-05 	-0.0693393
0.0070251 	3.2925e-05 	-7.46578e-05 	-0.0693393
0.00707647 	2.91705e-05 	-5.75642e-05 	-0.0614877
0.00707647 	2.91705e-05 	-5.75642e-05 	-0.0614877
0.00712695 	2.53374e-05 	-4.32258e-05 	-0.0538351
0.00712695 	2.53374e-05 	-4.32258e-05 	-0.0538351
0.00717653 	2.15288e-05 	-3.14097e-05 	-0.0463912
0.00717653 	2.15288e-05 	-3.14097e-05 	-0.0463912
0.00722524 	1.7823e-05 	-2.18759e-05 	-0.0391597
0.00722524 	1.7823e-05 	-2.18759e-05 	-0.0391597
0.00727309 	1.42773e-05 	-1.4385e-05 	-0.0321402
0.00727309 	1.42773e-05 	-1.4385e-05 	-0.0321402
0.0073201 	1.09321e-05 	-8.70684e-06 	-0.0253287
0.0073201 	1.09321e-05 	-8.70684e-06 	-0.0253287
0.00736628 	7.81546e-06 	-4.62447e-06 	-0.0187192
0.00736628 	7.81546e-06 	-4.62447e-06 	-0.0187192
0.00741165 	4.94819e-06 	-1.959e-06 	-0.0123043
0.00741165 	4.94819e-06 	-1.959e-06 	-0.0123043
0.00745622 	2.34496e-06 	-5.04978e-07 	-0.00607641
0.00745622 	2.34496e-06 	-5.04978e-07 	-0.00607641
0.0075 	0 	0 	0
0.0075 	0 	0 	0
