-0.0075 	0 	0 	0
-0.0075 	5.35161e-21 	-3.19144e-22 	1.39416e-18
-0.00745622 	-3.45567e-05 	2.0608e-06 	-0.00900244
-0.00745622 	-3.45567e-05 	2.0608e-06 	-0.00900244
-0.00741165 	-6.70397e-05 	7.38487e-06 	-0.0181998
-0.00741165 	-6.70397e-05 	7.38487e-06 	-0.0181998
-0.00736628 	-9.81252e-05 	1.63242e-05 	-0.027578
-0.00736628 	-9.81252e-05 	1.63242e-05 	-0.027578
-0.0073201 	-0.000128296 	2.88251e-05 	-0.0370804
-0.0073201 	-0.000128296 	2.88251e-05 	-0.0370804
-0.00727309 	-0.000158002 	4.47263e-05 	-0.04665
-0.00727309 	-0.000158002 	4.47263e-05 	-0.04665
-0.00722524 	-0.000187642 	6.38589e-05 	-0.0562319
-0.00722524 	-0.000187642 	6.38589e-05 	-0.0562319
-0.00717653 	-0.000217552 	8.60563e-05 	-0.0657751
-0.00717653 	-0.000217552 	8.60563e-05 	-0.0657751
-0.00712695 	-0.000248007 	0.000111135 	-0.0752357
-0.00712695 	-0.000248007 	0.000111135 	-0.0752357
-0.00707647 	-0.000279224 	0.0001389 	-0.0845779
-0.00707647 	-0.000279224 	0.0001389 	-0.0845779
-0.0070251 	-0.000311364 	0.000169155 	-0.0937754
-0.0070251 	-0.000311364 	0.000169155 	-0.0937754
-0.0069728 	-0.000344544 	0.000201702 	-0.102811
-0.0069728 	-0.000344544 	0.000201702 	-0.102811
-0.00691956 	-0.000378837 	0.00023635 	-0.111674
-0.00691956 	-0.000378837 	0.00023635 	-0.111674
-0.00686537 	-0.000414276 	0.000272916 	-0.120362
-0.00686537 	-0.000414276 	0.000272916 	-0.120362
-0.00681021 	-0.000450844 	0.00031122 	-0.128872
-0.00681021 	-0.000450844 	0.00031122 	-0.128872
-0.00675406 	-0.000488478 	0.000351087 	-0.137204
-0.00675406 	-0.000488478 	0.000351087 	-0.137204
-0.0066969 	-0.000527063 	0.000392342 	-0.145355
-0.0066969 	-0.000527063 	0.000392342 	-0.145355
-0.00663871 	-0.000566431 	0.000434803 	-0.15332
-0.00663871 	-0.000566431 	0.000434803 	-0.15332
-0.00657949 	-0.000606363 	0.000478267 	-0.161094
-0.00657949 	-0.000606363 	0.000478267 	-0.161094
-0.0065192 	-0.000646584 	0.000522504 	-0.168664
-0.0065192 	-0.000646584 	0.000522504 	-0.168664
-0.00645783 	-0.00068677 	0.00056724 	-0.176016
-0.00645783 	-0.00068677 	0.00056724 	-0.176016
-0.00639535 	-0.000726559 	0.000612164 	-0.18313
-0.00639535 	-0.000726559 	0.000612164 	-0.18313
-0.00633176 	-0.000765558 	0.000656917 	-0.189986
-0.00633176 	-0.000765558 	0.000656917 	-0.189986
-0.00626703 	-0.000803362 	0.000701106 	-0.196559
-0.00626703 	-0.000803362 	0.000701106 	-0.196559
-0.00620114 	-0.00083956 	0.000744307 	-0.202827
-0.00620114 	-0.00083956 	0.000744307 	-0.202827
-0.00613406 	-0.000873755 	0.00078608 	-0.208766
-0.00613406 	-0.000873755 	0.00078608 	-0.208766
-0.00606579 	-0.000905566 	0.000825984 	-0.214355
-0.00606579 	-0.000905566 	0.000825984 	-0.214355
-0.00599629 	-0.000934641 	0.000863589 	-0.219575
-0.00599629 	-0.000934641 	0.000863589 	-0.219575
-0.00592554 	-0.000960658 	0.000898492 	-0.224411
-0.00592554 	-0.000960658 	0.000898492 	-0.224411
-0.00585352 	-0.000983325 	0.000930333 	-0.228852
-0.00585352 	-0.000983325 	0.000930333 	-0.228852
-0.00578022 	-0.00100238 	0.000958801 	-0.232893
-0.00578022 	-0.00100238 	0.000958801 	-0.232893
-0.00570559 	-0.00101759 	0.000983651 	-0.236532
-0.00570559 	-0.00101759 	0.000983651 	-0.236532
-0.00562963 	-0.00102875 	0.00100471 	-0.239774
-0.00562963 	-0.00102875 	0.00100471 	-0.239774
-0.00555231 	-0.00103566 	0.00102188 	-0.242629
-0.00555231 	-0.00103566 	0.00102188 	-0.242629
-0.0054736 	-0.00103818 	0.00103514 	-0.245113
-0.0054736 	-0.00103818 	0.00103514 	-0.245113
-0.00539348 	-0.00103617 	0.00104456 	-0.247246
-0.00539348 	-0.00103617 	0.00104456 	-0.247246
-0.00531193 	-0.00102952 	0.00105024 	-0.24905
-0.00531193 	-0.00102952 	0.00105024 	-0.24905
-0.00522891 	-0.00101817 	0.00105239 	-0.250554
-0.00522891 	-0.00101817 	0.00105239 	-0.250554
-0.0051444 	-0.00100212 	0.00105124 	-0.251786
-0.0051444 	-0.00100212 	0.00105124 	-0.251786
-0.00505838 	-0.000981446 	0.00104712 	-0.252777
-0.00505838 	-0.000981446 	0.00104712 	-0.252777
-0.00497081 	-0.000956305 	0.00104036 	-0.253558
-0.00497081 	-0.000956305 	0.00104036 	-0.253558
-0.00488168 	-0.000926893 	0.00103132 	-0.254162
-0.00488168 	-0.000926893 	0.00103132 	-0.254162
-0.00479094 	-0.000893466 	0.00102034 	-0.25462
-0.00479094 	-0.000893466 	0.00102034 	-0.25462
-0.00469858 	-0.000856353 	0.00100776 	-0.254958
-0.00469858 	-0.000856353 	0.00100776 	-0.254958
-0.00460456 	-0.000815925 	0.000993884 	-0.2552
-0.00460456 	-0.000815925 	0.000993884 	-0.2552
-0.00450886 	-0.000772562 	0.000978986 	-0.255368
-0.00450886 	-0.000772562 	0.000978986 	-0.255368
-0.00441144 	-0.000726622 	0.000963294 	-0.255479
-0.00441144 	-0.000726622 	0.000963294 	-0.255479
-0.00431227 	-0.000678401 	0.000946991 	-0.255546
-0.00431227 	-0.000678401 	0.000946991 	-0.255546
-0.00421133 	-0.000628123 	0.000930217 	-0.255582
-0.00421133 	-0.000628123 	0.000930217 	-0.255582
-0.00410857 	-0.000575941 	0.000913068 	-0.255593
-0.00410857 	-0.000575941 	0.000913068 	-0.255593
-0.00400397 	-0.000521955 	0.000895612 	-0.255587
-0.00400397 	-0.000521955 	0.000895612 	-0.255587
-0.0038975 	-0.000466229 	0.00087789 	-0.255566
-0.0038975 	-0.000466229 	0.00087789 	-0.255566
-0.00378912 	-0.000408792 	0.00085993 	-0.255535
-0.00378912 	-0.000408792 	0.00085993 	-0.255535
-0.00367879 	-0.000349651 	0.000841749 	-0.255495
-0.00367879 	-0.000349651 	0.000841749 	-0.255495
-0.00356649 	-0.0002888 	0.000823336 	-0.255448
-0.00356649 	-0.0002888 	0.000823336 	-0.255448
-0.00345217 	-0.000226302 	0.000804663 	-0.255394
-0.00345217 	-0.000226302 	0.000804663 	-0.255394
-0.0033358 	-0.00016238 	0.000785725 	-0.255334
-0.0033358 	-0.00016238 	0.000785725 	-0.255334
-0.00321735 	-9.73404e-05 	0.000766528 	-0.255269
-0.00321735 	-9.73404e-05 	0.000766528 	-0.255269
-0.00309677 	-3.14914e-05 	0.000747035 	-0.255199
-0.00309677 	-3.14914e-05 	0.000747035 	-0.255199
-0.00297403 	3.4645e-05 	0.000727246 	-0.255124
-0.00297403 	3.4645e-05 	0.000727246 	-0.255124
-0.00284909 	0.000100159 	0.000707241 	-0.255044
-0.00284909 	0.000100159 	0.000707241 	-0.255044
-0.0027219 	0.000163901 	0.000687084 	-0.254961
-0.0027219 	0.000163901 	0.000687084 	-0.254961
-0.00259244 	0.000224674 	0.000666785 	-0.254875
-0.00259244 	0.000224674 	0.000666785 	-0.254875
-0.00246065 	0.000281286 	0.000646307 	-0.254787
-0.00246065 	0.000281286 	0.000646307 	-0.254787
-0.00232651 	0.000332505 	0.00062559 	-0.254697
-0.00232651 	0.000332505 	0.00062559 	-0.254697
-0.00218995 	0.000377051 	0.000604547 	-0.254605
-0.00218995 	0.000377051 	0.000604547 	-0.254605
-0.00205095 	0.000413607 	0.000583049 	-0.254512
-0.00205095 	0.000413607 	0.000583049 	-0.254512
-0.00190946 	0.000440833 	0.000560941 	-0.254419
-0.00190946 	0.000440833 	0.000560941 	-0.254419
-0.00176543 	0.000457372 	0.000538042 	-0.254325
-0.00176543 	0.000457372 	0.000538042 	-0.254325
-0.00161881 	0.000461856 	0.000514148 	-0.254231
-0.00161881 	0.000461856 	0.000514148 	-0.254231
-0.00146957 	0.000452906 	0.000489032 	-0.254139
-0.00146957 	0.000452906 	0.000489032 	-0.254139
-0.00131765 	0.000429144 	0.000462432 	-0.254047
-0.00131765 	0.000429144 	0.000462432 	-0.254047
-0.001163 	0.000389234 	0.000434048 	-0.253957
-0.001163 	0.000389234 	0.000434048 	-0.253957
-0.00100559 	0.000331957 	0.000403515 	-0.25387
-0.00100559 	0.000331957 	0.000403515 	-0.25387
-0.000845345 	0.000256353 	0.000370407 	-0.253786
-0.000845345 	0.000256353 	0.000370407 	-0.253786
-0.000682232 	0.000161961 	0.000334352 	-0.253707
-0.000682232 	0.000161961 	0.000334352 	-0.253707
-0.000516194 	4.86986e-05 	0.000294939 	-0.253634
-0.000516194 	4.86986e-05 	0.000294939 	-0.253634
-0.000347178 	-8.25796e-05 	0.000251669 	-0.253571
-0.000347178 	-8.25796e-05 	0.000251669 	-0.253571
-0.000175132 	-0.000228163 	0.000204458 	-0.25352
-0.000175132 	-0.000228163 	0.000204458 	-0.25352
0 	-0.000380527 	0.000153866 	-0.253485
0 	-0.000380527 	0.000153866 	-0.253485
0.000175132 	-0.000529463 	0.000101098 	-0.253469
0.000175132 	-0.000529463 	0.000101098 	-0.253469
0.000347178 	-0.000665733 	4.75967e-05 	-0.253473
0.000347178 	-0.000665733 	4.75967e-05 	-0.253473
0.000516194 	-0.000784072 	-5.64007e-06 	-0.253495
0.000516194 	-0.000784072 	-5.64007e-06 	-0.253495
0.000682232 	-0.000882633 	-5.80541e-05 	-0.253534
0.000682232 	-0.000882633 	-5.80541e-05 	-0.253534
0.000845345 	-0.000961543 	-0.000109385 	-0.25359
0.000845345 	-0.000961543 	-0.000109385 	-0.25359
0.00100559 	-0.00102177 	-0.000159586 	-0.253661
0.00100559 	-0.00102177 	-0.000159586 	-0.253661
0.001163 	-0.00106437 	-0.000208695 	-0.253747
0.001163 	-0.00106437 	-0.000208695 	-0.253747
0.00131765 	-0.00109029 	-0.000256895 	-0.25385
0.00131765 	-0.00109029 	-0.000256895 	-0.25385
0.00146957 	-0.00110013 	-0.00030448 	-0.253971
0.00146957 	-0.00110013 	-0.00030448 	-0.253971
0.00161881 	-0.00109397 	-0.000351683 	-0.254113
0.00161881 	-0.00109397 	-0.000351683 	-0.254113
0.00176543 	-0.0010715 	-0.000398645 	-0.254278
0.00176543 	-0.0010715 	-0.000398645 	-0.254278
0.00190946 	-0.00103251 	-0.000445439 	-0.254465
0.00190946 	-0.00103251 	-0.000445439 	-0.254465
0.00205095 	-0.000977226 	-0.000492083 	-0.254675
0.00205095 	-0.000977226 	-0.000492083 	-0.254675
0.00218995 	-0.000906493 	-0.000538574 	-0.254907
0.00218995 	-0.000906493 	-0.000538574 	-0.254907
0.00232651 	-0.00082178 	-0.000584899 	-0.255157
0.00232651 	-0.00082178 	-0.000584899 	-0.255157
0.00246065 	-0.000725033 	-0.000631031 	-0.255424
0.00246065 	-0.000725033 	-0.000631031 	-0.255424
0.00259244 	-0.000618501 	-0.000676929 	-0.255704
0.00259244 	-0.000618501 	-0.000676929 	-0.255704
0.0027219 	-0.000504567 	-0.000722533 	-0.255994
0.0027219 	-0.000504567 	-0.000722533 	-0.255994
0.00284909 	-0.00038562 	-0.00076775 	-0.25629
0.00284909 	-0.00038562 	-0.00076775 	-0.25629
0.00297403 	-0.000263975 	-0.000812457 	-0.25659
0.00297403 	-0.000263975 	-0.000812457 	-0.25659
0.00309677 	-0.000141843 	-0.000856489 	-0.256888
0.00309677 	-0.000141843 	-0.000856489 	-0.256888
0.00321735 	-2.13333e-05 	-0.000899632 	-0.257181
0.00321735 	-2.13333e-05 	-0.000899632 	-0.257181
0.0033358 	9.5494e-05 	-0.000941636 	-0.257463
0.0033358 	9.5494e-05 	-0.000941636 	-0.257463
0.00345217 	0.000206557 	-0.000982254 	-0.25773
0.00345217 	0.000206557 	-0.000982254 	-0.25773
0.00356649 	0.000309743 	-0.00102124 	-0.257972
0.00356649 	0.000309743 	-0.00102124 	-0.257972
0.00367879 	0.000403272 	-0.00105796 	-0.258184
0.00367879 	0.000403272 	-0.00105796 	-0.258184
0.00378912 	0.000487333 	-0.00109206 	-0.258364
0.00378912 	0.000487333 	-0.00109206 	-0.258364
0.0038975 	0.000564211 	-0.00112413 	-0.258515
0.0038975 	0.000564211 	-0.00112413 	-0.258515
0.00400397 	0.000635543 	-0.00115438 	-0.258637
0.00400397 	0.000635543 	-0.00115438 	-0.258637
0.00410857 	0.000701403 	-0.00118244 	-0.258725
0.00410857 	0.000701403 	-0.00118244 	-0.258725
0.00421133 	0.000761364 	-0.00120802 	-0.258768
0.00421133 	0.000761364 	-0.00120802 	-0.258768
0.00431227 	0.00081496 	-0.00123091 	-0.258753
0.00431227 	0.00081496 	-0.00123091 	-0.258753
0.00441144 	0.00086169 	-0.00125076 	-0.258663
0.00441144 	0.00086169 	-0.00125076 	-0.258663
0.00450886 	0.00090108 	-0.0012672 	-0.258477
0.00450886 	0.00090108 	-0.0012672 	-0.258477
0.00460456 	0.000932774 	-0.00127984 	-0.258167
0.00460456 	0.000932774 	-0.00127984 	-0.258167
0.00469858 	0.000956613 	-0.00128828 	-0.257706
0.00469858 	0.000956613 	-0.00128828 	-0.257706
0.00479094 	0.000972674 	-0.00129216 	-0.257062
0.00479094 	0.000972674 	-0.00129216 	-0.257062
0.00488168 	0.000981294 	-0.00129118 	-0.256202
0.00488168 	0.000981294 	-0.00129118 	-0.256202
0.00497081 	0.000983016 	-0.00128507 	-0.255091
0.00497081 	0.000983016 	-0.00128507 	-0.255091
0.00505838 	0.000978519 	-0.00127363 	-0.253693
0.00505838 	0.000978519 	-0.00127363 	-0.253693
0.0051444 	0.000968578 	-0.00125676 	-0.251975
0.0051444 	0.000968578 	-0.00125676 	-0.251975
0.00522891 	0.000954035 	-0.00123445 	-0.249906
0.00522891 	0.000954035 	-0.00123445 	-0.249906
0.00531193 	0.000935723 	-0.00120684 	-0.247461
0.00531193 	0.000935723 	-0.00120684 	-0.247461
0.00539348 	0.000914422 	-0.00117414 	-0.244618
0.00539348 	0.000914422 	-0.00117414 	-0.244618
0.0054736 	0.000890833 	-0.00113668 	-0.241358
0.0054736 	0.000890833 	-0.00113668 	-0.241358
0.00555231 	0.000865571 	-0.00109483 	-0.23767
0.00555231 	0.000865571 	-0.00109483 	-0.23767
0.00562963 	0.000839156 	-0.00104908 	-0.233547
0.00562963 	0.000839156 	-0.00104908 	-0.233547
0.00570559 	0.00081202 	-0.000999947 	-0.228988
0.00570559 	0.00081202 	-0.000999947 	-0.228988
0.00578022 	0.000784518 	-0.000947998 	-0.223997
0.00578022 	0.000784518 	-0.000947998 	-0.223997
0.00585352 	0.000756928 	-0.000893833 	-0.218583
0.00585352 	0.000756928 	-0.000893833 	-0.218583
0.00592554 	0.000729461 	-0.000838058 	-0.21276
0.00592554 	0.000729461 	-0.000838058 	-0.21276
0.00599629 	0.000702265 	-0.00078127 	-0.206544
0.00599629 	0.000702265 	-0.00078127 	-0.206544
0.00606579 	0.000675428 	-0.000724043 	-0.199957
0.00606579 	0.000675428 	-0.000724043 	-0.199957
0.00613406 	0.000648989 	-0.000666921 	-0.193021
0.00613406 	0.000648989 	-0.000666921 	-0.193021
0.00620114 	0.000622934 	-0.000610413 	-0.185764
0.00620114 	0.000622934 	-0.000610413 	-0.185764
0.00626703 	0.000597206 	-0.000554989 	-0.178213
0.00626703 	0.000597206 	-0.000554989 	-0.178213
0.00633176 	0.000571707 	-0.000501081 	-0.170401
0.00633176 	0.000571707 	-0.000501081 	-0.170401
0.00639535 	0.000546309 	-0.000449076 	-0.16236
0.00639535 	0.000546309 	-0.000449076 	-0.16236
0.00645783 	0.000520864 	-0.000399324 	-0.154124
0.00645783 	0.000520864 	-0.000399324 	-0.154124
0.0065192 	0.000495225 	-0.000352131 	-0.145729
0.0065192 	0.000495225 	-0.000352131 	-0.145729
0.00657949 	0.000469257 	-0.000307762 	-0.137212
0.00657949 	0.000469257 	-0.000307762 	-0.137212
0.00663871 	0.000442857 	-0.000266438 	-0.128613
0.00663871 	0.000442857 	-0.000266438 	-0.128613
0.0066969 	0.000415962 	-0.000228332 	-0.119972
0.0066969 	0.000415962 	-0.000228332 	-0.119972
0.00675406 	0.00038856 	-0.000193554 	-0.11133
0.00675406 	0.00038856 	-0.000193554 	-0.11133
0.00681021 	0.000360689 	-0.000162153 	-0.102727
0.00681021 	0.000360689 	-0.000162153 	-0.102727
0.00686537 	0.000332442 	-0.000134116 	-0.0942021
0.00686537 	0.000332442 	-0.000134116 	-0.0942021
0.00691956 	0.000303958 	-0.000109368 	-0.0857926
0.00691956 	0.000303958 	-0.000109368 	-0.0857926
0.0069728 	0.000275407 	-8.77821e-05 	-0.077532
0.0069728 	0.000275407 	-8.77821e-05 	-0.077532
0.0070251 	0.000246972 	-6.91848e-05 	-0.0694474
0.0070251 	0.000246972 	-6.91848e-05 	-0.0694474
0.00707647 	0.000218836 	-5.33719e-05 	-0.0615591
0.00707647 	0.000218836 	-5.33719e-05 	-0.0615591
0.00712695 	0.00019117 	-4.01206e-05 	-0.0538807
0.00712695 	0.00019117 	-4.01206e-05 	-0.0538807
0.00717653 	0.000164125 	-2.92004e-05 	-0.046419
0.00717653 	0.000164125 	-2.92004e-05 	-0.046419
0.00722524 	0.000137829 	-2.03815e-05 	-0.0391761
0.00722524 	0.000137829 	-2.03815e-05 	-0.0391761
0.00727309 	0.000112384 	-1.34396e-05 	-0.0321496
0.00727309 	0.000112384 	-1.34396e-05 	-0.0321496
0.0073201 	8.78715e-05 	-8.16375e-06 	-0.0253342
0.0073201 	8.78715e-05 	-8.16375e-06 	-0.0253342
0.00736628 	6.4352e-05 	-4.35566e-06 	-0.0187228
0.00736628 	6.4352e-05 	-4.35566e-06 	-0.0187228
0.00741165 	4.18654e-05 	-1.85815e-06 	-0.012307
0.00741165 	4.18654e-05 	-1.85815e-06 	-0.012307
0.00745622 	2.04329e-05 	-4.85934e-07 	-0.00607816
0.00745622 	2.04329e-05 	-4.85934e-07 	-0.00607816
0.0075 	0 	0 	0
0.0075 	0 	0 	0
