-0.0075 	0 	0 	0
-0.0075 	7.84729e-22 	-3.62774e-22 	1.41163e-18
-0.00745622 	-5.0672e-06 	2.34253e-06 	-0.00911523
-0.00745622 	-5.0672e-06 	2.34253e-06 	-0.00911523
-0.00741165 	-9.4355e-06 	8.28862e-06 	-0.0184253
-0.00741165 	-9.4355e-06 	8.28862e-06 	-0.0184253
-0.00736628 	-1.38556e-05 	1.8178e-05 	-0.0279156
-0.00736628 	-1.38556e-05 	1.8178e-05 	-0.0279156
-0.0073201 	-1.89421e-05 	3.19252e-05 	-0.0375277
-0.0073201 	-1.89421e-05 	3.19252e-05 	-0.0375277
-0.00727309 	-2.52568e-05 	4.92754e-05 	-0.047202
-0.00727309 	-2.52568e-05 	4.92754e-05 	-0.047202
-0.00722524 	-3.33061e-05 	7.00071e-05 	-0.0568798
-0.00722524 	-3.33061e-05 	7.00071e-05 	-0.0568798
-0.00717653 	-4.35341e-05 	9.38981e-05 	-0.0665061
-0.00717653 	-4.35341e-05 	9.38981e-05 	-0.0665061
-0.00712695 	-5.63228e-05 	0.000120725 	-0.0760327
-0.00712695 	-5.63228e-05 	0.000120725 	-0.0760327
-0.00707647 	-7.19922e-05 	0.000150274 	-0.0854207
-0.00707647 	-7.19922e-05 	0.000150274 	-0.0854207
-0.0070251 	-9.08003e-05 	0.000182358 	-0.0946419
-0.0070251 	-9.08003e-05 	0.000182358 	-0.0946419
-0.0069728 	-0.000112942 	0.000216823 	-0.103679
-0.0069728 	-0.000112942 	0.000216823 	-0.103679
-0.00691956 	-0.000138543 	0.000253553 	-0.112524
-0.00691956 	-0.000138543 	0.000253553 	-0.112524
-0.00686537 	-0.00016765 	0.000292467 	-0.121174
-0.00686537 	-0.00016765 	0.000292467 	-0.121174
-0.00681021 	-0.000200205 	0.000333507 	-0.129631
-0.00681021 	-0.000200205 	0.000333507 	-0.129631
-0.00675406 	-0.000236023 	0.000376632 	-0.137894
-0.00675406 	-0.000236023 	0.000376632 	-0.137894
-0.0066969 	-0.000274763 	0.000421815 	-0.145963
-0.0066969 	-0.000274763 	0.000421815 	-0.145963
-0.00663871 	-0.000315906 	0.000469033 	-0.153833
-0.00663871 	-0.000315906 	0.000469033 	-0.153833
-0.00657949 	-0.000358736 	0.000518254 	-0.161497
-0.00657949 	-0.000358736 	0.000518254 	-0.161497
-0.0065192 	-0.000402334 	0.000569429 	-0.168945
-0.0065192 	-0.000402334 	0.000569429 	-0.168945
-0.00645783 	-0.000445581 	0.000622485 	-0.176163
-0.00645783 	-0.000445581 	0.000622485 	-0.176163
-0.00639535 	-0.000487191 	0.000677317 	-0.183136
-0.00639535 	-0.000487191 	0.000677317 	-0.183136
-0.00633176 	-0.000525753 	0.000733787 	-0.189844
-0.00633176 	-0.000525753 	0.000733787 	-0.189844
-0.00626703 	-0.000559795 	0.000791717 	-0.19627
-0.00626703 	-0.000559795 	0.000791717 	-0.19627
-0.00620114 	-0.000587867 	0.000850892 	-0.202396
-0.00620114 	-0.000587867 	0.000850892 	-0.202396
-0.00613406 	-0.000608616 	0.000911059 	-0.208203
-0.00613406 	-0.000608616 	0.000911059 	-0.208203
-0.00606579 	-0.000620879 	0.000971931 	-0.213677
-0.00606579 	-0.000620879 	0.000971931 	-0.213677
-0.00599629 	-0.000623753 	0.00103318 	-0.218804
-0.00599629 	-0.000623753 	0.00103318 	-0.218804
-0.00592554 	-0.000616656 	0.00109446 	-0.223575
-0.00592554 	-0.000616656 	0.00109446 	-0.223575
-0.00585352 	-0.000599363 	0.00115539 	-0.227982
-0.00585352 	-0.000599363 	0.00115539 	-0.227982
-0.00578022 	-0.000572029 	0.00121555 	-0.232023
-0.00578022 	-0.000572029 	0.00121555 	-0.232023
-0.00570559 	-0.000535171 	0.00127454 	-0.235697
-0.00570559 	-0.000535171 	0.00127454 	-0.235697
-0.00562963 	-0.000489637 	0.00133193 	-0.239009
-0.00562963 	-0.000489637 	0.00133193 	-0.239009
-0.00555231 	-0.000436557 	0.0013873 	-0.241965
-0.00555231 	-0.000436557 	0.0013873 	-0.241965
-0.0054736 	-0.000377269 	0.00144022 	-0.244578
-0.0054736 	-0.000377269 	0.00144022 	-0.244578
-0.00539348 	-0.000313258 	0.00149032 	-0.246861
-0.00539348 	-0.000313258 	0.00149032 	-0.246861
-0.00531193 	-0.000246083 	0.00153724 	-0.248831
-0.00531193 	-0.000246083 	0.00153724 	-0.248831
-0.00522891 	-0.000177325 	0.00158067 	-0.250508
-0.00522891 	-0.000177325 	0.00158067 	-0.250508
-0.0051444 	-0.000108542 	0.00162033 	-0.251913
-0.0051444 	-0.000108542 	0.00162033 	-0.251913
-0.00505838 	-4.11478e-05 	0.00165604 	-0.253072
-0.00505838 	-4.11478e-05 	0.00165604 	-0.253072
-0.00497081 	2.36357e-05 	0.00168769 	-0.254011
-0.00497081 	2.36357e-05 	0.00168769 	-0.254011
-0.00488168 	8.46646e-05 	0.00171523 	-0.254756
-0.00488168 	8.46646e-05 	0.00171523 	-0.254756
-0.00479094 	0.000140875 	0.0017386 	-0.255331
-0.00479094 	0.000140875 	0.0017386 	-0.255331
-0.00469858 	0.000191393 	0.00175784 	-0.255761
-0.00469858 	0.000191393 	0.00175784 	-0.255761
-0.00460456 	0.000235561 	0.00177305 	-0.25607
-0.00460456 	0.000235561 	0.00177305 	-0.25607
-0.00450886 	0.00027293 	0.00178433 	-0.25628
-0.00450886 	0.00027293 	0.00178433 	-0.25628
-0.00441144 	0.000303247 	0.00179181 	-0.256412
-0.00441144 	0.000303247 	0.00179181 	-0.256412
-0.00431227 	0.000326444 	0.00179563 	-0.256481
-0.00431227 	0.000326444 	0.00179563 	-0.256481
-0.00421133 	0.000342613 	0.00179589 	-0.256503
-0.00421133 	0.000342613 	0.00179589 	-0.256503
-0.00410857 	0.000351955 	0.00179269 	-0.256489
-0.00410857 	0.000351955 	0.00179269 	-0.256489
-0.00400397 	0.000354725 	0.0017861 	-0.256448
-0.00400397 	0.000354725 	0.0017861 	-0.256448
-0.0038975 	0.000351162 	0.00177617 	-0.256387
-0.0038975 	0.000351162 	0.00177617 	-0.256387
-0.00378912 	0.000341429 	0.00176289 	-0.256312
-0.00378912 	0.000341429 	0.00176289 	-0.256312
-0.00367879 	0.000325578 	0.00174622 	-0.256224
-0.00367879 	0.000325578 	0.00174622 	-0.256224
-0.00356649 	0.000303592 	0.001726 	-0.256127
-0.00356649 	0.000303592 	0.001726 	-0.256127
-0.00345217 	0.000275508 	0.00170218 	-0.256023
-0.00345217 	0.000275508 	0.00170218 	-0.256023
-0.0033358 	0.000241183 	0.00167474 	-0.255912
-0.0033358 	0.000241183 	0.00167474 	-0.255912
-0.00321735 	0.000200037 	0.00164337 	-0.255793
-0.00321735 	0.000200037 	0.00164337 	-0.255793
-0.00309677 	0.000151611 	0.00160781 	-0.255666
-0.00309677 	0.000151611 	0.00160781 	-0.255666
-0.00297403 	9.61149e-05 	0.00156819 	-0.255533
-0.00297403 	9.61149e-05 	0.00156819 	-0.255533
-0.00284909 	3.43067e-05 	0.00152465 	-0.255395
-0.00284909 	3.43067e-05 	0.00152465 	-0.255395
-0.0027219 	-3.2685e-05 	0.00147732 	-0.255256
-0.0027219 	-3.2685e-05 	0.00147732 	-0.255256
-0.00259244 	-0.000103438 	0.00142637 	-0.255117
-0.00259244 	-0.000103438 	0.00142637 	-0.255117
-0.00246065 	-0.00017628 	0.00137204 	-0.25498
-0.00246065 	-0.00017628 	0.00137204 	-0.25498
-0.00232651 	-0.000249327 	0.00131463 	-0.254849
-0.00232651 	-0.000249327 	0.00131463 	-0.254849
-0.00218995 	-0.000320589 	0.00125458 	-0.254724
-0.00218995 	-0.000320589 	0.00125458 	-0.254724
-0.00205095 	-0.00038817 	0.00119223 	-0.254608
-0.00205095 	-0.00038817 	0.00119223 	-0.254608
-0.00190946 	-0.000450315 	0.00112788 	-0.2545
-0.00190946 	-0.000450315 	0.00112788 	-0.2545
-0.00176543 	-0.000505334 	0.00106195 	-0.254404
-0.00176543 	-0.000505334 	0.00106195 	-0.254404
-0.00161881 	-0.00055172 	0.00099493 	-0.254319
-0.00161881 	-0.00055172 	0.00099493 	-0.254319
-0.00146957 	-0.000588237 	0.000927165 	-0.254247
-0.00146957 	-0.000588237 	0.000927165 	-0.254247
-0.00131765 	-0.000613908 	0.000859123 	-0.254188
-0.00131765 	-0.000613908 	0.000859123 	-0.254188
-0.001163 	-0.000628063 	0.000791366 	-0.254142
-0.001163 	-0.000628063 	0.000791366 	-0.254142
-0.00100559 	-0.000630348 	0.000724445 	-0.254111
-0.00100559 	-0.000630348 	0.000724445 	-0.254111
-0.000845345 	-0.000620708 	0.000658924 	-0.254095
-0.000845345 	-0.000620708 	0.000658924 	-0.254095
-0.000682232 	-0.000599373 	0.000595527 	-0.254092
-0.000682232 	-0.000599373 	0.000595527 	-0.254092
-0.000516194 	-0.000566921 	0.000534956 	-0.254104
-0.000516194 	-0.000566921 	0.000534956 	-0.254104
-0.000347178 	-0.000524182 	0.000477647 	-0.254129
-0.000347178 	-0.000524182 	0.000477647 	-0.254129
-0.000175132 	-0.000472019 	0.000424093 	-0.254168
-0.000175132 	-0.000472019 	0.000424093 	-0.254168
0 	-0.000411615 	0.000375095 	-0.254221
0 	-0.000411615 	0.000375095 	-0.254221
0.000175132 	-0.000344966 	0.000331525 	-0.254286
0.000175132 	-0.000344966 	0.000331525 	-0.254286
0.000347178 	-0.000274315 	0.000293763 	-0.254362
0.000347178 	-0.000274315 	0.000293763 	-0.254362
0.000516194 	-0.000201222 	0.00026158 	-0.254448
0.000516194 	-0.000201222 	0.00026158 	-0.254448
0.000682232 	-0.000126495 	0.000234483 	-0.254542
0.000682232 	-0.000126495 	0.000234483 	-0.254542
0.000845345 	-5.04846e-05 	0.000211922 	-0.254646
0.000845345 	-5.04846e-05 	0.000211922 	-0.254646
0.00100559 	2.66768e-05 	0.000193395 	-0.25476
0.00100559 	2.66768e-05 	0.000193395 	-0.25476
0.001163 	0.000104883 	0.000178447 	-0.254886
0.001163 	0.000104883 	0.000178447 	-0.254886
0.00131765 	0.000183711 	0.00016665 	-0.255022
0.00131765 	0.000183711 	0.00016665 	-0.255022
0.00146957 	0.000262274 	0.000157533 	-0.255168
0.00146957 	0.000262274 	0.000157533 	-0.255168
0.00161881 	0.000339384 	0.000150534 	-0.255323
0.00161881 	0.000339384 	0.000150534 	-0.255323
0.00176543 	0.00041369 	0.00014505 	-0.255483
0.00176543 	0.00041369 	0.00014505 	-0.255483
0.00190946 	0.000483782 	0.000140464 	-0.255648
0.00190946 	0.000483782 	0.000140464 	-0.255648
0.00205095 	0.000548282 	0.000136174 	-0.255815
0.00205095 	0.000548282 	0.000136174 	-0.255815
0.00218995 	0.000605926 	0.000131612 	-0.255983
0.00218995 	0.000605926 	0.000131612 	-0.255983
0.00232651 	0.000655623 	0.000126273 	-0.256151
0.00232651 	0.000655623 	0.000126273 	-0.256151
0.00246065 	0.000696505 	0.000119727 	-0.256318
0.00246065 	0.000696505 	0.000119727 	-0.256318
0.00259244 	0.00072794 	0.000111628 	-0.256483
0.00259244 	0.00072794 	0.000111628 	-0.256483
0.0027219 	0.000749531 	0.000101714 	-0.256646
0.0027219 	0.000749531 	0.000101714 	-0.256646
0.00284909 	0.000761097 	8.98089e-05 	-0.256808
0.00284909 	0.000761097 	8.98089e-05 	-0.256808
0.00297403 	0.00076265 	7.58118e-05 	-0.256967
0.00297403 	0.00076265 	7.58118e-05 	-0.256967
0.00309677 	0.000754389 	5.96894e-05 	-0.257124
0.00309677 	0.000754389 	5.96894e-05 	-0.257124
0.00321735 	0.000736726 	4.14596e-05 	-0.257278
0.00321735 	0.000736726 	4.14596e-05 	-0.257278
0.0033358 	0.000710351 	2.11604e-05 	-0.257428
0.0033358 	0.000710351 	2.11604e-05 	-0.257428
0.00345217 	0.000676273 	-1.15754e-06 	-0.257573
0.00345217 	0.000676273 	-1.15754e-06 	-0.257573
0.00356649 	0.000635727 	-2.52876e-05 	-0.257709
0.00356649 	0.000635727 	-2.52876e-05 	-0.257709
0.00367879 	0.000589837 	-5.09336e-05 	-0.257834
0.00367879 	0.000589837 	-5.09336e-05 	-0.257834
0.00378912 	0.000539247 	-7.80224e-05 	-0.257948
0.00378912 	0.000539247 	-7.80224e-05 	-0.257948
0.0038975 	0.000484171 	-0.000106557 	-0.258052
0.0038975 	0.000484171 	-0.000106557 	-0.258052
0.00400397 	0.00042475 	-0.000136359 	-0.258142
0.00400397 	0.00042475 	-0.000136359 	-0.258142
0.00410857 	0.00036122 	-0.00016717 	-0.258215
0.00410857 	0.00036122 	-0.00016717 	-0.258215
0.00421133 	0.000293938 	-0.000198753 	-0.258264
0.00421133 	0.000293938 	-0.000198753 	-0.258264
0.00431227 	0.000223446 	-0.00023086 	-0.258279
0.00431227 	0.000223446 	-0.00023086 	-0.258279
0.00441144 	0.000150533 	-0.0002632 	-0.258248
0.00441144 	0.000150533 	-0.0002632 	-0.258248
0.00450886 	7.62615e-05 	-0.000295434 	-0.258155
0.00450886 	7.62615e-05 	-0.000295434 	-0.258155
0.00460456 	1.95421e-06 	-0.000327185 	-0.257978
0.00460456 	1.95421e-06 	-0.000327185 	-0.257978
0.00469858 	-7.08654e-05 	-0.000358042 	-0.257693
0.00469858 	-7.08654e-05 	-0.000358042 	-0.257693
0.00479094 	-0.000140584 	-0.00038757 	-0.25727
0.00479094 	-0.000140584 	-0.00038757 	-0.25727
0.00488168 	-0.000205637 	-0.000415318 	-0.256676
0.00488168 	-0.000205637 	-0.000415318 	-0.256676
0.00497081 	-0.000264645 	-0.000440808 	-0.255877
0.00497081 	-0.000264645 	-0.000440808 	-0.255877
0.00505838 	-0.00031655 	-0.000463585 	-0.254833
0.00505838 	-0.00031655 	-0.000463585 	-0.254833
0.0051444 	-0.000360647 	-0.000483227 	-0.253503
0.0051444 	-0.000360647 	-0.000483227 	-0.253503
0.00522891 	-0.000396558 	-0.000499331 	-0.251848
0.00522891 	-0.000396558 	-0.000499331 	-0.251848
0.00531193 	-0.000424294 	-0.000511597 	-0.249832
0.00531193 	-0.000424294 	-0.000511597 	-0.249832
0.00539348 	-0.000444276 	-0.000519829 	-0.247424
0.00539348 	-0.000444276 	-0.000519829 	-0.247424
0.0054736 	-0.000457246 	-0.000523905 	-0.244595
0.0054736 	-0.000457246 	-0.000523905 	-0.244595
0.00555231 	-0.000464171 	-0.000523779 	-0.241321
0.00555231 	-0.000464171 	-0.000523779 	-0.241321
0.00562963 	-0.000466138 	-0.000519486 	-0.237585
0.00562963 	-0.000466138 	-0.000519486 	-0.237585
0.00570559 	-0.00046426 	-0.000511147 	-0.233374
0.00570559 	-0.00046426 	-0.000511147 	-0.233374
0.00578022 	-0.000459578 	-0.00049896 	-0.228684
0.00578022 	-0.000459578 	-0.00049896 	-0.228684
0.00585352 	-0.00045299 	-0.000483201 	-0.223517
0.00585352 	-0.00045299 	-0.000483201 	-0.223517
0.00592554 	-0.000445195 	-0.000464209 	-0.217882
0.00592554 	-0.000445195 	-0.000464209 	-0.217882
0.00599629 	-0.000436664 	-0.000442372 	-0.211791
0.00599629 	-0.000436664 	-0.000442372 	-0.211791
0.00606579 	-0.000427639 	-0.000418111 	-0.205265
0.00606579 	-0.000427639 	-0.000418111 	-0.205265
0.00613406 	-0.000418157 	-0.00039187 	-0.198329
0.00613406 	-0.000418157 	-0.00039187 	-0.198329
0.00620114 	-0.000408093 	-0.000364102 	-0.191009
0.00620114 	-0.000408093 	-0.000364102 	-0.191009
0.00626703 	-0.000397219 	-0.000335267 	-0.183339
0.00626703 	-0.000397219 	-0.000335267 	-0.183339
0.00633176 	-0.000385267 	-0.000305825 	-0.175356
0.00633176 	-0.000385267 	-0.000305825 	-0.175356
0.00639535 	-0.000371986 	-0.000276231 	-0.167099
0.00639535 	-0.000371986 	-0.000276231 	-0.167099
0.00645783 	-0.000357199 	-0.000246923 	-0.15861
0.00645783 	-0.000357199 	-0.000246923 	-0.15861
0.0065192 	-0.000340831 	-0.000218316 	-0.149932
0.0065192 	-0.000340831 	-0.000218316 	-0.149932
0.00657949 	-0.000322931 	-0.000190789 	-0.141111
0.00657949 	-0.000322931 	-0.000190789 	-0.141111
0.00663871 	-0.000303671 	-0.000164684 	-0.132192
0.00663871 	-0.000303671 	-0.000164684 	-0.132192
0.0066969 	-0.000283326 	-0.000140291 	-0.123224
0.0066969 	-0.000283326 	-0.000140291 	-0.123224
0.00675406 	-0.00026224 	-0.000117839 	-0.114253
0.00675406 	-0.00026224 	-0.000117839 	-0.114253
0.00681021 	-0.000240793 	-9.74968e-05 	-0.105326
0.00681021 	-0.000240793 	-9.74968e-05 	-0.105326
0.00686537 	-0.000219361 	-7.93626e-05 	-0.0964861
0.00686537 	-0.000219361 	-7.93626e-05 	-0.0964861
0.00691956 	-0.000198282 	-6.34715e-05 	-0.0877777
0.00691956 	-0.000198282 	-6.34715e-05 	-0.0877777
0.0069728 	-0.000177828 	-4.97922e-05 	-0.0792383
0.0069728 	-0.000177828 	-4.97922e-05 	-0.0792383
0.0070251 	-0.000158184 	-3.82312e-05 	-0.0708984
0.0070251 	-0.000158184 	-3.82312e-05 	-0.0708984
0.00707647 	-0.000139447 	-2.86451e-05 	-0.0627796
0.00707647 	-0.000139447 	-2.86451e-05 	-0.0627796
0.00712695 	-0.000121631 	-2.08546e-05 	-0.0548952
0.00712695 	-0.000121631 	-2.08546e-05 	-0.0548952
0.00717653 	-0.000104685 	-1.46609e-05 	-0.0472508
0.00717653 	-0.000104685 	-1.46609e-05 	-0.0472508
0.00722524 	-8.85116e-05 	-9.85845e-06 	-0.039846
0.00722524 	-8.85116e-05 	-9.85845e-06 	-0.039846
0.00727309 	-7.29818e-05 	-6.24631e-06 	-0.0326759
0.00727309 	-7.29818e-05 	-6.24631e-06 	-0.0326759
0.0073201 	-5.79534e-05 	-3.63285e-06 	-0.0257327
0.0073201 	-5.79534e-05 	-3.63285e-06 	-0.0257327
0.00736628 	-4.32804e-05 	-1.85444e-06 	-0.0190068
0.00736628 	-4.32804e-05 	-1.85444e-06 	-0.0190068
0.00741165 	-2.88247e-05 	-7.43743e-07 	-0.0124876
0.00741165 	-2.88247e-05 	-7.43743e-07 	-0.0124876
0.00745622 	-1.44594e-05 	-1.75759e-07 	-0.00616475
0.00745622 	-1.44594e-05 	-1.75759e-07 	-0.00616475
0.0075 	0 	0 	0
0.0075 	0 	0 	0
