-0.0075 	0 	0 	0
-0.0075 	-5.55316e-22 	-3.35973e-22 	1.42395e-18
-0.00745622 	3.58582e-06 	2.16946e-06 	-0.00919484
-0.00745622 	3.58582e-06 	2.16946e-06 	-0.00919484
-0.00741165 	7.4248e-06 	7.73454e-06 	-0.0185785
-0.00741165 	7.4248e-06 	7.73454e-06 	-0.0185785
-0.00736628 	1.15403e-05 	1.70192e-05 	-0.0281364
-0.00736628 	1.15403e-05 	1.70192e-05 	-0.0281364
-0.0073201 	1.59948e-05 	2.99314e-05 	-0.0378102
-0.0073201 	1.59948e-05 	2.99314e-05 	-0.0378102
-0.00727309 	2.09108e-05 	4.62656e-05 	-0.047541
-0.00727309 	2.09108e-05 	4.62656e-05 	-0.047541
-0.00722524 	2.64397e-05 	6.58165e-05 	-0.0572713
-0.00722524 	2.64397e-05 	6.58165e-05 	-0.0572713
-0.00717653 	3.27328e-05 	8.83864e-05 	-0.0669477
-0.00717653 	3.27328e-05 	8.83864e-05 	-0.0669477
-0.00712695 	3.99187e-05 	0.000113765 	-0.0765233
-0.00712695 	3.99187e-05 	0.000113765 	-0.0765233
-0.00707647 	4.8087e-05 	0.000141738 	-0.0859598
-0.00707647 	4.8087e-05 	0.000141738 	-0.0859598
-0.0070251 	5.72771e-05 	0.000172105 	-0.0952289
-0.0070251 	5.72771e-05 	0.000172105 	-0.0952289
-0.0069728 	6.74722e-05 	0.000204683 	-0.104312
-0.0069728 	6.74722e-05 	0.000204683 	-0.104312
-0.00691956 	7.85966e-05 	0.000239322 	-0.113198
-0.00691956 	7.85966e-05 	0.000239322 	-0.113198
-0.00686537 	9.05141e-05 	0.000275908 	-0.121886
-0.00686537 	9.05141e-05 	0.000275908 	-0.121886
-0.00681021 	0.000103026 	0.000314353 	-0.130374
-0.00681021 	0.000103026 	0.000314353 	-0.130374
-0.00675406 	0.000115869 	0.000354594 	-0.138664
-0.00675406 	0.000115869 	0.000354594 	-0.138664
-0.0066969 	0.000128726 	0.000396583 	-0.146754
-0.0066969 	0.000128726 	0.000396583 	-0.146754
-0.00663871 	0.000141223 	0.000440266 	-0.154644
-0.00663871 	0.000141223 	0.000440266 	-0.154644
-0.00657949 	0.000152946 	0.000485571 	-0.162327
-0.00657949 	0.000152946 	0.000485571 	-0.162327
-0.0065192 	0.00016346 	0.000532392 	-0.169794
-0.0065192 	0.00016346 	0.000532392 	-0.169794
-0.00645783 	0.000172323 	0.000580579 	-0.177031
-0.00645783 	0.000172323 	0.000580579 	-0.177031
-0.00639535 	0.000179122 	0.000629933 	-0.184023
-0.00639535 	0.000179122 	0.000629933 	-0.184023
-0.00633176 	0.000183488 	0.000680204 	-0.190751
-0.00633176 	0.000183488 	0.000680204 	-0.190751
-0.00626703 	0.000185129 	0.000731092 	-0.197197
-0.00626703 	0.000185129 	0.000731092 	-0.197197
-0.00620114 	0.000183843 	0.000782252 	-0.203342
-0.00620114 	0.000183843 	0.000782252 	-0.203342
-0.00613406 	0.000179529 	0.000833298 	-0.209167
-0.00613406 	0.000179529 	0.000833298 	-0.209167
-0.00606579 	0.000172188 	0.000883813 	-0.214656
-0.00606579 	0.000172188 	0.000883813 	-0.214656
-0.00599629 	0.000161918 	0.000933351 	-0.219794
-0.00599629 	0.000161918 	0.000933351 	-0.219794
-0.00592554 	0.000148899 	0.000981453 	-0.22457
-0.00592554 	0.000148899 	0.000981453 	-0.22457
-0.00585352 	0.000133368 	0.00102765 	-0.228974
-0.00585352 	0.000133368 	0.00102765 	-0.228974
-0.00578022 	0.000115602 	0.00107149 	-0.233003
-0.00578022 	0.000115602 	0.00107149 	-0.233003
-0.00570559 	9.58897e-05 	0.00111252 	-0.236654
-0.00570559 	9.58897e-05 	0.00111252 	-0.236654
-0.00562963 	7.45125e-05 	0.00115034 	-0.239931
-0.00562963 	7.45125e-05 	0.00115034 	-0.239931
-0.00555231 	5.17279e-05 	0.00118457 	-0.24284
-0.00555231 	5.17279e-05 	0.00118457 	-0.24284
-0.0054736 	2.77606e-05 	0.00121492 	-0.245394
-0.0054736 	2.77606e-05 	0.00121492 	-0.245394
-0.00539348 	2.80194e-06 	0.00124112 	-0.247608
-0.00539348 	2.80194e-06 	0.00124112 	-0.247608
-0.00531193 	-2.29832e-05 	0.00126302 	-0.2495
-0.00531193 	-2.29832e-05 	0.00126302 	-0.2495
-0.00522891 	-4.9442e-05 	0.0012805 	-0.251092
-0.00522891 	-4.9442e-05 	0.0012805 	-0.251092
-0.0051444 	-7.64155e-05 	0.00129359 	-0.252409
-0.0051444 	-7.64155e-05 	0.00129359 	-0.252409
-0.00505838 	-0.000103748 	0.00130237 	-0.253478
-0.00505838 	-0.000103748 	0.00130237 	-0.253478
-0.00497081 	-0.00013128 	0.00130702 	-0.254328
-0.00497081 	-0.00013128 	0.00130702 	-0.254328
-0.00488168 	-0.000158799 	0.00130778 	-0.254989
-0.00488168 	-0.000158799 	0.00130778 	-0.254989
-0.00479094 	-0.000186033 	0.00130494 	-0.255487
-0.00479094 	-0.000186033 	0.00130494 	-0.255487
-0.00469858 	-0.000212686 	0.00129881 	-0.25585
-0.00469858 	-0.000212686 	0.00129881 	-0.25585
-0.00460456 	-0.000238453 	0.00128978 	-0.256102
-0.00460456 	-0.000238453 	0.00128978 	-0.256102
-0.00450886 	-0.000263033 	0.0012782 	-0.256266
-0.00450886 	-0.000263033 	0.0012782 	-0.256266
-0.00441144 	-0.000286146 	0.00126444 	-0.256361
-0.00441144 	-0.000286146 	0.00126444 	-0.256361
-0.00431227 	-0.000307549 	0.00124885 	-0.256404
-0.00431227 	-0.000307549 	0.00124885 	-0.256404
-0.00421133 	-0.000327041 	0.00123173 	-0.256408
-0.00421133 	-0.000327041 	0.00123173 	-0.256408
-0.00410857 	-0.000344456 	0.00121335 	-0.256383
-0.00410857 	-0.000344456 	0.00121335 	-0.256383
-0.00400397 	-0.000359651 	0.00119393 	-0.256337
-0.00400397 	-0.000359651 	0.00119393 	-0.256337
-0.0038975 	-0.000372492 	0.00117368 	-0.256275
-0.0038975 	-0.000372492 	0.00117368 	-0.256275
-0.00378912 	-0.000382837 	0.00115273 	-0.256201
-0.00378912 	-0.000382837 	0.00115273 	-0.256201
-0.00367879 	-0.000390517 	0.00113121 	-0.256118
-0.00367879 	-0.000390517 	0.00113121 	-0.256118
-0.00356649 	-0.000395309 	0.00110927 	-0.256029
-0.00356649 	-0.000395309 	0.00110927 	-0.256029
-0.00345217 	-0.000396915 	0.001087 	-0.255933
-0.00345217 	-0.000396915 	0.001087 	-0.255933
-0.0033358 	-0.000394911 	0.00106446 	-0.255832
-0.0033358 	-0.000394911 	0.00106446 	-0.255832
-0.00321735 	-0.000388801 	0.00104173 	-0.255724
-0.00321735 	-0.000388801 	0.00104173 	-0.255724
-0.00309677 	-0.000378175 	0.00101895 	-0.255612
-0.00309677 	-0.000378175 	0.00101895 	-0.255612
-0.00297403 	-0.000362806 	0.000996294 	-0.255496
-0.00297403 	-0.000362806 	0.000996294 	-0.255496
-0.00284909 	-0.000342636 	0.000973879 	-0.25538
-0.00284909 	-0.000342636 	0.000973879 	-0.25538
-0.0027219 	-0.00031773 	0.000951775 	-0.255263
-0.0027219 	-0.00031773 	0.000951775 	-0.255263
-0.00259244 	-0.000288268 	0.000930021 	-0.255148
-0.00259244 	-0.000288268 	0.000930021 	-0.255148
-0.00246065 	-0.000254567 	0.000908633 	-0.255035
-0.00246065 	-0.000254567 	0.000908633 	-0.255035
-0.00232651 	-0.000217112 	0.000887601 	-0.254924
-0.00232651 	-0.000217112 	0.000887601 	-0.254924
-0.00218995 	-0.000176589 	0.000866889 	-0.254818
-0.00218995 	-0.000176589 	0.000866889 	-0.254818
-0.00205095 	-0.000133913 	0.000846426 	-0.254716
-0.00205095 	-0.000133913 	0.000846426 	-0.254716
-0.00190946 	-9.02207e-05 	0.000826137 	-0.25462
-0.00190946 	-9.02207e-05 	0.000826137 	-0.25462
-0.00176543 	-4.66727e-05 	0.000805939 	-0.254531
-0.00176543 	-4.66727e-05 	0.000805939 	-0.254531
-0.00161881 	-4.10879e-06 	0.000785682 	-0.254449
-0.00161881 	-4.10879e-06 	0.000785682 	-0.254449
-0.00146957 	3.70162e-05 	0.000765143 	-0.254374
-0.00146957 	3.70162e-05 	0.000765143 	-0.254374
-0.00131765 	7.62253e-05 	0.000744107 	-0.254306
-0.00131765 	7.62253e-05 	0.000744107 	-0.254306
-0.001163 	0.00011272 	0.000722442 	-0.254246
-0.001163 	0.00011272 	0.000722442 	-0.254246
-0.00100559 	0.000145544 	0.000700017 	-0.254193
-0.00100559 	0.000145544 	0.000700017 	-0.254193
-0.000845345 	0.000173756 	0.000676668 	-0.254148
-0.000845345 	0.000173756 	0.000676668 	-0.254148
-0.000682232 	0.000196459 	0.000652237 	-0.254114
-0.000682232 	0.000196459 	0.000652237 	-0.254114
-0.000516194 	0.000212829 	0.000626577 	-0.254089
-0.000516194 	0.000212829 	0.000626577 	-0.254089
-0.000347178 	0.000222148 	0.000599542 	-0.254076
-0.000347178 	0.000222148 	0.000599542 	-0.254076
-0.000175132 	0.000223828 	0.000570982 	-0.254074
-0.000175132 	0.000223828 	0.000570982 	-0.254074
0 	0.000217487 	0.00054087 	-0.254085
0 	0.000217487 	0.00054087 	-0.254085
0.000175132 	0.000203232 	0.000509469 	-0.254109
0.000175132 	0.000203232 	0.000509469 	-0.254109
0.000347178 	0.000181777 	0.000477099 	-0.254146
0.000347178 	0.000181777 	0.000477099 	-0.254146
0.000516194 	0.000154087 	0.000443843 	-0.254194
0.000516194 	0.000154087 	0.000443843 	-0.254194
0.000682232 	0.000121165 	0.000409724 	-0.254253
0.000682232 	0.000121165 	0.000409724 	-0.254253
0.000845345 	8.39435e-05 	0.000374706 	-0.254323
0.000845345 	8.39435e-05 	0.000374706 	-0.254323
0.00100559 	4.31568e-05 	0.000338592 	-0.254404
0.00100559 	4.31568e-05 	0.000338592 	-0.254404
0.001163 	-4.50276e-07 	0.000301245 	-0.254496
0.001163 	-4.50276e-07 	0.000301245 	-0.254496
0.00131765 	-4.6059e-05 	0.000262517 	-0.254599
0.00131765 	-4.6059e-05 	0.000262517 	-0.254599
0.00146957 	-9.281e-05 	0.000222187 	-0.254713
0.00146957 	-9.281e-05 	0.000222187 	-0.254713
0.00161881 	-0.000139582 	0.000180131 	-0.254839
0.00161881 	-0.000139582 	0.000180131 	-0.254839
0.00176543 	-0.000185054 	0.000136286 	-0.254975
0.00176543 	-0.000185054 	0.000136286 	-0.254975
0.00190946 	-0.00022796 	9.06192e-05 	-0.25512
0.00190946 	-0.00022796 	9.06192e-05 	-0.25512
0.00205095 	-0.000267168 	4.31853e-05 	-0.255273
0.00205095 	-0.000267168 	4.31853e-05 	-0.255273
0.00218995 	-0.000301717 	-5.87969e-06 	-0.255433
0.00218995 	-0.000301717 	-5.87969e-06 	-0.255433
0.00232651 	-0.00033082 	-5.63803e-05 	-0.255601
0.00232651 	-0.00033082 	-5.63803e-05 	-0.255601
0.00246065 	-0.000353861 	-0.000108075 	-0.255775
0.00246065 	-0.000353861 	-0.000108075 	-0.255775
0.00259244 	-0.000370377 	-0.00016069 	-0.255955
0.00259244 	-0.000370377 	-0.00016069 	-0.255955
0.0027219 	-0.000380053 	-0.00021393 	-0.256141
0.0027219 	-0.000380053 	-0.00021393 	-0.256141
0.00284909 	-0.000382703 	-0.000267489 	-0.256333
0.00284909 	-0.000382703 	-0.000267489 	-0.256333
0.00297403 	-0.000378266 	-0.000321061 	-0.25653
0.00297403 	-0.000378266 	-0.000321061 	-0.25653
0.00309677 	-0.000366815 	-0.000374336 	-0.25673
0.00309677 	-0.000366815 	-0.000374336 	-0.25673
0.00321735 	-0.000348569 	-0.000427 	-0.256933
0.00321735 	-0.000348569 	-0.000427 	-0.256933
0.0033358 	-0.00032394 	-0.000478751 	-0.257136
0.0033358 	-0.00032394 	-0.000478751 	-0.257136
0.00345217 	-0.000293601 	-0.000529343 	-0.257335
0.00345217 	-0.000293601 	-0.000529343 	-0.257335
0.00356649 	-0.000258558 	-0.00057856 	-0.257524
0.00356649 	-0.000258558 	-0.00057856 	-0.257524
0.00367879 	-0.00022008 	-0.000625875 	-0.257699
0.00367879 	-0.00022008 	-0.000625875 	-0.257699
0.00378912 	-0.000179089 	-0.000670831 	-0.257856
0.00378912 	-0.000179089 	-0.000670831 	-0.257856
0.0038975 	-0.000135428 	-0.00071384 	-0.257993
0.0038975 	-0.000135428 	-0.00071384 	-0.257993
0.00400397 	-8.84906e-05 	-0.000755323 	-0.258112
0.00400397 	-8.84906e-05 	-0.000755323 	-0.258112
0.00410857 	-3.82193e-05 	-0.00079495 	-0.258205
0.00410857 	-3.82193e-05 	-0.00079495 	-0.258205
0.00421133 	1.51129e-05 	-0.000832425 	-0.258265
0.00421133 	1.51129e-05 	-0.000832425 	-0.258265
0.00431227 	7.11616e-05 	-0.00086763 	-0.258278
0.00431227 	7.11616e-05 	-0.00086763 	-0.258278
0.00441144 	0.000129324 	-0.000900293 	-0.258228
0.00441144 	0.000129324 	-0.000900293 	-0.258228
0.00450886 	0.000188677 	-0.000930056 	-0.258094
0.00450886 	0.000188677 	-0.000930056 	-0.258094
0.00460456 	0.000247996 	-0.00095653 	-0.257851
0.00460456 	0.000247996 	-0.00095653 	-0.257851
0.00469858 	0.00030582 	-0.000979313 	-0.257469
0.00469858 	0.00030582 	-0.000979313 	-0.257469
0.00479094 	0.000360536 	-0.000998004 	-0.256917
0.00479094 	0.000360536 	-0.000998004 	-0.256917
0.00488168 	0.000410491 	-0.00101221 	-0.256158
0.00488168 	0.000410491 	-0.00101221 	-0.256158
0.00497081 	0.000454155 	-0.00102157 	-0.255159
0.00497081 	0.000454155 	-0.00102157 	-0.255159
0.00505838 	0.000490243 	-0.0010258 	-0.25388
0.00505838 	0.000490243 	-0.0010258 	-0.25388
0.0051444 	0.000517717 	-0.00102464 	-0.252285
0.0051444 	0.000517717 	-0.00102464 	-0.252285
0.00522891 	0.000535824 	-0.00101795 	-0.25034
0.00522891 	0.000535824 	-0.00101795 	-0.25034
0.00531193 	0.000544208 	-0.00100574 	-0.248018
0.00531193 	0.000544208 	-0.00100574 	-0.248018
0.00539348 	0.000542938 	-0.000988095 	-0.245294
0.00539348 	0.000542938 	-0.000988095 	-0.245294
0.0054736 	0.000532478 	-0.000965228 	-0.242147
0.0054736 	0.000532478 	-0.000965228 	-0.242147
0.00555231 	0.000513646 	-0.000937432 	-0.238565
0.00555231 	0.000513646 	-0.000937432 	-0.238565
0.00562963 	0.00048755 	-0.000905092 	-0.234537
0.00562963 	0.00048755 	-0.000905092 	-0.234537
0.00570559 	0.000455512 	-0.000868668 	-0.230061
0.00570559 	0.000455512 	-0.000868668 	-0.230061
0.00578022 	0.000418984 	-0.000828683 	-0.22514
0.00578022 	0.000418984 	-0.000828683 	-0.22514
0.00585352 	0.000379453 	-0.000785705 	-0.219781
0.00585352 	0.000379453 	-0.000785705 	-0.219781
0.00592554 	0.000338356 	-0.000740331 	-0.213998
0.00592554 	0.000338356 	-0.000740331 	-0.213998
0.00599629 	0.000297004 	-0.000693165 	-0.207806
0.00599629 	0.000297004 	-0.000693165 	-0.207806
0.00606579 	0.000256532 	-0.000644804 	-0.201227
0.00606579 	0.000256532 	-0.000644804 	-0.201227
0.00613406 	0.000217859 	-0.000595826 	-0.194283
0.00613406 	0.000217859 	-0.000595826 	-0.194283
0.00620114 	0.000181681 	-0.00054678 	-0.187001
0.00620114 	0.000181681 	-0.00054678 	-0.187001
0.00626703 	0.00014847 	-0.000498182 	-0.179413
0.00626703 	0.00014847 	-0.000498182 	-0.179413
0.00633176 	0.000118494 	-0.000450513 	-0.17155
0.00633176 	0.000118494 	-0.000450513 	-0.17155
0.00639535 	9.18504e-05 	-0.000404212 	-0.163447
0.00639535 	9.18504e-05 	-0.000404212 	-0.163447
0.00645783 	6.8502e-05 	-0.000359677 	-0.155142
0.00645783 	6.8502e-05 	-0.000359677 	-0.155142
0.0065192 	4.83203e-05 	-0.000317254 	-0.146672
0.0065192 	4.83203e-05 	-0.000317254 	-0.146672
0.00657949 	3.11225e-05 	-0.000277237 	-0.138077
0.00657949 	3.11225e-05 	-0.000277237 	-0.138077
0.00663871 	1.67015e-05 	-0.000239869 	-0.129397
0.00663871 	1.67015e-05 	-0.000239869 	-0.129397
0.0066969 	4.84737e-06 	-0.000205335 	-0.120675
0.0066969 	4.84737e-06 	-0.000205335 	-0.120675
0.00675406 	-4.64253e-06 	-0.000173763 	-0.111951
0.00675406 	-4.64253e-06 	-0.000173763 	-0.111951
0.00681021 	-1.19613e-05 	-0.000145223 	-0.103267
0.00681021 	-1.19613e-05 	-0.000145223 	-0.103267
0.00686537 	-1.72951e-05 	-0.000119725 	-0.094663
0.00686537 	-1.72951e-05 	-0.000119725 	-0.094663
0.00691956 	-2.08302e-05 	-9.72301e-05 	-0.0861786
0.00691956 	-2.08302e-05 	-9.72301e-05 	-0.0861786
0.0069728 	-2.27615e-05 	-7.76458e-05 	-0.0778489
0.0069728 	-2.27615e-05 	-7.76458e-05 	-0.0778489
0.0070251 	-2.32962e-05 	-6.08312e-05 	-0.0697026
0.0070251 	-2.32962e-05 	-6.08312e-05 	-0.0697026
0.00707647 	-2.26535e-05 	-4.66078e-05 	-0.0617608
0.00707647 	-2.26535e-05 	-4.66078e-05 	-0.0617608
0.00712695 	-2.10615e-05 	-3.47698e-05 	-0.0540372
0.00712695 	-2.10615e-05 	-3.47698e-05 	-0.0540372
0.00717653 	-1.8751e-05 	-2.50961e-05 	-0.0465384
0.00717653 	-1.8751e-05 	-2.50961e-05 	-0.0465384
0.00722524 	-1.59499e-05 	-1.73601e-05 	-0.0392654
0.00722524 	-1.59499e-05 	-1.73601e-05 	-0.0392654
0.00727309 	-1.28774e-05 	-1.13379e-05 	-0.032215
0.00727309 	-1.28774e-05 	-1.13379e-05 	-0.032215
0.0073201 	-9.73961e-06 	-6.81583e-06 	-0.0253805
0.0073201 	-9.73961e-06 	-6.81583e-06 	-0.0253805
0.00736628 	-6.72588e-06 	-3.59811e-06 	-0.0187539
0.00736628 	-6.72588e-06 	-3.59811e-06 	-0.0187539
0.00741165 	-4.00156e-06 	-1.51283e-06 	-0.0123258
0.00741165 	-4.00156e-06 	-1.51283e-06 	-0.0123258
0.00745622 	-1.71005e-06 	-3.86252e-07 	-0.0060868
0.00745622 	-1.71005e-06 	-3.86252e-07 	-0.0060868
0.0075 	0 	0 	0
0.0075 	0 	0 	0
