/*--------------------------------*- C++ -*----------------------------------*\
| =========                 |                                                 |
| \\      /  F ield         | OpenFOAM: The Open Source CFD Toolbox           |
|  \\    /   O peration     | Version:  v1906                                 |
|   \\  /    A nd           | Web:      www.OpenFOAM.com                      |
|    \\/     M anipulation  |                                                 |
\*---------------------------------------------------------------------------*/
FoamFile
{
    version     2.0;
    format      ascii;
    class       volVectorField;
    location    "96.4";
    object      UMean;
}
// * * * * * * * * * * * * * * * * * * * * * * * * * * * * * * * * * * * * * //

dimensions      [0 1 -1 0 0 0 0];


internalField   nonuniform List<vector> 
630
(
(4.89851e-06 -0.000199745 -0.0072103)
(-0.000119186 -1.35314e-06 -0.00767594)
(9.71536e-06 -1.24186e-06 -0.00781057)
(0.000113206 -1.26433e-06 -0.00738548)
(2.50771e-05 0.000345765 -0.020859)
(-0.000343274 -5.44429e-06 -0.0221529)
(1.73817e-05 -5.76846e-06 -0.0225625)
(0.000325248 -4.98407e-06 -0.0213087)
(4.99923e-05 -0.000300975 -0.0338827)
(-0.000539128 -1.57046e-05 -0.0358928)
(1.9093e-05 -1.60387e-05 -0.0365991)
(0.000508858 -1.46296e-05 -0.0345256)
(7.47817e-05 0.000183696 -0.0462844)
(-0.000711489 -2.77866e-05 -0.0489078)
(1.98192e-05 -2.89984e-05 -0.0499241)
(0.000668846 -2.58556e-05 -0.0470437)
(9.78012e-05 -8.14052e-05 -0.0580635)
(-0.000863523 -4.3572e-05 -0.0612243)
(2.13727e-05 -4.55058e-05 -0.0625468)
(0.000808416 -4.05814e-05 -0.0588908)
(0.000119759 -1.24147e-05 -0.0692355)
(-0.000998919 -6.16319e-05 -0.0728728)
(2.31921e-05 -6.44439e-05 -0.074491)
(0.00093147 -5.73446e-05 -0.0701051)
(0.000141302 -3.33046e-05 -0.0798199)
(-0.0011187 -8.17192e-05 -0.0838825)
(2.47346e-05 -8.55326e-05 -0.0857842)
(0.00103933 -7.59106e-05 -0.0807232)
(0.000162995 -4.28091e-05 -0.0898322)
(-0.00122356 -0.000103508 -0.0942698)
(2.5493e-05 -0.000108478 -0.0964453)
(0.00113307 -9.59685e-05 -0.0907697)
(0.00018521 -5.78765e-05 -0.0992769)
(-0.00131366 -0.00012683 -0.104034)
(2.50525e-05 -0.000132963 -0.106478)
(0.00121314 -0.000117347 -0.100252)
(0.000208075 -7.12476e-05 -0.108152)
(-0.0013895 -0.000151591 -0.113168)
(2.32548e-05 -0.000158609 -0.11588)
(0.0012803 -0.000139967 -0.109165)
(0.000231433 -8.47848e-05 -0.116463)
(-0.00145263 -0.000177579 -0.121671)
(2.02571e-05 -0.000185375 -0.124656)
(0.00133621 -0.000163751 -0.117509)
(0.000254937 -9.89004e-05 -0.124228)
(-0.00150492 -0.000204488 -0.129565)
(1.63347e-05 -0.000213524 -0.132831)
(0.00138292 -0.000188436 -0.1253)
(0.00027826 -0.000114002 -0.131477)
(-0.00154672 -0.00023215 -0.136887)
(1.15664e-05 -0.00024302 -0.140439)
(0.0014212 -0.000213696 -0.132565)
(0.00030132 -0.000129606 -0.138236)
(-0.00157631 -0.000260568 -0.143674)
(5.65583e-06 -0.000273337 -0.147511)
(0.00144942 -0.000239486 -0.139338)
(0.000324311 -0.000144981 -0.144533)
(-0.00159113 -0.000289803 -0.149967)
(-1.76666e-06 -0.00030394 -0.154077)
(0.0014646 -0.000265976 -0.14565)
(0.00034751 -0.000159906 -0.150393)
(-0.00158943 -0.000319715 -0.155803)
(-1.08283e-05 -0.00033471 -0.160172)
(0.00146438 -0.000293197 -0.151534)
(0.00037113 -0.000174669 -0.155848)
(-0.00157107 -0.00035006 -0.161221)
(-2.14631e-05 -0.000365666 -0.165832)
(0.0014481 -0.000320911 -0.157023)
(0.000395237 -0.000189526 -0.16093)
(-0.00153722 -0.00038064 -0.166261)
(-3.35156e-05 -0.000396725 -0.171092)
(0.0014165 -0.000348867 -0.162151)
(0.000419758 -0.000204359 -0.165672)
(-0.00148992 -0.000411296 -0.17096)
(-4.67412e-05 -0.000427768 -0.175992)
(0.00137112 -0.000376928 -0.166949)
(0.000444548 -0.000219026 -0.170109)
(-0.00143176 -0.000441893 -0.175358)
(-6.08321e-05 -0.000458592 -0.180569)
(0.00131407 -0.000405002 -0.171452)
(0.000469421 -0.000233789 -0.174277)
(-0.00136552 -0.000472267 -0.179488)
(-7.55017e-05 -0.00048897 -0.184857)
(0.00124771 -0.000432934 -0.175691)
(0.000494248 -0.000249173 -0.178209)
(-0.0012938 -0.000502206 -0.183386)
(-9.04599e-05 -0.000518706 -0.188892)
(0.00117446 -0.000460409 -0.179695)
(0.000519162 -0.000264508 -0.181933)
(-0.00121875 -0.00053152 -0.187081)
(-0.00010541 -0.000547723 -0.192703)
(0.0010965 -0.000487377 -0.183492)
(0.000544199 -0.000278991 -0.185472)
(-0.00114195 -0.000560085 -0.190598)
(-0.000120232 -0.000575993 -0.196319)
(0.00101577 -0.000514153 -0.187107)
(0.000569021 -0.000293461 -0.188849)
(-0.00106455 -0.000587871 -0.19396)
(-0.000134988 -0.000603606 -0.199765)
(0.000934426 -0.000540834 -0.190564)
(0.000593448 -0.000308688 -0.192086)
(-0.000987283 -0.000614698 -0.197184)
(-0.000149741 -0.000630752 -0.203061)
(0.000854608 -0.000566856 -0.193884)
(0.000617735 -0.000324027 -0.195199)
(-0.000910263 -0.000640871 -0.200287)
(-0.000164421 -0.00065644 -0.206227)
(0.000777337 -0.000591443 -0.197088)
(0.000642474 -0.000338307 -0.198197)
(-0.000833386 -0.000666738 -0.203282)
(-0.000179386 -0.000680245 -0.209275)
(0.000701295 -0.00061497 -0.200182)
(0.000667597 -0.000352036 -0.201091)
(-0.000756595 -0.000691206 -0.206183)
(-0.000195605 -0.00070346 -0.212223)
(0.000624114 -0.000638778 -0.203166)
(0.000692518 -0.000365482 -0.203892)
(-0.000680813 -0.000713774 -0.208997)
(-0.000213665 -0.000726131 -0.215079)
(0.000544326 -0.000662001 -0.206041)
(0.000717103 -0.000378579 -0.206608)
(-0.000608109 -0.000734229 -0.211732)
(-0.000232714 -0.000747905 -0.217851)
(0.00046286 -0.000681481 -0.208819)
(0.000743186 -0.000393985 -0.209246)
(-0.000538985 -0.000753965 -0.214395)
(-0.000250358 -0.00076797 -0.220544)
(0.000382164 -0.000702631 -0.211512)
(0.000773811 -0.000409457 -0.211815)
(-0.000473237 -0.000775314 -0.216994)
(-0.000265481 -0.000786655 -0.22316)
(0.000306687 -0.000728835 -0.214145)
(0.000808384 -0.000420012 -0.214317)
(-0.000407839 -0.000798127 -0.219537)
(-0.000280539 -0.00080315 -0.2257)
(0.000240523 -0.000755198 -0.216743)
(0.000841916 -0.000426062 -0.216757)
(-0.00034715 -0.000817737 -0.222052)
(-0.000301086 -0.000820034 -0.228177)
(0.000183759 -0.000773346 -0.219332)
(0.000867691 -0.000437456 -0.219188)
(-0.00029781 -0.000829747 -0.22457)
(-0.000328903 -0.000834861 -0.230613)
(0.000141825 -0.000779989 -0.221928)
(0.000883024 -0.000457388 -0.221656)
(-0.000247461 -0.000838592 -0.227014)
(-0.000358374 -0.000844506 -0.233017)
(9.99014e-05 -0.000797175 -0.224419)
(0.000895847 -0.00046868 -0.224109)
(-0.000187134 -0.000851274 -0.229327)
(-0.000380699 -0.000857376 -0.23542)
(5.49226e-05 -0.000819945 -0.226797)
(0.000906932 -0.000478531 -0.22651)
(-0.00011892 -0.000869071 -0.231539)
(-0.00039497 -0.000869055 -0.237841)
(2.98306e-06 -0.000844044 -0.229084)
(0.00091934 -0.000480018 -0.228874)
(-4.94909e-05 -0.000887094 -0.233707)
(-0.000415247 -0.000884444 -0.240277)
(-5.26043e-05 -0.000863568 -0.231314)
(0.000933136 -0.000492378 -0.231266)
(9.6448e-06 -0.000898532 -0.235909)
(-0.000449669 -0.000892473 -0.242637)
(-9.78124e-05 -0.000875429 -0.233556)
(0.000945646 -0.000508536 -0.233711)
(5.13562e-05 -0.000905709 -0.238166)
(-0.000483358 -0.000894335 -0.244939)
(-0.000133024 -0.000890169 -0.235817)
(0.000962895 -0.000515417 -0.236211)
(7.24734e-05 -0.000903871 -0.240457)
(-0.000511877 -0.000901159 -0.247221)
(-0.000161187 -0.000904746 -0.238061)
(0.000999443 -0.000519089 -0.238664)
(9.38203e-05 -0.000914243 -0.242676)
(-0.000533464 -0.000914962 -0.249479)
(-0.0001764 -0.000924689 -0.240283)
(0.00105762 -0.000516925 -0.24106)
(0.000116721 -0.000925925 -0.244846)
(-0.000555436 -0.000926062 -0.251618)
(-0.000178917 -0.000939338 -0.242467)
(0.00111719 -0.000548819 -0.24348)
(0.000134237 -0.00093567 -0.247009)
(-0.000571037 -0.000923559 -0.253668)
(-0.000185843 -0.000950318 -0.244536)
(0.0011572 -0.000564718 -0.245717)
(0.000153251 -0.000934152 -0.249146)
(-0.000585379 -0.000918361 -0.255669)
(-0.000202224 -0.000964471 -0.246485)
(0.00117768 -0.000564236 -0.247742)
(0.000182178 -0.000929514 -0.251176)
(-0.00060563 -0.000925662 -0.257712)
(-0.00023169 -0.00098782 -0.248281)
(0.0011938 -0.000561199 -0.249647)
(0.000218816 -0.000939067 -0.25306)
(-0.000633403 -0.000938355 -0.25977)
(-0.000251343 -0.0010091 -0.250054)
(0.00121698 -0.000559883 -0.251511)
(0.000249368 -0.000949168 -0.254894)
(-0.000652572 -0.000929123 -0.261648)
(-0.000264807 -0.00102637 -0.251855)
(0.00125701 -0.00057145 -0.253359)
(0.000264683 -0.000948929 -0.256753)
(-0.000649526 -0.000925511 -0.263465)
(-0.000271425 -0.00104412 -0.253682)
(0.00129793 -0.00058301 -0.255206)
(0.000282365 -0.000944032 -0.258537)
(-0.000625877 -0.000945588 -0.2653)
(-0.000267924 -0.0010471 -0.255537)
(0.0013291 -0.00060582 -0.257082)
(0.000302962 -0.00094025 -0.260243)
(-0.000619087 -0.000950181 -0.267036)
(-0.000270591 -0.00105347 -0.25728)
(0.00135013 -0.000619599 -0.258871)
(0.00032522 -0.000942076 -0.261865)
(-0.000633228 -0.000936121 -0.268635)
(-0.000283592 -0.00108044 -0.258861)
(0.00136461 -0.000611612 -0.260533)
(0.000346224 -0.000946044 -0.263423)
(-0.000641811 -0.000938296 -0.270222)
(-0.000289743 -0.00111272 -0.260356)
(0.00137498 -0.000610074 -0.262121)
(0.000363531 -0.000942641 -0.264972)
(-0.000632522 -0.000944348 -0.271735)
(-0.000291467 -0.00113143 -0.261791)
(0.00138502 -0.000623789 -0.263652)
(0.000372907 -0.000935789 -0.266535)
(-0.000612358 -0.000943308 -0.273157)
(-0.000288447 -0.00113219 -0.263204)
(0.00139171 -0.000633921 -0.265156)
(0.000370261 -0.00093281 -0.268084)
(-0.000599185 -0.000941782 -0.27448)
(-0.00028815 -0.00114344 -0.264547)
(0.00138821 -0.000656209 -0.266656)
(0.000363409 -0.000935113 -0.269619)
(-0.000604969 -0.000938256 -0.275723)
(-0.000289282 -0.00117437 -0.265816)
(0.00137921 -0.000663479 -0.268017)
(0.000369384 -0.000942673 -0.271083)
(-0.000622311 -0.000938657 -0.276936)
(-0.000281636 -0.00120192 -0.267069)
(0.00138114 -0.000665217 -0.269245)
(0.000369169 -0.000939471 -0.272545)
(-0.00063454 -0.000940444 -0.278071)
(-0.000266846 -0.00120972 -0.268309)
(0.00139746 -0.000664237 -0.27044)
(0.000349097 -0.000909406 -0.274098)
(-0.000633862 -0.000945755 -0.279161)
(-0.000257023 -0.00122118 -0.269452)
(0.00141979 -0.00065971 -0.271611)
(0.000342068 -0.000897598 -0.275468)
(-0.000629492 -0.000936065 -0.280258)
(-0.000244654 -0.00124307 -0.270501)
(0.00143642 -0.000674324 -0.272877)
(0.000352197 -0.000913735 -0.27661)
(-0.000625035 -0.000931274 -0.281382)
(-0.000234006 -0.00126975 -0.271434)
(0.00144971 -0.000710481 -0.274175)
(0.000354171 -0.000923553 -0.277692)
(-0.000622024 -0.000943121 -0.282362)
(-0.000228859 -0.00128451 -0.272289)
(0.00145408 -0.000721318 -0.275307)
(0.000354741 -0.000910816 -0.278715)
(-0.000612242 -0.000939078 -0.28312)
(-0.000225794 -0.0012976 -0.273062)
(0.00145864 -0.000705919 -0.276194)
(0.000359621 -0.000894126 -0.279673)
(-0.000593996 -0.000925647 -0.283774)
(-0.000227139 -0.00132044 -0.273714)
(0.0014568 -0.000699667 -0.277018)
(0.000370647 -0.000888542 -0.280533)
(-0.000566664 -0.000926799 -0.284443)
(-0.00023124 -0.0013452 -0.27426)
(0.00144176 -0.000722886 -0.277885)
(0.000376661 -0.00088782 -0.281314)
(-0.000545873 -0.000930605 -0.285038)
(-0.000231018 -0.00136425 -0.274756)
(0.0014178 -0.000745284 -0.278663)
(0.000362661 -0.000894014 -0.282083)
(-0.000535928 -0.000922039 -0.285475)
(-0.000224066 -0.00137663 -0.275223)
(0.00139537 -0.000740289 -0.279274)
(0.000342954 -0.000883679 -0.282785)
(-0.000524954 -0.000915068 -0.285819)
(-0.000215866 -0.00138518 -0.275619)
(0.00137466 -0.000739263 -0.279805)
(0.000335623 -0.000858004 -0.283386)
(-0.000504864 -0.000923446 -0.286144)
(-0.000214845 -0.00140159 -0.27589)
(0.0013508 -0.000754349 -0.280307)
(0.00035684 -0.000855905 -0.283799)
(-0.000477003 -0.000917681 -0.286399)
(-0.000217232 -0.00142237 -0.276034)
(0.00132792 -0.00076025 -0.280678)
(0.000394454 -0.000855919 -0.284064)
(-0.000447911 -0.000901606 -0.286551)
(-0.000213054 -0.00143291 -0.276095)
(0.00129797 -0.000761355 -0.280941)
(0.000410847 -0.000850102 -0.284292)
(-0.000415587 -0.000903293 -0.286647)
(-0.000210249 -0.00145215 -0.276062)
(0.00126965 -0.000766941 -0.28108)
(0.000405101 -0.000837521 -0.284496)
(-0.00038907 -0.000904609 -0.286606)
(-0.000202112 -0.00147577 -0.275993)
(0.00124237 -0.000775787 -0.281142)
(0.000405776 -0.00082334 -0.284586)
(-0.000369921 -0.00090065 -0.286408)
(-0.00018669 -0.00147743 -0.275864)
(0.00121859 -0.0007809 -0.281102)
(0.000430409 -0.000801284 -0.284486)
(-0.000353549 -0.000897152 -0.286013)
(-0.000184866 -0.00145223 -0.275523)
(0.00119709 -0.000787889 -0.280955)
(0.000475737 -0.00079184 -0.284212)
(0.000107914 -6.39112e-07 -0.00470677)
(1.39467e-05 -4.26603e-07 -0.00402703)
(-9.55578e-05 -4.85761e-07 -0.00480489)
(-2.03505e-05 -6.22238e-07 -0.00450594)
(0.000299291 -2.59719e-06 -0.0142215)
(3.21433e-05 -2.36271e-06 -0.0123276)
(-0.000262707 -2.5853e-06 -0.0145121)
(-5.07236e-05 -3.57475e-06 -0.013701)
(0.000459447 -7.98245e-06 -0.0238625)
(4.05027e-05 -6.62496e-06 -0.0208845)
(-0.000398864 -7.32014e-06 -0.024346)
(-7.08425e-05 -9.98984e-06 -0.0230905)
(0.000597683 -1.39193e-05 -0.0335945)
(4.50642e-05 -1.18872e-05 -0.0296203)
(-0.000513264 -1.3256e-05 -0.0342621)
(-8.68639e-05 -1.81699e-05 -0.0325945)
(0.00072126 -2.16367e-05 -0.0433567)
(4.88179e-05 -1.84938e-05 -0.038461)
(-0.00061307 -2.06999e-05 -0.0441957)
(-0.000101926 -2.83925e-05 -0.0421348)
(0.000830313 -3.00562e-05 -0.0530722)
(5.11889e-05 -2.56389e-05 -0.0473344)
(-0.000698342 -2.88875e-05 -0.0540652)
(-0.000115613 -3.97754e-05 -0.0516359)
(0.000925057 -3.88514e-05 -0.0626621)
(5.16207e-05 -3.29427e-05 -0.0561627)
(-0.000769286 -3.7443e-05 -0.0637887)
(-0.000127486 -5.18943e-05 -0.0610218)
(0.00100579 -4.7708e-05 -0.0720455)
(4.96893e-05 -4.01375e-05 -0.0648631)
(-0.000826273 -4.60982e-05 -0.0732847)
(-0.000137165 -6.44331e-05 -0.0702167)
(0.001073 -5.63979e-05 -0.0811411)
(4.51451e-05 -4.70246e-05 -0.0733509)
(-0.000869892 -5.46625e-05 -0.0824734)
(-0.00014436 -7.71557e-05 -0.0791453)
(0.00112742 -6.46875e-05 -0.0898757)
(3.79308e-05 -5.34307e-05 -0.081548)
(-0.000900981 -6.29117e-05 -0.0912835)
(-0.000148915 -8.98625e-05 -0.0877392)
(0.00116994 -7.24597e-05 -0.0981984)
(2.81569e-05 -5.92515e-05 -0.0893953)
(-0.000920684 -7.07148e-05 -0.0996657)
(-0.000150766 -0.000102358 -0.0959479)
(0.00120178 -7.97133e-05 -0.106089)
(1.59428e-05 -6.44059e-05 -0.0968617)
(-0.000930488 -7.81296e-05 -0.1076)
(-0.000149909 -0.000114443 -0.103746)
(0.00122445 -8.64074e-05 -0.113553)
(1.36645e-06 -6.87347e-05 -0.103944)
(-0.000931966 -8.51402e-05 -0.115096)
(-0.000146505 -0.000125979 -0.111138)
(0.00123946 -9.23097e-05 -0.120612)
(-1.53241e-05 -7.2086e-05 -0.110663)
(-0.000926667 -9.15422e-05 -0.122181)
(-0.000140918 -0.000136894 -0.118148)
(0.00124817 -9.71902e-05 -0.127297)
(-3.36425e-05 -7.43962e-05 -0.117048)
(-0.000915967 -9.71015e-05 -0.128891)
(-0.000133571 -0.000147105 -0.124806)
(0.00125159 -0.000100992 -0.133636)
(-5.3068e-05 -7.56676e-05 -0.12313)
(-0.000900708 -0.000101764 -0.135261)
(-0.000124723 -0.000156484 -0.131142)
(0.00125046 -0.000103731 -0.13966)
(-7.32925e-05 -7.58391e-05 -0.128939)
(-0.000881436 -0.00010558 -0.141318)
(-0.00011441 -0.000164899 -0.137182)
(0.00124548 -0.000105383 -0.145391)
(-9.42255e-05 -7.47845e-05 -0.134496)
(-0.000858688 -0.000108514 -0.147087)
(-0.000102644 -0.00017227 -0.142947)
(0.00123723 -0.00010588 -0.150852)
(-0.000115813 -7.24257e-05 -0.139822)
(-0.000832984 -0.000110501 -0.152589)
(-8.95336e-05 -0.000178561 -0.148456)
(0.0012262 -0.000105216 -0.15606)
(-0.000137941 -6.87423e-05 -0.144934)
(-0.000804801 -0.000111513 -0.157845)
(-7.52316e-05 -0.00018373 -0.153728)
(0.00121283 -0.000103396 -0.161033)
(-0.000160446 -6.3743e-05 -0.149849)
(-0.000774531 -0.000111573 -0.162873)
(-5.99381e-05 -0.000187718 -0.158778)
(0.00119746 -0.000100298 -0.165783)
(-0.00018315 -5.74371e-05 -0.154579)
(-0.000742519 -0.000110717 -0.167687)
(-4.39436e-05 -0.000190592 -0.163619)
(0.0011804 -9.60374e-05 -0.170329)
(-0.000205931 -4.98798e-05 -0.159134)
(-0.000709068 -0.000108965 -0.172301)
(-2.75904e-05 -0.000192351 -0.168261)
(0.00116206 -9.06785e-05 -0.174686)
(-0.000228716 -4.1096e-05 -0.163523)
(-0.00067439 -0.000106328 -0.176726)
(-1.11809e-05 -0.000193034 -0.172713)
(0.00114298 -8.41077e-05 -0.178874)
(-0.000251378 -3.12529e-05 -0.167755)
(-0.000638752 -0.000102895 -0.180972)
(5.1242e-06 -0.000192864 -0.176987)
(0.00112358 -7.65102e-05 -0.182908)
(-0.000273758 -2.04112e-05 -0.171841)
(-0.000602498 -9.88029e-05 -0.185053)
(2.13402e-05 -0.000191761 -0.181095)
(0.00110372 -6.80976e-05 -0.186796)
(-0.00029575 -8.61123e-06 -0.175793)
(-0.00056602 -9.40555e-05 -0.188982)
(3.76394e-05 -0.00018967 -0.18505)
(0.00108265 -5.86831e-05 -0.190542)
(-0.000317199 4.06076e-06 -0.179621)
(-0.000529509 -8.84619e-05 -0.192774)
(5.41844e-05 -0.000186634 -0.188862)
(0.00105992 -4.82311e-05 -0.194156)
(-0.00033786 1.77292e-05 -0.183334)
(-0.000492563 -8.21961e-05 -0.196439)
(7.08386e-05 -0.000182905 -0.192537)
(0.00103564 -3.69588e-05 -0.19765)
(-0.000357562 3.2494e-05 -0.186937)
(-0.00045487 -7.58421e-05 -0.199984)
(8.72129e-05 -0.000178607 -0.196076)
(0.00100965 -2.46773e-05 -0.201026)
(-0.000376447 4.80419e-05 -0.190428)
(-0.00041602 -6.93397e-05 -0.20342)
(0.000102642 -0.000173171 -0.199484)
(0.000981747 -1.15341e-05 -0.204287)
(-0.000395037 6.37628e-05 -0.193806)
(-0.000375155 -6.18045e-05 -0.20676)
(0.00011613 -0.000166693 -0.202769)
(0.000952152 1.9798e-06 -0.207446)
(-0.000413646 7.91563e-05 -0.197079)
(-0.000331958 -5.29109e-05 -0.210016)
(0.000126743 -0.00016036 -0.205936)
(0.000921563 1.55315e-05 -0.210532)
(-0.000432249 9.49959e-05 -0.200261)
(-0.000287051 -4.35251e-05 -0.213192)
(0.000134793 -0.000154753 -0.208997)
(0.000892988 3.02943e-05 -0.213535)
(-0.000450522 0.000112459 -0.203364)
(-0.000242291 -3.46138e-05 -0.216274)
(0.000141756 -0.000148388 -0.211971)
(0.000868918 4.65741e-05 -0.216441)
(-0.000466819 0.000130817 -0.206383)
(-0.000198847 -2.7756e-05 -0.219246)
(0.000149553 -0.000139561 -0.214874)
(0.000848611 6.32929e-05 -0.219279)
(-0.000479503 0.000148476 -0.209311)
(-0.000158313 -2.02104e-05 -0.222095)
(0.000158227 -0.000129796 -0.217695)
(0.000829134 7.82768e-05 -0.222088)
(-0.000488986 0.000164583 -0.212162)
(-0.000122621 -9.31804e-06 -0.224817)
(0.000165961 -0.000121775 -0.220418)
(0.000806622 9.33826e-05 -0.224846)
(-0.000497724 0.000181411 -0.214956)
(-9.11944e-05 3.62977e-06 -0.227436)
(0.000172575 -0.000114925 -0.223049)
(0.000779456 0.000111291 -0.227498)
(-0.000507145 0.000200292 -0.217684)
(-5.84284e-05 1.41678e-05 -0.229973)
(0.000176484 -0.000107791 -0.225598)
(0.0007471 0.000128799 -0.230032)
(-0.000515742 0.000219917 -0.220311)
(-1.78058e-05 1.87315e-05 -0.232444)
(0.000176833 -9.86415e-05 -0.228046)
(0.000710345 0.000144349 -0.232457)
(-0.000522163 0.000235385 -0.222821)
(2.61304e-05 2.4959e-05 -0.234853)
(0.000174814 -8.92414e-05 -0.230387)
(0.000668794 0.000159071 -0.234786)
(-0.000526603 0.000249339 -0.225252)
(6.67233e-05 3.34759e-05 -0.237213)
(0.000170908 -8.04276e-05 -0.23264)
(0.000625111 0.000174169 -0.237036)
(-0.000528646 0.000264668 -0.227646)
(0.000101213 4.67406e-05 -0.239526)
(0.000165116 -7.36843e-05 -0.234815)
(0.000585737 0.000192352 -0.239186)
(-0.000529811 0.000281911 -0.230003)
(0.000132841 5.33997e-05 -0.241786)
(0.000158403 -6.8534e-05 -0.236918)
(0.000551578 0.00020639 -0.241287)
(-0.000532368 0.000299103 -0.23227)
(0.000164481 5.55068e-05 -0.243979)
(0.000150144 -6.29813e-05 -0.23897)
(0.000519921 0.000212372 -0.243388)
(-0.000534348 0.000314016 -0.234432)
(0.000195499 5.93837e-05 -0.246096)
(0.00014177 -5.50068e-05 -0.240983)
(0.00048477 0.000218661 -0.24544)
(-0.000532565 0.000325875 -0.236506)
(0.000226689 6.59398e-05 -0.248106)
(0.000134011 -4.61726e-05 -0.242939)
(0.000451728 0.000235137 -0.247367)
(-0.000527626 0.00033443 -0.238521)
(0.000258186 7.2321e-05 -0.250016)
(0.000124206 -3.93154e-05 -0.244815)
(0.000422138 0.000252567 -0.24921)
(-0.000522683 0.000342394 -0.240515)
(0.000288523 7.75057e-05 -0.251847)
(0.000109868 -3.39226e-05 -0.246615)
(0.000395004 0.00026375 -0.251032)
(-0.000516693 0.00035331 -0.242529)
(0.000315125 7.92959e-05 -0.253649)
(8.8524e-05 -3.03367e-05 -0.248352)
(0.00036839 0.000266439 -0.252821)
(-0.000506834 0.000365996 -0.244549)
(0.00033765 8.17197e-05 -0.255416)
(6.27361e-05 -2.42528e-05 -0.250051)
(0.000343683 0.000271589 -0.25456)
(-0.000496187 0.000376629 -0.246485)
(0.000358313 8.31593e-05 -0.257129)
(3.894e-05 -1.7282e-05 -0.251723)
(0.000323057 0.000285017 -0.256288)
(-0.000485735 0.000384199 -0.24834)
(0.000378837 8.49799e-05 -0.2588)
(1.99207e-05 -1.41042e-05 -0.25337)
(0.000310435 0.000296971 -0.258009)
(-0.00047195 0.000388102 -0.250141)
(0.000397809 8.93481e-05 -0.260425)
(1.34598e-06 -1.12512e-05 -0.25498)
(0.000293929 0.000303663 -0.259656)
(-0.000456293 0.000393975 -0.251902)
(0.000410696 9.11384e-05 -0.261998)
(-1.67361e-05 -5.58373e-06 -0.256505)
(0.00027109 0.000308162 -0.261201)
(-0.000442405 0.000403669 -0.253653)
(0.000419155 8.80513e-05 -0.263565)
(-3.15077e-05 -8.21575e-07 -0.25798)
(0.000245657 0.000309687 -0.262706)
(-0.000429459 0.000414055 -0.255387)
(0.000425911 8.59855e-05 -0.265113)
(-4.40378e-05 3.04583e-06 -0.259441)
(0.00022516 0.000314782 -0.264192)
(-0.000422102 0.000416496 -0.257083)
(0.000429653 8.95981e-05 -0.266624)
(-5.85602e-05 6.8444e-06 -0.260868)
(0.000212884 0.000320159 -0.265674)
(-0.000415311 0.000417432 -0.258727)
(0.000431789 8.90105e-05 -0.268085)
(-7.9986e-05 9.9649e-06 -0.262197)
(0.000203965 0.000327247 -0.267096)
(-0.000401775 0.000420587 -0.26031)
(0.000432969 8.86761e-05 -0.269477)
(-0.000105317 1.30321e-05 -0.263411)
(0.000194883 0.000334173 -0.268468)
(-0.000378826 0.000424462 -0.261827)
(0.000434497 9.3219e-05 -0.270821)
(-0.000130568 1.68841e-05 -0.264569)
(0.000185966 0.000337392 -0.26979)
(-0.00035599 0.000425786 -0.263301)
(0.000433643 9.47775e-05 -0.272147)
(-0.000155315 1.85249e-05 -0.265741)
(0.000174862 0.000336424 -0.271065)
(-0.000339024 0.00042729 -0.264763)
(0.000426439 8.64805e-05 -0.27346)
(-0.000177723 1.97747e-05 -0.266958)
(0.000165211 0.00033917 -0.272254)
(-0.000323802 0.000429785 -0.266198)
(0.000417213 8.49357e-05 -0.274716)
(-0.00019833 2.53991e-05 -0.268156)
(0.000156301 0.00034408 -0.273396)
(-0.00030533 0.000429822 -0.267585)
(0.000409484 8.93929e-05 -0.275895)
(-0.00021776 2.90252e-05 -0.269252)
(0.000145095 0.00034876 -0.274548)
(-0.000284447 0.0004276 -0.268944)
(0.000399881 9.05663e-05 -0.277014)
(-0.000236932 3.06611e-05 -0.270225)
(0.000134171 0.000346306 -0.275722)
(-0.000265643 0.000429024 -0.270273)
(0.000386831 8.80545e-05 -0.278066)
(-0.000256402 3.24813e-05 -0.271107)
(0.000128502 0.000342258 -0.27686)
(-0.000247481 0.000430682 -0.271562)
(0.000371716 8.86101e-05 -0.27901)
(-0.000278197 3.47748e-05 -0.27193)
(0.000129976 0.000344105 -0.277899)
(-0.000225217 0.000431702 -0.272802)
(0.000358407 8.73387e-05 -0.279874)
(-0.000299726 3.4761e-05 -0.272726)
(0.000142364 0.000350436 -0.278796)
(-0.000200483 0.000433277 -0.274001)
(0.000345755 8.82111e-05 -0.28065)
(-0.000315373 3.44365e-05 -0.273454)
(0.000153182 0.000353299 -0.279577)
(-0.000179331 0.000434658 -0.275144)
(0.000333462 9.14311e-05 -0.281325)
(-0.00032819 3.71833e-05 -0.27408)
(0.00015458 0.0003508 -0.280297)
(-0.0001691 0.000437672 -0.276195)
(0.000322096 9.35851e-05 -0.281904)
(-0.000343489 4.23976e-05 -0.274582)
(0.000152739 0.000350612 -0.280923)
(-0.000163849 0.000439576 -0.277116)
(0.000309377 9.47008e-05 -0.282395)
(-0.000362978 4.4909e-05 -0.274947)
(0.000146864 0.000349371 -0.281438)
(-0.000157807 0.000438518 -0.277903)
(0.00029505 9.45797e-05 -0.282781)
(-0.000384734 3.88881e-05 -0.275159)
(0.000135184 0.000349011 -0.281817)
(-0.000149251 0.000439913 -0.278582)
(0.000279942 9.80233e-05 -0.283053)
(-0.000400065 3.46835e-05 -0.275252)
(0.000123516 0.000350093 -0.282046)
(-0.000138355 0.000443887 -0.279154)
(0.00026919 0.000105897 -0.283221)
(-0.000403456 3.71981e-05 -0.275244)
(0.000113891 0.000346242 -0.282112)
(-0.000128632 0.000445411 -0.279593)
(0.000272091 0.000107661 -0.283293)
(-0.000395341 4.42827e-05 -0.27506)
(0.000115366 0.000342521 -0.281955)
(-0.000123538 0.000446879 -0.279908)
(0.000295252 9.7157e-05 -0.283235)
(-0.000382854 4.88778e-05 -0.274658)
)
;

boundaryField
{
    leftWall
    {
        type            calculated;
        value           uniform (0 0 0);
    }
    rightWall
    {
        type            calculated;
        value           nonuniform 0();
    }
    leftSides_periodic0
    {
        type            cyclic;
    }
    leftSides_periodic1
    {
        type            cyclic;
    }
    rightSides_periodic0
    {
        type            cyclic;
    }
    rightSides_periodic1
    {
        type            cyclic;
    }
    leftInOut_periodic0
    {
        type            cyclic;
    }
    leftInOut_periodic1
    {
        type            cyclic;
    }
    rightInOut_periodic0
    {
        type            cyclic;
    }
    rightInOut_periodic1
    {
        type            cyclic;
    }
    procBoundary0to1
    {
        type            processor;
        value           nonuniform List<vector> 
11
(
(-0.000338012 -0.000880505 -0.285382)
(-0.00023352 -0.00145609 -0.274704)
(0.00117962 -0.000781989 -0.280616)
(-0.000338012 -0.000880505 -0.285382)
(0.000505514 -0.000794441 -0.283829)
(-0.000338012 -0.000880505 -0.285382)
(-0.00023352 -0.00145609 -0.274704)
(0.000128346 0.00035225 -0.281549)
(-0.000121838 0.000450349 -0.280086)
(0.0003048 9.93993e-05 -0.282919)
(-0.000373568 3.76327e-05 -0.274005)
)
;
    }
    procBoundary0to1throughleftInOut_periodic1
    {
        type            processorCyclic;
        value           uniform (-0.00023352 -0.00145609 -0.274704);
    }
    procBoundary0to2
    {
        type            processor;
        value           nonuniform List<vector> 
316
(
(4.90423e-05 -1.51778e-06 -0.00521789)
(-1.32032e-05 1.06511e-06 -0.00523659)
(-3.40572e-05 -1.5262e-06 -0.00571419)
(8.77607e-06 9.02991e-07 -0.00530664)
(0.000124611 2.23279e-06 -0.0157479)
(-4.57278e-05 7.51583e-06 -0.0158257)
(-8.03363e-05 2.15312e-06 -0.0171808)
(3.24329e-05 6.48264e-06 -0.0159961)
(0.000176197 5.15136e-06 -0.0264198)
(-8.60483e-05 1.92211e-05 -0.0265874)
(-0.000103068 4.4799e-06 -0.0287354)
(6.3733e-05 1.65646e-05 -0.0268127)
(0.000216094 1.35113e-05 -0.0371888)
(-0.000130573 3.47628e-05 -0.0374704)
(-0.000114502 1.21066e-05 -0.0403271)
(9.9143e-05 2.98378e-05 -0.0377116)
(0.000250929 2.342e-05 -0.0479831)
(-0.000176756 5.3151e-05 -0.0483911)
(-0.000121301 2.07639e-05 -0.0518781)
(0.000136145 4.54628e-05 -0.0486123)
(0.000280511 3.56287e-05 -0.05871)
(-0.000224098 7.41565e-05 -0.0592513)
(-0.000123353 3.13438e-05 -0.0632907)
(0.000174284 6.32091e-05 -0.0594171)
(0.00030473 4.97319e-05 -0.0692727)
(-0.000271934 9.74836e-05 -0.0699508)
(-0.000120673 4.34007e-05 -0.0744678)
(0.000212969 8.28294e-05 -0.070031)
(0.000323616 6.55049e-05 -0.0795767)
(-0.000319476 0.000122768 -0.0803939)
(-0.000113432 5.67077e-05 -0.0853178)
(0.000251533 0.00010398 -0.0803668)
(0.00033724 8.26853e-05 -0.0895365)
(-0.000365879 0.000149809 -0.0904955)
(-0.000101868 7.09744e-05 -0.0957599)
(0.000289276 0.00012651 -0.0903497)
(0.000345665 0.000101014 -0.0990852)
(-0.000410388 0.000178403 -0.10019)
(-8.6133e-05 8.5971e-05 -0.105733)
(0.000325592 0.000150344 -0.0999216)
(0.000349222 0.000120405 -0.108183)
(-0.000452189 0.000208128 -0.109437)
(-6.65977e-05 0.000101717 -0.115203)
(0.000360023 0.000175136 -0.109048)
(0.000348969 0.000140864 -0.116815)
(-0.000490495 0.000238611 -0.118226)
(-4.43842e-05 0.000118125 -0.124162)
(0.000392086 0.000200448 -0.117717)
(0.000346424 0.000162191 -0.124991)
(-0.000524878 0.000269918 -0.12657)
(-2.11273e-05 0.000134933 -0.132629)
(0.000421336 0.000226327 -0.12594)
(0.000342936 0.000184133 -0.132733)
(-0.00055509 0.000302269 -0.134489)
(1.72823e-06 0.000152005 -0.14063)
(0.000447365 0.000253119 -0.133735)
(0.000339343 0.000206553 -0.140063)
(-0.000581077 0.000335493 -0.142004)
(2.33647e-05 0.000169303 -0.148191)
(0.000469702 0.000280741 -0.141124)
(0.000335912 0.00022951 -0.147001)
(-0.000603002 0.000369213 -0.149132)
(4.3518e-05 0.000186887 -0.155333)
(0.000488148 0.000308744 -0.148123)
(0.000332918 0.000253007 -0.153561)
(-0.000621053 0.000403282 -0.15589)
(6.19579e-05 0.000204635 -0.162073)
(0.000502726 0.000336951 -0.154748)
(0.000330794 0.000276802 -0.159755)
(-0.000635322 0.000437616 -0.16229)
(7.8347e-05 0.000222297 -0.168427)
(0.000513394 0.000365337 -0.161013)
(0.000329927 0.000300799 -0.165594)
(-0.00064569 0.000471958 -0.168348)
(9.23891e-05 0.000239835 -0.174412)
(0.000520078 0.000393691 -0.16693)
(0.00033079 0.000324684 -0.171092)
(-0.000651959 0.000506311 -0.174076)
(0.000103929 0.000257488 -0.18005)
(0.000522837 0.000421762 -0.172514)
(0.000333574 0.000347711 -0.176271)
(-0.000653847 0.000540937 -0.179488)
(0.00011273 0.000274919 -0.18536)
(0.000522107 0.00044969 -0.177781)
(0.000338409 0.000370585 -0.181157)
(-0.000651019 0.000575389 -0.184602)
(0.000118405 0.000291667 -0.190364)
(0.000518316 0.000477514 -0.182752)
(0.000344981 0.000394376 -0.18578)
(-0.000643158 0.000608922 -0.18944)
(0.000120982 0.000307636 -0.195078)
(0.000511383 0.000504722 -0.187443)
(0.000351239 0.000418816 -0.190167)
(-0.000630568 0.000641169 -0.19402)
(0.000121301 0.000323651 -0.199522)
(0.000500432 0.000530559 -0.191867)
(0.000354524 0.000441729 -0.194329)
(-0.000614715 0.000673784 -0.198351)
(0.000120076 0.000339484 -0.203708)
(0.000484166 0.000555806 -0.19603)
(0.000355258 0.000461597 -0.19827)
(-0.000596844 0.000707908 -0.202438)
(0.000117324 0.000354128 -0.207651)
(0.000463168 0.000582227 -0.199954)
(0.000358892 0.000479753 -0.201999)
(-0.000576842 0.000740265 -0.206307)
(0.000114369 0.000368268 -0.211377)
(0.000440435 0.000608858 -0.203678)
(0.00036966 0.000498566 -0.205546)
(-0.000552834 0.000769528 -0.209993)
(0.000113311 0.000382734 -0.214937)
(0.000419091 0.000632172 -0.207248)
(0.00038647 0.000521724 -0.208939)
(-0.000524734 0.000796695 -0.213525)
(0.000116594 0.000397287 -0.218379)
(0.000400204 0.000651213 -0.210677)
(0.000404281 0.000544775 -0.212166)
(-0.00049658 0.000826258 -0.216901)
(0.000122782 0.000409103 -0.221717)
(0.000381257 0.000670073 -0.21393)
(0.000418304 0.000561936 -0.21521)
(-0.000473528 0.000858611 -0.220104)
(0.000127696 0.00041856 -0.224933)
(0.000360186 0.000691457 -0.216991)
(0.000425048 0.000572188 -0.218119)
(-0.000455755 0.000887155 -0.223154)
(0.000130938 0.000427856 -0.227975)
(0.000338929 0.000715959 -0.219876)
(0.000426669 0.000582353 -0.220975)
(-0.000438275 0.000911381 -0.226071)
(0.000131002 0.000438515 -0.230862)
(0.000314342 0.000735923 -0.222635)
(0.000426041 0.000602294 -0.223793)
(-0.000417436 0.000934271 -0.228876)
(0.00013031 0.000449482 -0.233663)
(0.000283551 0.000753126 -0.225297)
(0.000425069 0.000624117 -0.226518)
(-0.000394463 0.000960582 -0.231568)
(0.000133343 0.000460047 -0.236392)
(0.000249969 0.000769862 -0.227849)
(0.000428253 0.000637902 -0.229094)
(-0.000368583 0.00098454 -0.234149)
(0.000140955 0.000468549 -0.239007)
(0.000216517 0.000784489 -0.230281)
(0.000437099 0.000642455 -0.231523)
(-0.000340414 0.00100651 -0.236603)
(0.000142627 0.000477761 -0.241475)
(0.000184234 0.000799638 -0.232628)
(0.000450515 0.000649828 -0.233851)
(-0.000308639 0.00103104 -0.238905)
(0.000140239 0.000480798 -0.243789)
(0.00015195 0.000813868 -0.234936)
(0.000461864 0.000663687 -0.236104)
(-0.000274245 0.00105369 -0.241104)
(0.000136725 0.000479883 -0.245984)
(0.000119583 0.000832679 -0.237099)
(0.000468061 0.000674445 -0.238258)
(-0.000239116 0.00107535 -0.243246)
(0.00013696 0.000486056 -0.248109)
(8.29623e-05 0.000847387 -0.239111)
(0.000478013 0.000681533 -0.240307)
(-0.000202832 0.00109428 -0.245326)
(0.000140829 0.000498801 -0.250169)
(4.54765e-05 0.000854301 -0.241009)
(0.000496062 0.00068398 -0.242262)
(-0.000169992 0.00111302 -0.247314)
(0.000145394 0.000505555 -0.25214)
(1.30579e-05 0.000866585 -0.242793)
(0.000514327 0.000691501 -0.244155)
(-0.000135297 0.00113088 -0.24921)
(0.000149105 0.000504594 -0.254004)
(-1.47474e-05 0.000884287 -0.244511)
(0.000526864 0.000697073 -0.245995)
(-0.000103176 0.00114625 -0.25103)
(0.000144404 0.000503609 -0.255766)
(-4.22062e-05 0.00089931 -0.246224)
(0.000534242 0.000699801 -0.247766)
(-7.09754e-05 0.00116406 -0.252744)
(0.000136235 0.000512277 -0.257471)
(-6.77973e-05 0.000901424 -0.247973)
(0.000540202 0.000707544 -0.249463)
(-3.83673e-05 0.00118327 -0.254359)
(0.000128449 0.00051973 -0.259116)
(-8.69568e-05 0.000904011 -0.249657)
(0.000553571 0.0007097 -0.251039)
(-5.21707e-06 0.00120302 -0.255933)
(0.00012174 0.000517849 -0.260683)
(-0.000109472 0.000917351 -0.251182)
(0.000568358 0.000712611 -0.252546)
(2.5615e-05 0.00121733 -0.257521)
(0.000115369 0.000517549 -0.262221)
(-0.000135738 0.00093212 -0.252606)
(0.000576232 0.000712517 -0.254064)
(5.1405e-05 0.00122897 -0.259114)
(0.000109688 0.000522443 -0.263729)
(-0.000160681 0.000943897 -0.254005)
(0.000574417 0.000707241 -0.255639)
(7.22048e-05 0.00124356 -0.260588)
(0.000103784 0.000526543 -0.265206)
(-0.000180034 0.000948314 -0.255428)
(0.000578068 0.00071341 -0.257206)
(9.25488e-05 0.00126124 -0.261958)
(9.68176e-05 0.000530453 -0.266638)
(-0.000194854 0.000949003 -0.256884)
(0.000588219 0.00072005 -0.25869)
(0.000116557 0.00128032 -0.263303)
(9.25134e-05 0.000535372 -0.26804)
(-0.000210372 0.000957896 -0.258287)
(0.000601621 0.00072089 -0.260119)
(0.00014668 0.00129444 -0.264662)
(8.91988e-05 0.000534575 -0.269384)
(-0.000225589 0.000974381 -0.259612)
(0.000615584 0.000710623 -0.261511)
(0.000181798 0.00130571 -0.265994)
(8.47514e-05 0.000530015 -0.270646)
(-0.00023855 0.000985868 -0.260909)
(0.000634039 0.000707387 -0.262868)
(0.000215501 0.00131709 -0.267293)
(8.0908e-05 0.000528065 -0.271855)
(-0.000248714 0.0009828 -0.262205)
(0.000654191 0.000715511 -0.264237)
(0.000241261 0.00132742 -0.268585)
(8.21187e-05 0.000542609 -0.27311)
(-0.000257417 0.000979433 -0.263469)
(0.000672403 0.000718353 -0.265606)
(0.000252644 0.00134609 -0.269836)
(8.5477e-05 0.000560507 -0.274383)
(-0.000259359 0.000988268 -0.264651)
(0.000686764 0.000712446 -0.266907)
(0.000254829 0.00136517 -0.271106)
(8.12745e-05 0.000551593 -0.27549)
(-0.000259098 0.00100571 -0.265762)
(0.000696783 0.000712507 -0.268161)
(0.000262643 0.00137721 -0.272319)
(7.07004e-05 0.000543182 -0.276544)
(-0.000261591 0.00101257 -0.266841)
(0.000704516 0.00070943 -0.269324)
(0.000277084 0.00138456 -0.273456)
(5.89072e-05 0.000551259 -0.277671)
(-0.000268905 0.00101377 -0.267921)
(0.00071071 0.000701007 -0.270416)
(0.000292215 0.00139937 -0.274507)
(5.79345e-05 0.000558839 -0.27879)
(-0.000276946 0.00102223 -0.268946)
(0.000721026 0.000701155 -0.271452)
(0.000305023 0.00142026 -0.27554)
(5.47833e-05 0.000559262 -0.279785)
(-0.000287193 0.00102653 -0.269892)
(0.000736332 0.000695094 -0.272435)
(0.000315998 0.00143484 -0.276581)
(4.49734e-05 0.000562603 -0.280655)
(-0.000293417 0.0010307 -0.270825)
(0.000754312 0.000690349 -0.27346)
(0.000326736 0.00144672 -0.277566)
(3.51803e-05 0.000567789 -0.281462)
(-0.00028566 0.00103797 -0.271714)
(0.000771666 0.000700927 -0.27457)
(0.000334931 0.00145987 -0.278548)
(3.37628e-05 0.000569363 -0.282214)
(-0.000273349 0.0010415 -0.272534)
(0.000786713 0.000696572 -0.275554)
(0.000337636 0.00147486 -0.279504)
(4.08256e-05 0.00057057 -0.282942)
(-0.000270658 0.00104104 -0.27322)
(0.000795203 0.000689349 -0.276461)
(0.000337723 0.00149347 -0.280475)
(5.4159e-05 0.000569592 -0.283672)
(-0.000272407 0.00104628 -0.273757)
(0.000795926 0.000688188 -0.277344)
(0.000344558 0.00150679 -0.281369)
(5.89412e-05 0.000575445 -0.284312)
(-0.000273571 0.00105909 -0.274218)
(0.00079383 0.000678143 -0.27819)
(0.000357289 0.00151867 -0.282237)
(5.79617e-05 0.000581508 -0.284852)
(-0.000269627 0.00105923 -0.27472)
(0.000794531 0.000674051 -0.279019)
(0.000372677 0.00153421 -0.283133)
(5.55752e-05 0.000579439 -0.285269)
(-0.000263912 0.00105164 -0.275165)
(0.000798339 0.000679061 -0.279747)
(0.000386672 0.00154336 -0.283866)
(5.849e-05 0.000582756 -0.285651)
(-0.000257361 0.00105025 -0.275458)
(0.000805515 0.000677943 -0.280295)
(0.000395114 0.00156478 -0.284357)
(7.48414e-05 0.000591954 -0.286022)
(-0.000257278 0.00105183 -0.275607)
(0.000807223 0.000665685 -0.280689)
(0.000405046 0.00157824 -0.284764)
(9.50538e-05 0.000596272 -0.286275)
(-0.00025613 0.00105822 -0.275689)
(0.000801235 0.000659856 -0.280993)
(0.000422183 0.0015853 -0.285133)
(0.00011113 0.00058465 -0.286361)
(-0.000255195 0.00105443 -0.275707)
(0.00079004 0.000655673 -0.281263)
(0.000438787 0.00159338 -0.285416)
(0.000121132 0.000586513 -0.286396)
(-0.000251867 0.00104762 -0.275656)
(0.000776595 0.000650236 -0.281448)
(0.000450696 0.00160868 -0.285575)
(0.000132021 0.00059952 -0.286385)
(-0.000252165 0.00104399 -0.275507)
(0.0007562 0.000641296 -0.281509)
(0.000460351 0.00162275 -0.285622)
(0.000144965 0.000603451 -0.286224)
(-0.00025095 0.00103859 -0.275225)
(0.000728656 0.000634888 -0.281407)
(0.000469414 0.00162221 -0.285543)
(0.000161427 0.000605747 -0.28586)
(-0.000245398 0.00102313 -0.274736)
(0.000698869 0.000641681 -0.28116)
(0.000478056 0.0016147 -0.285262)
(0.000175082 0.000623091 -0.285256)
(-0.000239193 0.00101438 -0.273912)
)
;
    }
    procBoundary0to2throughleftSides_periodic0
    {
        type            processorCyclic;
        value           nonuniform List<vector> 
314
(
(0.000221697 -3.137e-07 -0.00749457)
(0.000584849 4.18644e-06 -0.0216858)
(0.000857354 9.50701e-06 -0.0352475)
(0.00107682 1.81299e-05 -0.0481741)
(0.00126921 2.74885e-05 -0.0604839)
(0.00143566 3.78014e-05 -0.0721919)
(0.00157744 4.87614e-05 -0.0833116)
(0.00169578 6.00548e-05 -0.0938509)
(0.00179194 7.14584e-05 -0.10381)
(0.00186736 8.27647e-05 -0.113183)
(0.00192393 9.37832e-05 -0.12197)
(0.00196401 0.000104462 -0.130181)
(0.00198999 0.000114676 -0.137838)
(0.00200372 0.000124237 -0.144979)
(0.00200655 0.000133015 -0.151641)
(0.00199966 0.000140947 -0.157855)
(0.00198428 0.000148014 -0.163648)
(0.0019616 0.000154169 -0.169044)
(0.0019327 0.000159351 -0.174066)
(0.00189865 0.000163487 -0.178737)
(0.0018605 0.000166517 -0.183084)
(0.00181936 0.0001684 -0.187136)
(0.00177623 0.000169256 -0.190917)
(0.00173205 0.000169178 -0.194457)
(0.00168747 0.000168189 -0.197784)
(0.00164278 0.000166305 -0.200924)
(0.00159795 0.00016352 -0.203902)
(0.00155288 0.000159863 -0.206736)
(0.00150757 0.000155359 -0.209444)
(0.00146214 0.000150034 -0.21204)
(0.00141673 0.00014398 -0.214535)
(0.00137145 0.000137277 -0.216939)
(0.00132632 0.000129893 -0.219263)
(0.00128128 0.000121784 -0.221513)
(0.0012363 0.000112919 -0.223699)
(0.00119146 0.000103315 -0.225828)
(0.00114683 9.33612e-05 -0.227906)
(0.00110238 8.33886e-05 -0.229939)
(0.0010583 7.28766e-05 -0.231935)
(0.00101554 6.18074e-05 -0.233904)
(0.0009748 5.10348e-05 -0.235852)
(0.000935776 4.17757e-05 -0.237767)
(0.00089742 3.28212e-05 -0.239651)
(0.000859771 2.25565e-05 -0.241509)
(0.000823968 1.34689e-05 -0.243344)
(0.000790628 5.82572e-06 -0.245154)
(0.000759248 -1.31831e-06 -0.246943)
(0.000729188 -8.26717e-06 -0.248712)
(0.000699421 -1.44107e-05 -0.250447)
(0.000670465 -1.77085e-05 -0.252152)
(0.000642614 -2.22704e-05 -0.253826)
(0.000614975 -2.83747e-05 -0.255465)
(0.000589084 -3.48982e-05 -0.257078)
(0.000565742 -3.87793e-05 -0.258661)
(0.000545086 -3.84455e-05 -0.260211)
(0.000523976 -4.26704e-05 -0.261702)
(0.000502989 -4.67824e-05 -0.263142)
(0.000485792 -4.75007e-05 -0.264564)
(0.000472043 -4.82112e-05 -0.265985)
(0.000464505 -5.68505e-05 -0.267408)
(0.000458944 -6.11962e-05 -0.268796)
(0.000453439 -5.76861e-05 -0.270126)
(0.00044792 -5.39771e-05 -0.271412)
(0.000445853 -5.5739e-05 -0.272664)
(0.000448049 -6.10415e-05 -0.273886)
(0.000450667 -6.32933e-05 -0.275036)
(0.000446121 -6.24338e-05 -0.276102)
(0.0004361 -6.10938e-05 -0.277114)
(0.000428189 -6.55374e-05 -0.278065)
(0.000428864 -6.69426e-05 -0.278949)
(0.000430944 -6.34632e-05 -0.279731)
(0.000428965 -6.34427e-05 -0.280399)
(0.00041956 -6.98167e-05 -0.280949)
(0.000407536 -7.40523e-05 -0.2814)
(0.000391495 -7.43438e-05 -0.28175)
(0.000371937 -7.78765e-05 -0.281971)
(0.000349869 -8.33162e-05 -0.282066)
(0.000326607 -8.50355e-05 -0.282052)
(0.000304812 -8.80848e-05 -0.281897)
(-4.89293e-05 1.43795e-07 -0.00742516)
(-0.000144857 6.90839e-06 -0.0214112)
(-0.000239789 1.59389e-05 -0.0347112)
(-0.000331452 2.97937e-05 -0.0473817)
(-0.000418589 4.49335e-05 -0.0594555)
(-0.000500762 6.17908e-05 -0.0709483)
(-0.00057747 7.9895e-05 -0.0818717)
(-0.000648176 9.88476e-05 -0.0922308)
(-0.000712352 0.000118306 -0.102022)
(-0.000769525 0.000138078 -0.111238)
(-0.00081931 0.000157925 -0.119875)
(-0.00086154 0.000177422 -0.12794)
(-0.000896428 0.000196214 -0.135456)
(-0.000924462 0.00021423 -0.142456)
(-0.000946275 0.000231496 -0.148976)
(-0.0009625 0.000247867 -0.155045)
(-0.000973639 0.000263079 -0.160691)
(-0.000980129 0.000277038 -0.165939)
(-0.000982398 0.000289737 -0.170815)
(-0.000980849 0.000301124 -0.175347)
(-0.00097583 0.000311096 -0.179564)
(-0.00096763 0.000319593 -0.183494)
(-0.000956493 0.000326648 -0.187166)
(-0.000942657 0.000332348 -0.190609)
(-0.000926398 0.000336669 -0.193848)
(-0.000907983 0.000339544 -0.196908)
(-0.000887665 0.000341168 -0.19981)
(-0.000865756 0.00034172 -0.202577)
(-0.000842578 0.000341195 -0.205224)
(-0.000818402 0.000339453 -0.207762)
(-0.000793379 0.000336735 -0.210197)
(-0.000767672 0.00033321 -0.212539)
(-0.000741524 0.000328921 -0.214799)
(-0.000715164 0.000323807 -0.216986)
(-0.000688805 0.000317924 -0.21911)
(-0.000662635 0.000311538 -0.221178)
(-0.000636747 0.000304594 -0.223195)
(-0.000611267 0.00029691 -0.225166)
(-0.000586384 0.000289009 -0.227098)
(-0.000562192 0.000281263 -0.229002)
(-0.000538644 0.00027312 -0.230885)
(-0.000515507 0.000263958 -0.232737)
(-0.000493055 0.000254347 -0.234562)
(-0.000472039 0.00024516 -0.236359)
(-0.000452204 0.000237081 -0.238127)
(-0.000433351 0.000230032 -0.23987)
(-0.000415517 0.000223147 -0.241591)
(-0.000398642 0.000215826 -0.243294)
(-0.000382543 0.000207164 -0.244981)
(-0.000367027 0.000199191 -0.246644)
(-0.000352375 0.000192817 -0.248282)
(-0.000338857 0.000189919 -0.249898)
(-0.00032641 0.000188309 -0.251504)
(-0.000314196 0.000181851 -0.253119)
(-0.000300623 0.000171274 -0.254752)
(-0.000285786 0.00016304 -0.256375)
(-0.000273837 0.00016065 -0.25796)
(-0.000265972 0.000158965 -0.259497)
(-0.000260361 0.00015477 -0.261)
(-0.00025531 0.000154285 -0.26248)
(-0.000251715 0.000156682 -0.263949)
(-0.000248473 0.000151307 -0.265427)
(-0.000243878 0.000140555 -0.266897)
(-0.000235642 0.000136259 -0.268305)
(-0.000224655 0.000144038 -0.26965)
(-0.00021809 0.000150979 -0.270956)
(-0.00021773 0.000150734 -0.272229)
(-0.000218703 0.000146086 -0.273469)
(-0.00021714 0.000142469 -0.274621)
(-0.00021164 0.000143178 -0.275616)
(-0.000203618 0.00014539 -0.276493)
(-0.000193496 0.000144081 -0.277292)
(-0.000181392 0.000140357 -0.278001)
(-0.000168402 0.00014118 -0.278581)
(-0.000154836 0.000139047 -0.279029)
(-0.000141094 0.000136 -0.279372)
(-0.000126084 0.000139866 -0.27961)
(-0.000110344 0.000138296 -0.279729)
(-9.49253e-05 0.00013299 -0.279725)
(-0.000198716 -4.64736e-07 -0.00758922)
(-0.000515828 3.8432e-06 -0.0219485)
(-0.000742169 7.32767e-06 -0.0356537)
(-0.000915862 1.43097e-05 -0.0487175)
(-0.0010632 2.08781e-05 -0.0611551)
(-0.00118567 2.78267e-05 -0.0729857)
(-0.00128482 3.47898e-05 -0.0842252)
(-0.00136207 4.15171e-05 -0.0948822)
(-0.00141883 4.78012e-05 -0.104955)
(-0.00145669 5.34944e-05 -0.114436)
(-0.00147769 5.84594e-05 -0.123319)
(-0.00148425 6.2654e-05 -0.131613)
(-0.00147869 6.59952e-05 -0.139339)
(-0.00146306 6.83835e-05 -0.146538)
(-0.00143906 6.97394e-05 -0.153251)
(-0.00140825 7.0013e-05 -0.159512)
(-0.00137206 6.92414e-05 -0.165348)
(-0.00133167 6.74445e-05 -0.170785)
(-0.00128804 6.45875e-05 -0.175848)
(-0.00124189 6.06007e-05 -0.180561)
(-0.00119379 5.53961e-05 -0.184949)
(-0.0011442 4.89933e-05 -0.189038)
(-0.00109362 4.15513e-05 -0.192857)
(-0.00104252 3.32428e-05 -0.196435)
(-0.000991372 2.41823e-05 -0.199802)
(-0.000940585 1.43885e-05 -0.202981)
(-0.000890438 3.8982e-06 -0.205995)
(-0.000841091 -7.22548e-06 -0.208863)
(-0.000792673 -1.89906e-05 -0.211599)
(-0.000745256 -3.13791e-05 -0.214219)
(-0.000698808 -4.43807e-05 -0.216734)
(-0.000653248 -5.79002e-05 -0.219155)
(-0.000608454 -7.19857e-05 -0.221492)
(-0.000564355 -8.63783e-05 -0.223754)
(-0.000521073 -0.000100992 -0.225949)
(-0.000478797 -0.000116195 -0.228085)
(-0.000437464 -0.000131722 -0.230175)
(-0.000396818 -0.000147279 -0.232225)
(-0.00035648 -0.000162382 -0.234231)
(-0.000316883 -0.000177059 -0.236194)
(-0.000278633 -0.000191277 -0.238117)
(-0.000241667 -0.000205769 -0.240007)
(-0.000205804 -0.000219911 -0.241866)
(-0.000171458 -0.000233035 -0.2437)
(-0.000139661 -0.00024496 -0.245508)
(-0.000110194 -0.000255829 -0.247287)
(-8.07205e-05 -0.000266604 -0.249033)
(-5.08412e-05 -0.000276727 -0.250749)
(-2.22644e-05 -0.000285838 -0.25244)
(3.33715e-06 -0.000293637 -0.254112)
(2.57644e-05 -0.000301904 -0.255768)
(4.65856e-05 -0.00031045 -0.257401)
(6.51512e-05 -0.000317077 -0.25901)
(7.88587e-05 -0.000320095 -0.260592)
(8.79443e-05 -0.000321097 -0.262143)
(9.92719e-05 -0.000327759 -0.26364)
(0.000112621 -0.000335516 -0.265096)
(0.000123744 -0.000335759 -0.26654)
(0.000131611 -0.000333787 -0.267936)
(0.000136195 -0.00033561 -0.269265)
(0.000138913 -0.00034197 -0.27054)
(0.000142905 -0.000343793 -0.271788)
(0.00014227 -0.00034096 -0.273013)
(0.000136293 -0.000343984 -0.274219)
(0.000127685 -0.000349225 -0.275402)
(0.00012301 -0.000343976 -0.276508)
(0.000123705 -0.000336787 -0.277509)
(0.00012285 -0.000339989 -0.278425)
(0.000113801 -0.000347628 -0.279281)
(9.47145e-05 -0.000343531 -0.280095)
(7.59622e-05 -0.000336701 -0.280827)
(6.50501e-05 -0.000338566 -0.281435)
(5.54854e-05 -0.00033922 -0.281939)
(5.22654e-05 -0.000337437 -0.28234)
(5.40198e-05 -0.000333938 -0.282631)
(5.69986e-05 -0.000331894 -0.282799)
(6.07526e-05 -0.000333796 -0.282833)
(6.40393e-05 -0.000331568 -0.282734)
(4.43801e-05 -6.33136e-07 -0.0077076)
(0.000131352 2.85625e-06 -0.0222059)
(0.000217323 4.37317e-06 -0.0359665)
(0.000299894 8.85719e-06 -0.0490363)
(0.000377728 1.22764e-05 -0.0614439)
(0.000450327 1.56007e-05 -0.0732094)
(0.000517184 1.85098e-05 -0.0843537)
(0.000577808 2.0804e-05 -0.0948936)
(0.00063175 2.24138e-05 -0.104837)
(0.000678626 2.33794e-05 -0.114184)
(0.000718115 2.35069e-05 -0.122938)
(0.000750094 2.25253e-05 -0.13111)
(0.000774799 2.04198e-05 -0.138725)
(0.000792712 1.73857e-05 -0.145819)
(0.000804426 1.3522e-05 -0.152427)
(0.000810497 8.66856e-06 -0.158581)
(0.000811372 2.6875e-06 -0.16431)
(0.000807497 -4.36859e-06 -0.169639)
(0.000799393 -1.24137e-05 -0.174597)
(0.000787648 -2.14403e-05 -0.179209)
(0.000772839 -3.1515e-05 -0.183504)
(0.000755437 -4.26462e-05 -0.187509)
(0.000735762 -5.47422e-05 -0.191253)
(0.000714009 -6.76395e-05 -0.194762)
(0.000690365 -8.13101e-05 -0.198063)
(0.000665015 -9.5778e-05 -0.20118)
(0.000638127 -0.000110868 -0.204137)
(0.000609945 -0.000126497 -0.206956)
(0.000580749 -0.000142786 -0.20965)
(0.000550793 -0.000159657 -0.212229)
(0.000520203 -0.00017681 -0.214701)
(0.000489112 -0.000194293 -0.217079)
(0.000457867 -0.000211665 -0.219375)
(0.000426903 -0.000229589 -0.221598)
(0.000396391 -0.000247897 -0.223755)
(0.000366218 -0.000265458 -0.225851)
(0.000336291 -0.000282638 -0.227888)
(0.000306914 -0.000299352 -0.229876)
(0.000278471 -0.000315957 -0.231827)
(0.000251335 -0.000334201 -0.233752)
(0.000225261 -0.000351612 -0.235648)
(0.000199034 -0.000365678 -0.237498)
(0.000172272 -0.000379137 -0.239307)
(0.000144738 -0.000394511 -0.241096)
(0.000117463 -0.000411084 -0.242862)
(9.24191e-05 -0.000422635 -0.244573)
(6.9763e-05 -0.000431532 -0.246239)
(4.91187e-05 -0.000442806 -0.247882)
(2.93228e-05 -0.000456976 -0.249504)
(8.95809e-06 -0.000469083 -0.251088)
(-1.18125e-05 -0.000475885 -0.252633)
(-3.19821e-05 -0.000480266 -0.254156)
(-5.00565e-05 -0.000485083 -0.255662)
(-6.51731e-05 -0.000493562 -0.257166)
(-8.17008e-05 -0.00050162 -0.258652)
(-0.000102901 -0.000508363 -0.260112)
(-0.000126394 -0.000517492 -0.261566)
(-0.000147142 -0.000524802 -0.26299)
(-0.000162662 -0.000524816 -0.26436)
(-0.000173148 -0.000525399 -0.265648)
(-0.000180024 -0.000533491 -0.266869)
(-0.000185814 -0.000536675 -0.267997)
(-0.000194023 -0.000537177 -0.269051)
(-0.000206446 -0.000541584 -0.270047)
(-0.000219974 -0.000547463 -0.270971)
(-0.000231771 -0.000549844 -0.271825)
(-0.000243831 -0.000551123 -0.272594)
(-0.000257234 -0.00055911 -0.273279)
(-0.000270421 -0.000560279 -0.273849)
(-0.000283439 -0.000558093 -0.274313)
(-0.000296547 -0.000562539 -0.274687)
(-0.000309944 -0.000571088 -0.274971)
(-0.000323484 -0.00057272 -0.275126)
(-0.000338271 -0.000569897 -0.275154)
(-0.000352972 -0.000573164 -0.275068)
(-0.000366025 -0.000581969 -0.274874)
(-0.000378267 -0.000582635 -0.274527)
(-0.000390902 -0.000582321 -0.27397)
)
;
    }
}


// ************************************************************************* //
