/*--------------------------------*- C++ -*----------------------------------*\
| =========                 |                                                 |
| \\      /  F ield         | OpenFOAM: The Open Source CFD Toolbox           |
|  \\    /   O peration     | Version:  v1912                                 |
|   \\  /    A nd           | Website:  www.openfoam.com                      |
|    \\/     M anipulation  |                                                 |
\*---------------------------------------------------------------------------*/
FoamFile
{
    version     2.0;
    format      ascii;
    class       volScalarField;
    location    "99.2";
    object      p_rgh;
}
// * * * * * * * * * * * * * * * * * * * * * * * * * * * * * * * * * * * * * //

dimensions      [1 -1 -2 0 0 0 0];


internalField   nonuniform List<scalar> 
2000
(
99999.3
99998.7
99999.8
100000
100000
100000
100000
100000
99999.8
99998.7
99999.5
99998.9
99999.9
100000
100001
100001
100001
100000
99999.9
99998.9
99999.1
99999
100000
100000
100001
100001
100001
100000
100000
99999
99998.6
99999.1
100000
100000
100001
100001
100001
100000
100000
99999.1
99999.4
99999.2
100000
100000
100001
100001
100001
100000
100000
99999.2
99999.5
99999.4
100000
100001
100001
100001
100001
100001
100000
99999.4
99999.6
99999.5
100000
100001
100001
100001
100001
100001
100000
99999.5
99999.8
99999.7
100000
100001
100001
100001
100001
100001
100000
99999.7
100000
99999.9
100001
100001
100001
100001
100001
100001
100001
99999.9
100000
100000
100001
100001
100001
100001
100001
100001
100001
100000
99995.9
99997.8
99998.8
99999.3
99999.7
99999.8
99999.7
99999.3
99998.8
99997.8
99996.3
99998.1
99999.1
99999.6
100000
100000
100000
99999.6
99999.1
99998.1
99996.5
99998.3
99999.3
99999.8
100000
100000
100000
99999.8
99999.3
99998.3
99996.6
99998.5
99999.4
99999.8
100000
100000
100000
99999.8
99999.4
99998.5
99996.8
99998.6
99999.4
99999.9
100000
100000
100000
99999.9
99999.4
99998.6
99997.1
99998.7
99999.5
99999.9
100000
100000
100000
99999.9
99999.5
99998.7
99997.4
99998.8
99999.6
100000
100000
100000
100000
100000
99999.6
99998.8
99997.8
99998.9
99999.7
100000
100000
100000
100000
100000
99999.7
99998.9
99998.2
99999
99999.7
100000
100000
100000
100000
100000
99999.7
99999
99998.6
99999.2
99999.8
100000
100000
100001
100000
100000
99999.8
99999.2
99995.7
99997.8
99998.4
99998.7
99998.8
99998.8
99998.8
99998.7
99998.4
99997.8
99996.1
99998.3
99999
99999.3
99999.5
99999.5
99999.5
99999.3
99999
99998.3
99996.5
99998.5
99999.2
99999.5
99999.7
99999.8
99999.7
99999.5
99999.2
99998.5
99996.8
99998.7
99999.3
99999.7
99999.8
99999.9
99999.8
99999.7
99999.3
99998.7
99997
99998.8
99999.4
99999.7
99999.9
100000
99999.9
99999.7
99999.4
99998.8
99997.4
99998.9
99999.5
99999.8
100000
100000
100000
99999.8
99999.5
99998.9
99997.8
99999
99999.5
99999.9
100000
100000
100000
99999.9
99999.5
99999
99998.2
99999.1
99999.6
99999.9
100000
100000
100000
99999.9
99999.6
99999.1
99998.5
99999.2
99999.7
100000
100000
100000
100000
100000
99999.7
99999.2
99998.7
99999.3
99999.8
100000
100000
100000
100000
100000
99999.8
99999.3
99997.1
99998
99998.1
99998.3
99998.4
99998.5
99998.4
99998.3
99998.1
99998
99997.8
99998.7
99998.9
99999.1
99999.2
99999.3
99999.2
99999.1
99998.9
99998.7
99998.1
99998.9
99999.2
99999.4
99999.5
99999.5
99999.5
99999.4
99999.2
99998.9
99998.3
99999.1
99999.3
99999.5
99999.7
99999.7
99999.7
99999.5
99999.3
99999.1
99998.4
99999.2
99999.4
99999.7
99999.8
99999.8
99999.8
99999.7
99999.4
99999.2
99998.7
99999.3
99999.5
99999.8
99999.9
99999.9
99999.9
99999.8
99999.5
99999.3
99998.9
99999.5
99999.6
99999.9
100000
100000
100000
99999.9
99999.6
99999.5
99999.2
99999.6
99999.7
99999.9
100000
100000
100000
99999.9
99999.7
99999.6
99999.4
99999.7
99999.8
100000
100000
100000
100000
100000
99999.8
99999.7
99999.6
99999.8
99999.9
100000
100000
100000
100000
100000
99999.9
99999.8
99994.3
99997
99997.8
99998.3
99998.4
99998.5
99998.4
99998.3
99997.8
99997
99995.1
99997.9
99998.9
99999.5
99999.7
99999.7
99999.7
99999.5
99998.9
99997.9
99995.6
99998.2
99999.3
99999.9
100000
100000
100000
99999.9
99999.3
99998.2
99996
99998.4
99999.5
100000
100000
100000
100000
100000
99999.5
99998.4
99996.4
99998.6
99999.7
100000
100000
100001
100000
100000
99999.7
99998.6
99996.9
99998.8
99999.8
100000
100001
100001
100001
100000
99999.8
99998.8
99997.4
99999
99999.9
100001
100001
100001
100001
100001
99999.9
99999
99998
99999.2
100000
100001
100001
100001
100001
100001
100000
99999.2
99998.5
99999.5
100000
100001
100001
100001
100001
100001
100000
99999.5
99999
99999.7
100000
100001
100001
100001
100001
100001
100000
99999.7
99996.2
99996.8
99997.1
99997.4
99997.6
99997.7
99997.6
99997.4
99997.1
99996.8
99997.3
99998.1
99998.4
99998.7
99998.9
99999
99998.9
99998.7
99998.4
99998.1
99997.7
99998.5
99998.9
99999.2
99999.4
99999.4
99999.4
99999.2
99998.9
99998.5
99998
99998.7
99999.1
99999.4
99999.6
99999.7
99999.6
99999.4
99999.1
99998.7
99998.2
99998.8
99999.3
99999.6
99999.8
99999.9
99999.8
99999.6
99999.3
99998.8
99998.5
99999
99999.5
99999.8
100000
100000
100000
99999.8
99999.5
99999
99998.7
99999.2
99999.6
100000
100000
100000
100000
100000
99999.6
99999.2
99998.9
99999.4
99999.8
100000
100000
100000
100000
100000
99999.8
99999.4
99999.2
99999.5
99999.9
100000
100000
100001
100000
100000
99999.9
99999.5
99999.5
99999.7
100000
100000
100001
100001
100001
100000
100000
99999.7
99992.3
99995.7
99997
99997.6
99997.8
99997.8
99997.8
99997.6
99997
99995.7
99993.5
99997
99998.5
99999.3
99999.5
99999.6
99999.5
99999.3
99998.5
99997
99994.1
99997.4
99999.1
99999.8
100000
100000
100000
99999.8
99999.1
99997.4
99994.6
99997.7
99999.3
100000
100000
100001
100000
100000
99999.3
99997.7
99995.1
99998
99999.5
100000
100001
100001
100001
100000
99999.5
99998
99995.7
99998.2
99999.7
100001
100001
100001
100001
100001
99999.7
99998.2
99996.4
99998.5
99999.9
100001
100001
100001
100001
100001
99999.9
99998.5
99997.1
99998.9
100000
100001
100001
100001
100001
100001
100000
99998.9
99997.9
99999.2
100000
100001
100001
100002
100001
100001
100000
99999.2
99998.5
99999.6
100001
100001
100002
100002
100002
100001
100001
99999.6
99995
99995.5
99995.9
99996.1
99996.3
99996.4
99996.3
99996.1
99995.9
99995.5
99996.6
99997.4
99997.7
99998
99998.2
99998.3
99998.2
99998
99997.7
99997.4
99997.4
99998
99998.4
99998.7
99998.9
99999
99998.9
99998.7
99998.4
99998
99997.9
99998.3
99998.7
99999.1
99999.3
99999.4
99999.3
99999.1
99998.7
99998.3
99998.2
99998.5
99999
99999.4
99999.6
99999.7
99999.6
99999.4
99999
99998.5
99998.4
99998.7
99999.2
99999.6
99999.9
100000
99999.9
99999.6
99999.2
99998.7
99998.6
99998.9
99999.4
99999.8
100000
100000
100000
99999.8
99999.4
99998.9
99998.8
99999.1
99999.6
100000
100000
100000
100000
100000
99999.6
99999.1
99999
99999.3
99999.8
100000
100001
100001
100001
100000
99999.8
99999.3
99999.3
99999.6
100000
100000
100001
100001
100001
100000
100000
99999.6
99991.9
99995.1
99996.6
99997.2
99997.4
99997.4
99997.4
99997.2
99996.6
99995.1
99993.3
99996.8
99998.5
99999.3
99999.5
99999.6
99999.5
99999.3
99998.5
99996.8
99993.7
99997.4
99999.2
100000
100000
100000
100000
100000
99999.2
99997.4
99994
99997.8
99999.6
100000
100001
100001
100001
100000
99999.6
99997.8
99994.6
99998.1
99999.8
100001
100001
100001
100001
100001
99999.8
99998.1
99995.2
99998.4
100000
100001
100001
100001
100001
100001
100000
99998.4
99996.1
99998.7
100000
100001
100001
100001
100001
100001
100000
99998.7
99997
99999
100000
100001
100002
100002
100002
100001
100000
99999.1
99997.8
99999.4
100001
100001
100002
100002
100002
100001
100001
99999.4
99998.5
99999.7
100001
100002
100002
100002
100002
100002
100001
99999.7
99995.7
99994.3
99994.1
99994.1
99994.3
99994.3
99994.3
99994.1
99994.1
99994.3
99997.7
99997.4
99997.2
99997.1
99997.2
99997.3
99997.2
99997.1
99997.2
99997.4
99998.9
99998.4
99998.1
99998.1
99998.2
99998.3
99998.2
99998.1
99998.1
99998.4
99999.7
99998.7
99998.6
99998.6
99998.7
99998.8
99998.7
99998.6
99998.6
99998.7
100000
99998.9
99998.9
99999
99999.1
99999.1
99999.1
99999
99998.9
99998.9
100000
99999.1
99999.1
99999.3
99999.4
99999.4
99999.4
99999.3
99999.1
99999.1
100000
99999.2
99999.4
99999.5
99999.7
99999.7
99999.7
99999.5
99999.4
99999.2
100000
99999.4
99999.6
99999.8
99999.9
100000
99999.9
99999.8
99999.6
99999.4
100000
99999.6
99999.8
100000
100000
100000
100000
100000
99999.8
99999.6
100000
99999.9
100000
100000
100000
100000
100000
100000
100000
99999.9
100001
100001
100001
100001
100002
100002
100002
100001
100001
100001
100001
100001
100001
100002
100002
100002
100002
100002
100001
100001
100001
100001
100001
100002
100002
100002
100002
100002
100001
100001
100001
100001
100002
100002
100002
100002
100002
100002
100002
100001
100001
100001
100002
100002
100002
100002
100002
100002
100002
100001
100002
100002
100002
100002
100002
100002
100002
100002
100002
100002
100002
100002
100002
100002
100002
100002
100002
100002
100002
100002
100002
100002
100002
100002
100002
100002
100002
100002
100002
100002
100002
100002
100002
100002
100003
100003
100003
100002
100002
100002
100003
100003
100003
100003
100003
100003
100003
100003
100003
100003
99999
99999.4
99999.9
100000
100000
100001
100000
100000
99999.9
99999.4
99999.2
99999.5
100000
100000
100001
100001
100001
100000
100000
99999.5
99999.4
99999.6
100000
100000
100001
100001
100001
100000
100000
99999.6
99999.6
99999.8
100000
100000
100001
100001
100001
100000
100000
99999.8
99999.7
99999.8
100000
100000
100001
100001
100001
100000
100000
99999.8
99999.8
99999.9
100000
100001
100001
100001
100001
100001
100000
99999.9
100000
100000
100000
100001
100001
100001
100001
100001
100000
100000
100000
100000
100001
100001
100001
100001
100001
100001
100001
100000
100001
100001
100001
100001
100001
100001
100001
100001
100001
100001
100004
100004
100004
100004
100004
100004
100004
100004
100004
100004
99999
99999.5
99999.9
100000
100000
100000
100000
100000
99999.9
99999.5
99999.2
99999.6
100000
100000
100000
100001
100000
100000
100000
99999.6
99999.3
99999.7
100000
100000
100001
100001
100001
100000
100000
99999.7
99999.5
99999.8
100000
100001
100001
100001
100001
100001
100000
99999.8
99999.7
100000
100000
100001
100001
100001
100001
100001
100000
100000
99999.9
100000
100001
100001
100001
100001
100001
100001
100001
100000
100000
100000
100001
100001
100001
100001
100001
100001
100001
100000
100000
100001
100001
100001
100001
100002
100001
100001
100001
100001
100001
100002
100002
100002
100002
100002
100002
100002
100002
100002
100007
100007
100007
100007
100007
100007
100007
100007
100007
100007
99999.8
99999.9
100000
100000
100000
100000
100000
100000
100000
99999.9
99999.9
100000
100000
100000
100001
100001
100001
100000
100000
100000
100000
100000
100000
100001
100001
100001
100001
100001
100000
100000
100000
100000
100001
100001
100001
100001
100001
100001
100001
100000
100000
100001
100001
100001
100001
100001
100001
100001
100001
100001
100001
100001
100001
100001
100001
100001
100001
100001
100001
100001
100001
100001
100001
100001
100001
100001
100001
100001
100001
100001
100001
100002
100002
100002
100002
100002
100002
100002
100002
100002
100003
100003
100003
100003
100003
100003
100003
100003
100003
100003
100010
100010
100010
100010
100010
100010
100010
100010
100010
100010
99999.4
100000
100001
100001
100001
100001
100001
100001
100001
100000
99999.7
100000
100001
100001
100002
100002
100002
100001
100001
100000
100000
100000
100001
100002
100002
100002
100002
100002
100001
100000
100000
100001
100001
100002
100002
100002
100002
100002
100001
100001
100001
100001
100002
100002
100002
100002
100002
100002
100002
100001
100001
100001
100002
100002
100003
100003
100003
100002
100002
100001
100001
100002
100002
100003
100003
100003
100003
100003
100002
100002
100002
100002
100003
100003
100004
100004
100004
100003
100003
100002
100004
100004
100004
100005
100005
100005
100005
100005
100004
100004
100013
100013
100013
100014
100014
100014
100014
100014
100013
100013
99999.8
100000
100000
100001
100001
100001
100001
100001
100000
100000
100000
100000
100001
100001
100001
100001
100001
100001
100001
100000
100000
100001
100001
100001
100001
100001
100001
100001
100001
100001
100001
100001
100001
100001
100002
100002
100002
100001
100001
100001
100001
100001
100001
100002
100002
100002
100002
100002
100001
100001
100001
100001
100002
100002
100002
100002
100002
100002
100002
100001
100002
100002
100002
100002
100002
100003
100002
100002
100002
100002
100003
100003
100003
100003
100003
100003
100003
100003
100003
100003
100004
100004
100004
100005
100005
100005
100005
100005
100004
100004
100016
100015
100015
100015
100015
100015
100015
100015
100015
100015
99999.1
99999.9
100001
100002
100002
100002
100002
100002
100001
99999.9
99999.5
100000
100001
100002
100002
100002
100002
100002
100001
100000
100000
100001
100002
100002
100002
100003
100002
100002
100002
100001
100000
100001
100002
100002
100003
100003
100003
100002
100002
100001
100001
100001
100002
100003
100003
100003
100003
100003
100002
100001
100001
100002
100003
100003
100004
100004
100004
100003
100003
100002
100002
100003
100003
100004
100004
100004
100004
100004
100003
100003
100003
100004
100004
100005
100005
100005
100005
100005
100004
100004
100005
100006
100006
100007
100007
100007
100007
100007
100006
100006
100019
100019
100019
100020
100020
100020
100020
100020
100019
100019
99999.7
99999.9
100000
100001
100001
100001
100001
100001
100000
99999.9
100000
100000
100001
100001
100001
100001
100001
100001
100001
100000
100001
100001
100001
100001
100002
100002
100002
100001
100001
100001
100001
100001
100001
100002
100002
100002
100002
100002
100001
100001
100001
100002
100002
100002
100002
100003
100002
100002
100002
100002
100002
100002
100002
100003
100003
100003
100003
100003
100002
100002
100002
100003
100003
100003
100003
100003
100003
100003
100003
100003
100003
100003
100004
100004
100004
100004
100004
100004
100004
100003
100006
100006
100006
100006
100006
100006
100006
100006
100006
100006
100020
100019
100019
100019
100019
100019
100019
100019
100019
100019
99999.1
100000
100001
100002
100002
100002
100002
100002
100001
100000
99999.5
100000
100001
100002
100002
100003
100002
100002
100001
100000
100000
100001
100002
100002
100003
100003
100003
100002
100002
100001
100000
100001
100002
100003
100003
100003
100003
100003
100002
100001
100001
100002
100003
100003
100003
100004
100003
100003
100003
100002
100001
100002
100003
100004
100004
100004
100004
100004
100003
100002
100002
100003
100004
100004
100005
100005
100005
100004
100004
100003
100003
100004
100005
100006
100006
100006
100006
100006
100005
100004
100006
100007
100008
100009
100009
100009
100009
100009
100008
100007
100026
100027
100027
100027
100027
100027
100027
100027
100027
100027
100000
100000
100000
100001
100001
100001
100001
100001
100000
100000
100001
100001
100001
100001
100001
100001
100001
100001
100001
100001
100001
100001
100001
100001
100002
100002
100002
100001
100001
100001
100002
100002
100002
100002
100002
100002
100002
100002
100002
100002
100002
100002
100002
100002
100002
100003
100002
100002
100002
100002
100003
100003
100003
100003
100003
100003
100003
100003
100003
100003
100003
100003
100003
100004
100004
100004
100004
100004
100003
100003
100004
100004
100004
100004
100004
100005
100004
100004
100004
100004
100006
100006
100006
100006
100006
100006
100006
100006
100006
100006
100016
100016
100016
100016
100016
100017
100016
100016
100016
100016
)
;

boundaryField
{
    leftWall
    {
        type            fixedFluxPressure;
        gradient        nonuniform List<scalar> 
100
(
74.0691
-2265.96
1265.96
-11504.3
-2205.33
-21804.8
-6417.01
-31637.3
-14483
-38595.8
-898.334
-5178.82
-9262.55
-15850.4
-17806.9
-25655
-26310.6
-34914
-34636.8
-39205.8
-2200.1
-7231.19
-12895.6
-17609.3
-23499
-27505.9
-34475.8
-36757.5
-45822.7
-42079.6
-2747.46
-8052.32
-14435.9
-18744
-26058.3
-28942.2
-38188.1
-38209
-51029.8
-44204.2
-2890.27
-8427.56
-15067.8
-19550.7
-27155.4
-30161.3
-39718.6
-39801.8
-53046.1
-46560.2
-2933.56
-8564.68
-15223.5
-19830.7
-27393.8
-30595.7
-40059.4
-40392
-53537.2
-47397.7
-2890.34
-8427.79
-15068.2
-19551.1
-27156
-30161.9
-39719.4
-39802.6
-53047.2
-46561
-2747.68
-8052.79
-14437
-18744.9
-26060
-28943.4
-38190.3
-38210.4
-51032.8
-44205.7
-2200.58
-7232.31
-12897.6
-17611.1
-23502.2
-27508.3
-34479.9
-36760.3
-45828.1
-42083.4
-899.395
-5180.15
-9267.29
-15853.7
-17814.5
-25659.6
-26319.8
-34919.4
-34648.1
-39212.5
)
;
        value           nonuniform List<scalar> 
100
(
99999.3
99995.5
99996
99995.2
99993.9
99992.5
99991.2
99989.7
99989.4
99989.1
99998.6
99996.9
99996.3
99995.3
99993.9
99992.4
99991.2
99989.6
99989.2
99987.6
99999.4
99997.6
99996.2
99995.1
99993.8
99992.4
99991.1
99989.6
99988.8
99987
99999.7
99998
99996.2
99995.1
99993.8
99992.5
99991
99989.6
99988.5
99986.6
99999.9
99998.2
99996.2
99995.1
99993.8
99992.5
99991
99989.6
99988.4
99986.4
100000
99998.3
99996.2
99995.1
99993.8
99992.5
99991
99989.6
99988.3
99986.3
99999.9
99998.2
99996.2
99995.1
99993.8
99992.5
99991
99989.6
99988.4
99986.4
99999.7
99998
99996.2
99995.1
99993.8
99992.5
99991
99989.6
99988.5
99986.6
99999.4
99997.6
99996.2
99995.1
99993.8
99992.4
99991.1
99989.6
99988.8
99987
99998.6
99996.9
99996.3
99995.3
99993.9
99992.4
99991.2
99989.6
99989.2
99987.6
)
;
    }
    rightWall
    {
        type            fixedFluxPressure;
        gradient        nonuniform List<scalar> 
100
(
6165.55
14194.9
20335.4
29477.3
39953.3
50464.1
57593.8
77015.9
64243.7
152281
5892.19
13468.1
18727.8
29648
38470.1
52153.8
55566.1
80034.4
60270.3
152942
5557.91
14493.8
20061.6
31938.3
37890.5
53569.3
53124.9
81270.1
55992.6
151086
5448.94
14805.1
19574.8
32078.4
36335.6
54588.6
51553.2
82833.3
54566
147940
5362.43
14890
19622.1
32778.3
36188
55454.9
50949.3
83732.2
53614.3
146436
5325
14981.7
19723.6
32864.2
35978.5
55378.9
50533
83628.3
53218.2
145974
5362.34
14890.8
19622.6
32779.1
36187.3
55455.2
50947.9
83732.3
53612.2
146435
5448.82
14806
19575.8
32080.5
36335.4
54589.7
51550.9
82833.6
54563.3
147939
5557.82
14493.7
20060.1
31939.2
37888.8
53571.1
53121.4
81272.3
55987.1
151084
5892.1
13468
18727.1
29648.1
38469.4
52153.7
55564.9
80033.4
60271.2
152939
)
;
        value           nonuniform List<scalar> 
100
(
100004
100006
100010
100015
100020
100024
100029
100033
100037
100042
100004
100006
100010
100015
100020
100024
100029
100033
100037
100042
100004
100006
100011
100015
100020
100024
100029
100033
100037
100042
100004
100007
100011
100015
100020
100024
100028
100033
100037
100042
100004
100007
100011
100015
100020
100024
100028
100033
100036
100041
100004
100007
100011
100015
100020
100024
100028
100033
100036
100041
100004
100007
100011
100015
100020
100024
100028
100033
100036
100041
100004
100007
100011
100015
100020
100024
100028
100033
100037
100042
100004
100006
100011
100015
100020
100024
100029
100033
100037
100042
100004
100006
100010
100015
100020
100024
100029
100033
100037
100042
)
;
    }
    leftSides_periodic0
    {
        type            cyclic;
    }
    leftSides_periodic1
    {
        type            cyclic;
    }
    rightSides_periodic0
    {
        type            cyclic;
    }
    rightSides_periodic1
    {
        type            cyclic;
    }
    leftInOut_periodic0
    {
        type            cyclic;
    }
    leftInOut_periodic1
    {
        type            cyclic;
    }
    rightInOut_periodic0
    {
        type            cyclic;
    }
    rightInOut_periodic1
    {
        type            cyclic;
    }
}


// ************************************************************************* //
