0 	0 	0 	0
5.01672e-05 	-0.00018414 	3.85282e-07 	0.0165834
0.000100334 	-0.000424333 	1.32692e-06 	0.0318443
0.000150502 	-0.000695685 	3.14229e-06 	0.0460285
0.000200669 	-0.000985519 	6.15301e-06 	0.0592276
0.000250836 	-0.00129529 	9.91801e-06 	0.0714971
0.000301003 	-0.0016265 	1.4555e-05 	0.0828884
0.000351171 	-0.00197815 	1.99659e-05 	0.093447
0.000401338 	-0.00234792 	2.60462e-05 	0.10321
0.000451505 	-0.0027324 	3.26764e-05 	0.112211
0.000501672 	-0.00312763 	3.97386e-05 	0.120492
0.000551839 	-0.00352995 	4.71243e-05 	0.128103
0.000602007 	-0.00393653 	5.47501e-05 	0.135108
0.000652174 	-0.00434505 	6.25551e-05 	0.14157
0.000702341 	-0.00475334 	7.04928e-05 	0.147549
0.000752508 	-0.00515966 	7.85228e-05 	0.153096
0.000802676 	-0.00556279 	8.6607e-05 	0.15826
0.000852843 	-0.0059612 	9.47301e-05 	0.163033
0.00090301 	-0.00635489 	0.000102884 	0.167512
0.000953177 	-0.00674347 	0.000111076 	0.171727
0.00100334 	-0.00712667 	0.000119317 	0.175706
0.00105351 	-0.00750432 	0.000127622 	0.179472
0.00110368 	-0.0078762 	0.000136003 	0.183043
0.00115385 	-0.00824044 	0.000144513 	0.186391
0.00120401 	-0.00859879 	0.00015315 	0.189588
0.00125418 	-0.00895131 	0.000161932 	0.192649
0.00130435 	-0.0092981 	0.000170872 	0.195585
0.00135452 	-0.00963726 	0.000180048 	0.198372
0.00140468 	-0.00996959 	0.000189462 	0.20104
0.00145485 	-0.0102962 	0.000199091 	0.203617
0.00150502 	-0.0106171 	0.000208939 	0.206108
0.00155518 	-0.0109289 	0.000219172 	0.208473
0.00160535 	-0.0112346 	0.000229665 	0.210766
0.00165552 	-0.0115348 	0.000240403 	0.212994
0.00170569 	-0.0118267 	0.000251513 	0.215131
0.00175585 	-0.0121113 	0.000262976 	0.217196
0.00180602 	-0.0123905 	0.000274695 	0.219209
0.00185619 	-0.0126615 	0.000286799 	0.221149
0.00190635 	-0.0129245 	0.000299261 	0.223025
0.00195652 	-0.0131822 	0.000311951 	0.224859
0.00200669 	-0.0134303 	0.000325043 	0.226623
0.00205686 	-0.013671 	0.000338422 	0.228337
0.00210702 	-0.0139068 	0.000351991 	0.230018
0.00215719 	-0.01413 	0.000366005 	0.231623
0.00220736 	-0.0143483 	0.000380177 	0.2332
0.00225753 	-0.0145585 	0.000394602 	0.234732
0.00230769 	-0.0147588 	0.000409303 	0.236213
0.00235786 	-0.0149548 	0.00042412 	0.237672
0.00240803 	-0.0151372 	0.000439267 	0.239067
0.00245819 	-0.0153147 	0.000454511 	0.24044
0.00250836 	-0.0154822 	0.000469953 	0.241768
0.00255853 	-0.0156406 	0.000485537 	0.243059
0.0026087 	-0.0157925 	0.000501222 	0.244323
0.00265886 	-0.0159314 	0.000517067 	0.245535
0.00270903 	-0.0160673 	0.00053295 	0.246735
0.0027592 	-0.0161864 	0.000548985 	0.247872
0.00280936 	-0.0163028 	0.00056504 	0.248999
0.00285953 	-0.0164048 	0.0005812 	0.250074
0.0029097 	-0.0165019 	0.000597392 	0.251132
0.00295987 	-0.0165864 	0.000613666 	0.252145
0.00301003 	-0.0166642 	0.00062988 	0.253135
0.0030602 	-0.0167309 	0.000645993 	0.254086
0.00311037 	-0.0167897 	0.000661911 	0.25501
0.00316054 	-0.0168382 	0.000677577 	0.255899
0.0032107 	-0.0168782 	0.000693127 	0.256759
0.00326087 	-0.0169079 	0.000708541 	0.257585
0.00331104 	-0.0169293 	0.000723927 	0.258385
0.0033612 	-0.0169401 	0.000739279 	0.259153
0.00341137 	-0.0169436 	0.000754575 	0.259901
0.00346154 	-0.0169359 	0.000769787 	0.260618
0.00351171 	-0.0169225 	0.000784866 	0.261321
0.00356187 	-0.0168965 	0.000799652 	0.261992
0.00361204 	-0.016867 	0.00081431 	0.262655
0.00366221 	-0.0168228 	0.000828419 	0.263281
0.00371237 	-0.016778 	0.00084251 	0.263906
0.00376254 	-0.0167156 	0.000856038 	0.264489
0.00381271 	-0.0166532 	0.000869565 	0.265072
0.00386288 	-0.0165757 	0.000882649 	0.265622
0.00391304 	-0.0164951 	0.000895642 	0.266164
0.00396321 	-0.0164039 	0.000908269 	0.266684
0.00401338 	-0.0163053 	0.000920643 	0.267187
0.00406355 	-0.0162013 	0.000932813 	0.267679
0.00411371 	-0.0160852 	0.000944537 	0.268146
0.00416388 	-0.0159691 	0.000956261 	0.268613
0.00421405 	-0.0158361 	0.000967308 	0.269044
0.00426421 	-0.0157029 	0.000978351 	0.269476
0.00431438 	-0.0155595 	0.000988947 	0.269886
0.00436455 	-0.01541 	0.000999283 	0.270283
0.00441472 	-0.015257 	0.00100945 	0.270673
0.00446488 	-0.0150921 	0.00101907 	0.271038
0.00451505 	-0.0149273 	0.00102869 	0.271403
0.00456522 	-0.0147512 	0.00103774 	0.271743
0.00461538 	-0.0145721 	0.00104664 	0.272076
0.00466555 	-0.0143892 	0.00105532 	0.2724
0.00471572 	-0.0141971 	0.00106348 	0.272703
0.00476589 	-0.014005 	0.00107164 	0.273005
0.00481605 	-0.0138043 	0.00107925 	0.273284
0.00486622 	-0.0136008 	0.00108667 	0.273555
0.00491639 	-0.0133956 	0.00109396 	0.273821
0.00496656 	-0.0131824 	0.00110064 	0.27406
0.00501672 	-0.0129693 	0.00110732 	0.2743
0.00506689 	-0.012752 	0.00111359 	0.274522
0.00511706 	-0.0125312 	0.00111953 	0.274728
0.00516722 	-0.0123105 	0.00112548 	0.274935
0.00521739 	-0.0120852 	0.00113078 	0.275112
0.00526756 	-0.0118593 	0.001136 	0.275285
0.00531773 	-0.011633 	0.0011411 	0.275452
0.00536789 	-0.0114046 	0.00114558 	0.27559
0.00541806 	-0.0111762 	0.00115007 	0.275727
0.00546823 	-0.0109478 	0.00115428 	0.27585
0.00551839 	-0.0107195 	0.00115804 	0.275952
0.00556856 	-0.0104912 	0.0011618 	0.276053
0.00561873 	-0.0102644 	0.00116516 	0.276135
0.0056689 	-0.0100386 	0.00116819 	0.276201
0.00571906 	-0.00981279 	0.00117123 	0.276268
0.00576923 	-0.00958989 	0.00117376 	0.276312
0.0058194 	-0.0093683 	0.00117606 	0.276347
0.00586957 	-0.0091467 	0.00117837 	0.276382
0.00591973 	-0.00892906 	0.0011801 	0.276396
0.0059699 	-0.0087126 	0.00118166 	0.276403
0.00602007 	-0.00849615 	0.00118322 	0.27641
0.00607023 	-0.00828404 	0.00118419 	0.276399
0.0061204 	-0.00807306 	0.00118501 	0.276383
0.00617057 	-0.00786208 	0.00118583 	0.276368
0.00622074 	-0.00765521 	0.00118609 	0.276338
0.0062709 	-0.00744961 	0.00118619 	0.276303
0.00632107 	-0.00724401 	0.00118628 	0.276269
0.00637124 	-0.00704187 	0.00118589 	0.276225
0.0064214 	-0.00684133 	0.00118528 	0.276175
0.00647157 	-0.00664079 	0.00118467 	0.276126
0.00652174 	-0.00644278 	0.0011837 	0.276071
0.00657191 	-0.00624689 	0.00118242 	0.27601
0.00662207 	-0.006051 	0.00118115 	0.275949
0.00667224 	-0.00585659 	0.00117966 	0.275884
0.00672241 	-0.00566492 	0.00117777 	0.275814
0.00677258 	-0.00547326 	0.00117588 	0.275744
0.00682274 	-0.00528198 	0.00117393 	0.275673
0.00687291 	-0.00509417 	0.00117146 	0.275595
0.00692308 	-0.00490636 	0.001169 	0.275517
0.00697324 	-0.00471855 	0.00116653 	0.275439
0.00702341 	-0.00453357 	0.00116365 	0.275357
0.00707358 	-0.00434935 	0.00116067 	0.275273
0.00712375 	-0.00416512 	0.00115768 	0.275189
0.00717391 	-0.00398236 	0.0011545 	0.275104
0.00722408 	-0.0038016 	0.00115106 	0.275015
0.00727425 	-0.00362084 	0.00114761 	0.274926
0.00732441 	-0.00344009 	0.00114417 	0.274837
0.00737458 	-0.00326366 	0.00114032 	0.274743
0.00742475 	-0.00308728 	0.00113646 	0.274649
0.00747492 	-0.00291089 	0.0011326 	0.274555
0.00752508 	-0.00273641 	0.00112853 	0.274458
0.00757525 	-0.00256384 	0.00112424 	0.274358
0.00762542 	-0.00239127 	0.00111995 	0.274258
0.00767559 	-0.00221873 	0.00111565 	0.274159
0.00772575 	-0.00204942 	0.00111101 	0.274054
0.00777592 	-0.00188011 	0.00110637 	0.273949
0.00782609 	-0.00171081 	0.00110172 	0.273844
0.00787625 	-0.00154399 	0.00109693 	0.273738
0.00792642 	-0.00137899 	0.00109204 	0.273629
0.00797659 	-0.00121399 	0.00108714 	0.273521
0.00802676 	-0.00104997 	0.00108219 	0.273412
0.00807692 	-0.000889629 	0.00107705 	0.273301
0.00812709 	-0.000729283 	0.00107192 	0.273189
0.00817726 	-0.000568938 	0.00106678 	0.273078
0.00822742 	-0.000413089 	0.00106147 	0.272963
0.00827759 	-0.000257736 	0.00105614 	0.272847
0.00832776 	-0.000102382 	0.00105081 	0.272732
0.00837793 	4.95406e-05 	0.00104537 	0.272614
0.00842809 	0.000199611 	0.00103987 	0.272495
0.00847826 	0.000349681 	0.00103437 	0.272375
0.00852843 	0.000497244 	0.00102881 	0.272253
0.0085786 	0.000641807 	0.00102317 	0.272129
0.00862876 	0.00078637 	0.00101752 	0.272004
0.00867893 	0.000929138 	0.00101184 	0.271878
0.0087291 	0.00106805 	0.00100606 	0.271747
0.00877926 	0.00120696 	0.00100028 	0.271617
0.00882943 	0.00134453 	0.000994479 	0.271485
0.0088796 	0.00147772 	0.000988579 	0.271348
0.00892977 	0.00161092 	0.000982679 	0.271211
0.00897993 	0.00174294 	0.000976754 	0.271073
0.0090301 	0.00187044 	0.000970734 	0.270928
0.00908027 	0.00199795 	0.000964714 	0.270784
0.00913043 	0.00212416 	0.000958667 	0.270637
0.0091806 	0.00224609 	0.000952532 	0.270484
0.00923077 	0.00236802 	0.000946397 	0.270331
0.00928094 	0.00248828 	0.000940233 	0.270175
0.0093311 	0.00260482 	0.000934008 	0.270012
0.00938127 	0.00272136 	0.000927783 	0.269849
0.00943144 	0.00283564 	0.000921493 	0.269682
0.00948161 	0.00294702 	0.00091512 	0.269508
0.00953177 	0.00305839 	0.000908747 	0.269334
0.00958194 	0.00316671 	0.000902237 	0.269153
0.00963211 	0.00327313 	0.000895643 	0.268968
0.00968227 	0.00337955 	0.000889049 	0.268782
0.00973244 	0.0034819 	0.000882374 	0.268584
0.00978261 	0.00358352 	0.000875686 	0.268385
0.00983278 	0.00368455 	0.000869002 	0.268184
0.00988294 	0.00378145 	0.000862347 	0.267967
0.00993311 	0.00387836 	0.000855693 	0.267751
0.00998328 	0.00397311 	0.000849009 	0.267525
0.0100334 	0.00406526 	0.000842289 	0.267287
0.0100836 	0.0041574 	0.000835568 	0.267049
0.0101338 	0.00424558 	0.000828551 	0.266791
0.0101839 	0.00433291 	0.00082147 	0.26653
0.0102341 	0.00441908 	0.000814263 	0.266263
0.0102843 	0.00450165 	0.000806663 	0.26598
0.0103344 	0.00458421 	0.000799064 	0.265697
0.0103846 	0.00466345 	0.000791217 	0.265401
0.0104348 	0.00474131 	0.000783268 	0.265099
0.0104849 	0.00481814 	0.000775282 	0.264793
0.0105351 	0.00489124 	0.000767164 	0.264472
0.0105853 	0.00496435 	0.000759046 	0.264151
0.0106355 	0.00503369 	0.000750822 	0.263816
0.0106856 	0.00510191 	0.000742568 	0.263476
0.0107358 	0.00516829 	0.000734291 	0.263128
0.010786 	0.0052315 	0.000725975 	0.262768
0.0108361 	0.00529468 	0.00071766 	0.262408
0.0108863 	0.00535227 	0.000709468 	0.26202
0.0109365 	0.00540985 	0.000701276 	0.261633
0.0109866 	0.00546273 	0.00069309 	0.261219
0.0110368 	0.00551346 	0.000684907 	0.260792
0.011087 	0.00556128 	0.000676563 	0.260348
0.0111371 	0.00560487 	0.000667985 	0.259879
0.0111873 	0.00564746 	0.000659339 	0.259405
0.0112375 	0.00568508 	0.000650364 	0.258908
0.0112876 	0.00572271 	0.000641388 	0.258411
0.0113378 	0.00575535 	0.000632299 	0.257895
0.011388 	0.00578784 	0.000623206 	0.257379
0.0114381 	0.00581595 	0.00061404 	0.256843
0.0114883 	0.00584303 	0.000604856 	0.256302
0.0115385 	0.00586599 	0.000595565 	0.255739
0.0115886 	0.00588708 	0.000586224 	0.255166
0.0116388 	0.00590432 	0.000576834 	0.254569
0.011689 	0.00591901 	0.00056741 	0.253956
0.0117391 	0.00593014 	0.000558014 	0.253319
0.0117893 	0.00593839 	0.000548641 	0.252662
0.0118395 	0.00594334 	0.000539369 	0.251981
0.0118896 	0.00594549 	0.000530183 	0.251279
0.0119398 	0.00594439 	0.00052119 	0.250548
0.01199 	0.0059408 	0.000512346 	0.249797
0.0120401 	0.00593327 	0.000503772 	0.249003
0.0120903 	0.00592337 	0.000495362 	0.248184
0.0121405 	0.00590763 	0.000487151 	0.247292
0.0121906 	0.00588957 	0.000479019 	0.246372
0.0122408 	0.00586341 	0.000470773 	0.245343
0.012291 	0.00583573 	0.000462504 	0.244295
0.0123411 	0.00580031 	0.000453757 	0.24314
0.0123913 	0.00576425 	0.000444931 	0.241975
0.0124415 	0.00572551 	0.000435774 	0.240768
0.0124916 	0.00568647 	0.00042662 	0.239548
0.0125418 	0.00564702 	0.000417471 	0.23831
0.012592 	0.00560703 	0.000408483 	0.237038
0.0126421 	0.00556676 	0.000399575 	0.235749
0.0126923 	0.00552477 	0.000390746 	0.234384
0.0127425 	0.00548197 	0.000381911 	0.232988
0.0127926 	0.00543721 	0.000373054 	0.23152
0.0128428 	0.00539062 	0.000364217 	0.229983
0.012893 	0.00534289 	0.000355394 	0.228404
0.0129431 	0.00529224 	0.000346649 	0.226704
0.0129933 	0.00524031 	0.000337958 	0.224949
0.0130435 	0.00518647 	0.000329346 	0.223111
0.0130936 	0.00512974 	0.000320836 	0.221144
0.0131438 	0.00507137 	0.000312345 	0.219104
0.013194 	0.00501038 	0.000303847 	0.216943
0.0132441 	0.0049468 	0.000295229 	0.214648
0.0132943 	0.00488165 	0.000286508 	0.212262
0.0133445 	0.00481447 	0.000277617 	0.209747
0.0133946 	0.00474533 	0.000268614 	0.207073
0.0134448 	0.0046749 	0.000259578 	0.204285
0.013495 	0.0046031 	0.000250529 	0.201369
0.0135452 	0.00452897 	0.000241394 	0.19823
0.0135953 	0.00445319 	0.000232164 	0.194939
0.0136455 	0.0043756 	0.000222825 	0.191482
0.0136957 	0.00429565 	0.000213339 	0.187816
0.0137458 	0.00421268 	0.000203647 	0.183891
0.013796 	0.00412718 	0.000193784 	0.179752
0.0138462 	0.00403895 	0.000183738 	0.175385
0.0138963 	0.00394772 	0.000173502 	0.17077
0.0139465 	0.00385195 	0.000163009 	0.1658
0.0139967 	0.00375205 	0.000152327 	0.160528
0.0140468 	0.00364749 	0.000141471 	0.154936
0.014097 	0.00353757 	0.000130452 	0.148998
0.0141472 	0.00342142 	0.000119287 	0.142686
0.0141973 	0.00329804 	0.000108016 	0.135969
0.0142475 	0.00316469 	9.67441e-05 	0.128742
0.0142977 	0.0030209 	8.55813e-05 	0.121038
0.0143478 	0.00286469 	7.46358e-05 	0.11283
0.014398 	0.00269384 	6.39954e-05 	0.104104
0.0144482 	0.00250652 	5.37692e-05 	0.0948781
0.0144983 	0.00230196 	4.41246e-05 	0.0852166
0.0145485 	0.00208106 	3.52339e-05 	0.0752444
0.0145987 	0.00184672 	2.7216e-05 	0.0651438
0.0146488 	0.00160367 	2.01584e-05 	0.055135
0.014699 	0.00135756 	1.41431e-05 	0.0454401
0.0147492 	0.00111377 	9.23066e-06 	0.0362438
0.0147993 	0.000876665 	5.42267e-06 	0.0276707
0.0148495 	0.000650154 	2.7458e-06 	0.0197948
0.0148997 	0.000434981 	1.0552e-06 	0.0126315
0.0149498 	0.000222132 	1.96994e-07 	0.00608673
0.015 	0 	0 	0
