-0.0075 	0 	0 	0
-0.0075 	-2.42128e-35 	-4.23976e-37 	1.85038e-31
-0.00745622 	-1.98893e-06 	-3.4827e-08 	0.0151997
-0.00745622 	-1.98893e-06 	-3.4827e-08 	0.0151997
-0.00741165 	-2.5911e-06 	-3.75302e-07 	0.02961
-0.00741165 	-2.5911e-06 	-3.75302e-07 	0.02961
-0.00736628 	-2.6824e-06 	-1.05978e-06 	0.0433254
-0.00736628 	-2.6824e-06 	-1.05978e-06 	0.0433254
-0.0073201 	-2.78594e-06 	-2.16757e-06 	0.0563622
-0.0073201 	-2.78594e-06 	-2.16757e-06 	0.0563622
-0.00727309 	-2.92808e-06 	-3.66958e-06 	0.0687427
-0.00727309 	-2.92808e-06 	-3.66958e-06 	0.0687427
-0.00722524 	-3.04184e-06 	-5.58769e-06 	0.0804889
-0.00722524 	-3.04184e-06 	-5.58769e-06 	0.0804889
-0.00717653 	-3.10925e-06 	-7.93227e-06 	0.0916113
-0.00717653 	-3.10925e-06 	-7.93227e-06 	0.0916113
-0.00712695 	-3.12635e-06 	-1.0724e-05 	0.102098
-0.00712695 	-3.12635e-06 	-1.0724e-05 	0.102098
-0.00707647 	-3.09439e-06 	-1.39991e-05 	0.111921
-0.00707647 	-3.09439e-06 	-1.39991e-05 	0.111921
-0.0070251 	-3.01809e-06 	-1.78143e-05 	0.121054
-0.0070251 	-3.01809e-06 	-1.78143e-05 	0.121054
-0.0069728 	-2.90444e-06 	-2.22406e-05 	0.12949
-0.0069728 	-2.90444e-06 	-2.22406e-05 	0.12949
-0.00691956 	-2.76122e-06 	-2.73515e-05 	0.137247
-0.00691956 	-2.76122e-06 	-2.73515e-05 	0.137247
-0.00686537 	-2.59556e-06 	-3.32127e-05 	0.144363
-0.00686537 	-2.59556e-06 	-3.32127e-05 	0.144363
-0.00681021 	-2.41291e-06 	-3.98875e-05 	0.150895
-0.00681021 	-2.41291e-06 	-3.98875e-05 	0.150895
-0.00675406 	-2.21693e-06 	-4.74452e-05 	0.156902
-0.00675406 	-2.21693e-06 	-4.74452e-05 	0.156902
-0.0066969 	-2.00982e-06 	-5.59488e-05 	0.16244
-0.0066969 	-2.00982e-06 	-5.59488e-05 	0.16244
-0.00663871 	-1.79317e-06 	-6.54415e-05 	0.167555
-0.00663871 	-1.79317e-06 	-6.54415e-05 	0.167555
-0.00657949 	-1.56901e-06 	-7.59275e-05 	0.172288
-0.00657949 	-1.56901e-06 	-7.59275e-05 	0.172288
-0.0065192 	-1.33963e-06 	-8.73728e-05 	0.176682
-0.0065192 	-1.33963e-06 	-8.73728e-05 	0.176682
-0.00645783 	-1.10672e-06 	-9.97271e-05 	0.180777
-0.00645783 	-1.10672e-06 	-9.97271e-05 	0.180777
-0.00639535 	-8.71253e-07 	-0.000112938 	0.184613
-0.00639535 	-8.71253e-07 	-0.000112938 	0.184613
-0.00633176 	-6.33734e-07 	-0.000126952 	0.188223
-0.00633176 	-6.33734e-07 	-0.000126952 	0.188223
-0.00626703 	-3.94494e-07 	-0.000141714 	0.191633
-0.00626703 	-3.94494e-07 	-0.000141714 	0.191633
-0.00620114 	-1.53943e-07 	-0.000157166 	0.194866
-0.00620114 	-1.53943e-07 	-0.000157166 	0.194866
-0.00613406 	8.74205e-08 	-0.000173248 	0.197943
-0.00613406 	8.74205e-08 	-0.000173248 	0.197943
-0.00606579 	3.28833e-07 	-0.000189898 	0.200882
-0.00606579 	3.28833e-07 	-0.000189898 	0.200882
-0.00599629 	5.69182e-07 	-0.000207048 	0.203699
-0.00599629 	5.69182e-07 	-0.000207048 	0.203699
-0.00592554 	8.07534e-07 	-0.00022463 	0.206411
-0.00592554 	8.07534e-07 	-0.00022463 	0.206411
-0.00585352 	1.04373e-06 	-0.000242566 	0.209031
-0.00585352 	1.04373e-06 	-0.000242566 	0.209031
-0.00578022 	1.27832e-06 	-0.000260767 	0.211572
-0.00578022 	1.27832e-06 	-0.000260767 	0.211572
-0.00570559 	1.51197e-06 	-0.000279133 	0.214043
-0.00570559 	1.51197e-06 	-0.000279133 	0.214043
-0.00562963 	1.74514e-06 	-0.000297564 	0.216454
-0.00562963 	1.74514e-06 	-0.000297564 	0.216454
-0.00555231 	1.97813e-06 	-0.000315959 	0.21881
-0.00555231 	1.97813e-06 	-0.000315959 	0.21881
-0.0054736 	2.21127e-06 	-0.000334214 	0.221117
-0.0054736 	2.21127e-06 	-0.000334214 	0.221117
-0.00539348 	2.4449e-06 	-0.000352224 	0.223381
-0.00539348 	2.4449e-06 	-0.000352224 	0.223381
-0.00531193 	2.67943e-06 	-0.000369885 	0.225604
-0.00531193 	2.67943e-06 	-0.000369885 	0.225604
-0.00522891 	2.91532e-06 	-0.000387094 	0.227789
-0.00522891 	2.91532e-06 	-0.000387094 	0.227789
-0.0051444 	3.15314e-06 	-0.000403749 	0.22994
-0.0051444 	3.15314e-06 	-0.000403749 	0.22994
-0.00505838 	3.39353e-06 	-0.000419754 	0.232056
-0.00505838 	3.39353e-06 	-0.000419754 	0.232056
-0.00497081 	3.63724e-06 	-0.000435015 	0.234139
-0.00497081 	3.63724e-06 	-0.000435015 	0.234139
-0.00488168 	3.8851e-06 	-0.000449448 	0.236188
-0.00488168 	3.8851e-06 	-0.000449448 	0.236188
-0.00479094 	4.13795e-06 	-0.000462968 	0.238203
-0.00479094 	4.13795e-06 	-0.000462968 	0.238203
-0.00469858 	4.39653e-06 	-0.000475497 	0.240183
-0.00469858 	4.39653e-06 	-0.000475497 	0.240183
-0.00460456 	4.66149e-06 	-0.000486965 	0.242125
-0.00460456 	4.66149e-06 	-0.000486965 	0.242125
-0.00450886 	4.93347e-06 	-0.000497321 	0.244029
-0.00450886 	4.93347e-06 	-0.000497321 	0.244029
-0.00441144 	5.21334e-06 	-0.000506546 	0.245893
-0.00441144 	5.21334e-06 	-0.000506546 	0.245893
-0.00431227 	5.50229e-06 	-0.000514656 	0.247714
-0.00431227 	5.50229e-06 	-0.000514656 	0.247714
-0.00421133 	5.80188e-06 	-0.000521694 	0.249491
-0.00421133 	5.80188e-06 	-0.000521694 	0.249491
-0.00410857 	6.11315e-06 	-0.000527723 	0.251222
-0.00410857 	6.11315e-06 	-0.000527723 	0.251222
-0.00400397 	6.43507e-06 	-0.000532827 	0.252904
-0.00400397 	6.43507e-06 	-0.000532827 	0.252904
-0.0038975 	6.76462e-06 	-0.000537095 	0.254537
-0.0038975 	6.76462e-06 	-0.000537095 	0.254537
-0.00378912 	7.09971e-06 	-0.000540611 	0.256124
-0.00378912 	7.09971e-06 	-0.000540611 	0.256124
-0.00367879 	7.44165e-06 	-0.00054345 	0.257666
-0.00367879 	7.44165e-06 	-0.00054345 	0.257666
-0.00356649 	7.79384e-06 	-0.00054567 	0.259164
-0.00356649 	7.79384e-06 	-0.00054567 	0.259164
-0.00345217 	8.15872e-06 	-0.000547329 	0.260615
-0.00345217 	8.15872e-06 	-0.000547329 	0.260615
-0.0033358 	8.53688e-06 	-0.000548482 	0.262018
-0.0033358 	8.53688e-06 	-0.000548482 	0.262018
-0.00321735 	8.92818e-06 	-0.000549195 	0.26337
-0.00321735 	8.92818e-06 	-0.000549195 	0.26337
-0.00309677 	9.33237e-06 	-0.000549536 	0.264669
-0.00309677 	9.33237e-06 	-0.000549536 	0.264669
-0.00297403 	9.74902e-06 	-0.000549577 	0.265911
-0.00297403 	9.74902e-06 	-0.000549577 	0.265911
-0.00284909 	1.01775e-05 	-0.000549394 	0.267096
-0.00284909 	1.01775e-05 	-0.000549394 	0.267096
-0.0027219 	1.06168e-05 	-0.000549063 	0.268219
-0.0027219 	1.06168e-05 	-0.000549063 	0.268219
-0.00259244 	1.1066e-05 	-0.000548657 	0.269279
-0.00259244 	1.1066e-05 	-0.000548657 	0.269279
-0.00246065 	1.15237e-05 	-0.000548246 	0.270272
-0.00246065 	1.15237e-05 	-0.000548246 	0.270272
-0.00232651 	1.19877e-05 	-0.000547892 	0.271198
-0.00232651 	1.19877e-05 	-0.000547892 	0.271198
-0.00218995 	1.24556e-05 	-0.000547646 	0.272053
-0.00218995 	1.24556e-05 	-0.000547646 	0.272053
-0.00205095 	1.2924e-05 	-0.000547547 	0.272837
-0.00205095 	1.2924e-05 	-0.000547547 	0.272837
-0.00190946 	1.33882e-05 	-0.00054762 	0.273546
-0.00190946 	1.33882e-05 	-0.00054762 	0.273546
-0.00176543 	1.38418e-05 	-0.000547874 	0.274181
-0.00176543 	1.38418e-05 	-0.000547874 	0.274181
-0.00161881 	1.42778e-05 	-0.000548297 	0.274741
-0.00161881 	1.42778e-05 	-0.000548297 	0.274741
-0.00146957 	1.46892e-05 	-0.000548861 	0.275225
-0.00146957 	1.46892e-05 	-0.000548861 	0.275225
-0.00131765 	1.50692e-05 	-0.00054952 	0.275635
-0.00131765 	1.50692e-05 	-0.00054952 	0.275635
-0.001163 	1.54111e-05 	-0.000550217 	0.275969
-0.001163 	1.54111e-05 	-0.000550217 	0.275969
-0.00100559 	1.57075e-05 	-0.000550889 	0.276228
-0.00100559 	1.57075e-05 	-0.000550889 	0.276228
-0.000845345 	1.59497e-05 	-0.000551569 	0.276411
-0.000845345 	1.59497e-05 	-0.000551569 	0.276411
-0.000682232 	1.61274e-05 	-0.000552118 	0.276517
-0.000682232 	1.61274e-05 	-0.000552118 	0.276517
-0.000516194 	1.62305e-05 	-0.00055236 	0.276544
-0.000516194 	1.62305e-05 	-0.00055236 	0.276544
-0.000347178 	1.62492e-05 	-0.000552393 	0.276491
-0.000347178 	1.62492e-05 	-0.000552393 	0.276491
-0.000175132 	1.6184e-05 	-0.000551869 	0.276354
-0.000175132 	1.6184e-05 	-0.000551869 	0.276354
0 	1.60442e-05 	-0.000550912 	0.276134
0 	1.60442e-05 	-0.000550912 	0.276134
0 	1.60442e-05 	-0.000550912 	0.276134
0 	1.60442e-05 	-0.000550912 	0.276134
0.000175132 	1.58312e-05 	-0.000549814 	0.275831
0.000175132 	1.98091e-05 	-0.000450887 	0.272499
0.000347178 	1.55487e-05 	-0.000548265 	0.275452
0.000347178 	2.08461e-05 	-0.000450801 	0.272188
0.000516194 	1.5194e-05 	-0.000546547 	0.275002
0.000516194 	2.17201e-05 	-0.000450893 	0.271799
0.000682232 	1.47655e-05 	-0.00054463 	0.274484
0.000682232 	2.24407e-05 	-0.000451059 	0.271336
0.000845345 	1.42752e-05 	-0.000542277 	0.273901
0.000845345 	2.30246e-05 	-0.000450576 	0.270804
0.00100559 	1.37344e-05 	-0.000539627 	0.273258
0.00100559 	2.3485e-05 	-0.000449787 	0.270206
0.001163 	1.31531e-05 	-0.000536696 	0.272555
0.001163 	2.38344e-05 	-0.000448708 	0.269545
0.00131765 	1.25405e-05 	-0.000533501 	0.271795
0.00131765 	2.40846e-05 	-0.00044735 	0.268825
0.00146957 	1.19046e-05 	-0.000530058 	0.270981
0.00146957 	2.42461e-05 	-0.000445724 	0.268047
0.00161881 	1.12523e-05 	-0.000526379 	0.270114
0.00161881 	2.43279e-05 	-0.000443838 	0.267215
0.00176543 	1.05895e-05 	-0.000522476 	0.269197
0.00176543 	2.43378e-05 	-0.000441698 	0.266329
0.00190946 	9.92113e-06 	-0.000518356 	0.26823
0.00190946 	2.42827e-05 	-0.000439308 	0.265393
0.00205095 	9.25142e-06 	-0.000514025 	0.267214
0.00205095 	2.41687e-05 	-0.000436671 	0.264406
0.00218995 	8.58377e-06 	-0.000509487 	0.266152
0.00218995 	2.40009e-05 	-0.000433788 	0.263371
0.00232651 	7.92101e-06 	-0.000504743 	0.265043
0.00232651 	2.37838e-05 	-0.000430658 	0.262288
0.00246065 	7.26546e-06 	-0.000499791 	0.263889
0.00246065 	2.35212e-05 	-0.000427275 	0.261158
0.00259244 	6.61902e-06 	-0.00049463 	0.26269
0.00259244 	2.32162e-05 	-0.000423636 	0.259983
0.0027219 	5.98319e-06 	-0.000489255 	0.261447
0.0027219 	2.28717e-05 	-0.00041973 	0.258762
0.00284909 	5.35914e-06 	-0.000483659 	0.260159
0.00284909 	2.24899e-05 	-0.00041555 	0.257496
0.00297403 	4.74775e-06 	-0.000477836 	0.258827
0.00297403 	2.20729e-05 	-0.000411081 	0.256186
0.00309677 	4.14966e-06 	-0.000471776 	0.257451
0.00309677 	2.16224e-05 	-0.000406309 	0.254832
0.00321735 	3.56537e-06 	-0.000465471 	0.256031
0.00321735 	2.11397e-05 	-0.00040122 	0.253433
0.0033358 	2.99526e-06 	-0.00045891 	0.254566
0.0033358 	2.06261e-05 	-0.000395797 	0.251988
0.00345217 	2.00825e-05 	-0.00039003 	0.250497
0.00345217 	2.43962e-06 	-0.000452085 	0.253055
0.00356649 	1.89865e-06 	-0.000444989 	0.251499
0.00356649 	1.95094e-05 	-0.000383918 	0.24896
0.00367879 	1.37244e-06 	-0.000437609 	0.249895
0.00367879 	1.89077e-05 	-0.000377453 	0.247375
0.00378912 	8.60822e-07 	-0.000429922 	0.248242
0.00378912 	1.82796e-05 	-0.000370615 	0.245743
0.0038975 	3.6364e-07 	-0.000421907 	0.24654
0.0038975 	1.76287e-05 	-0.000363383 	0.244064
0.00400397 	-1.19391e-07 	-0.000413521 	0.244784
0.00400397 	1.69586e-05 	-0.000355701 	0.242331
0.00410857 	1.62689e-05 	-0.000347464 	0.240532
0.00410857 	-5.89608e-07 	-0.000404696 	0.242969
0.00421133 	-1.04943e-06 	-0.000395354 	0.241089
0.00421133 	1.55564e-05 	-0.000338559 	0.238655
0.00431227 	-1.50104e-06 	-0.000385409 	0.239136
0.00431227 	1.48178e-05 	-0.000328907 	0.236693
0.00441144 	-1.94511e-06 	-0.000374796 	0.237105
0.00441144 	1.40509e-05 	-0.000318466 	0.234644
0.00450886 	-2.3807e-06 	-0.000363481 	0.234988
0.00450886 	1.32544e-05 	-0.000307244 	0.232503
0.00460456 	-2.80658e-06 	-0.000351463 	0.232781
0.00460456 	1.24272e-05 	-0.000295276 	0.230267
0.00469858 	-3.22216e-06 	-0.000338759 	0.230479
0.00469858 	1.15684e-05 	-0.000282612 	0.227931
0.00479094 	-3.62729e-06 	-0.000325391 	0.228076
0.00479094 	1.06775e-05 	-0.000269306 	0.22549
0.00488168 	-4.0219e-06 	-0.00031139 	0.225569
0.00488168 	9.75413e-06 	-0.000255415 	0.222942
0.00497081 	-4.40594e-06 	-0.000296792 	0.222953
0.00497081 	8.79801e-06 	-0.000241001 	0.220281
0.00505838 	-4.77922e-06 	-0.000281648 	0.220223
0.00505838 	7.80926e-06 	-0.000226141 	0.217505
0.0051444 	-5.14154e-06 	-0.000266024 	0.217377
0.0051444 	6.78832e-06 	-0.000210919 	0.214608
0.00522891 	-5.49259e-06 	-0.000250002 	0.21441
0.00522891 	5.73605e-06 	-0.000195439 	0.21159
0.00531193 	-5.83199e-06 	-0.000233678 	0.21132
0.00531193 	4.65378e-06 	-0.000179819 	0.208446
0.00539348 	-6.15931e-06 	-0.000217166 	0.208102
0.00539348 	3.54329e-06 	-0.000164191 	0.205176
0.0054736 	-6.47405e-06 	-0.00020059 	0.204754
0.0054736 	2.40684e-06 	-0.000148698 	0.201778
0.00555231 	-6.77563e-06 	-0.000184082 	0.201272
0.00555231 	1.24711e-06 	-0.000133483 	0.198248
0.00562963 	-7.06336e-06 	-0.000167775 	0.197653
0.00562963 	6.71512e-08 	-0.000118688 	0.194586
0.00570559 	-7.33648e-06 	-0.000151801 	0.193892
0.00570559 	-1.12955e-06 	-0.000104446 	0.190787
0.00578022 	-7.5941e-06 	-0.000136284 	0.189985
0.00578022 	-2.33911e-06 	-9.08762e-05 	0.186849
0.00585352 	-7.83518e-06 	-0.00012134 	0.185924
0.00585352 	-3.55721e-06 	-7.80811e-05 	0.182766
0.00592554 	-8.05856e-06 	-0.000107072 	0.181705
0.00592554 	-4.77904e-06 	-6.6144e-05 	0.178534
0.00599629 	-8.26303e-06 	-9.35652e-05 	0.177319
0.00599629 	-5.9993e-06 	-5.51272e-05 	0.174144
0.00606579 	-8.44746e-06 	-8.0894e-05 	0.172757
0.00606579 	-7.21223e-06 	-4.50736e-05 	0.169589
0.00613406 	-8.61085e-06 	-6.91199e-05 	0.168008
0.00613406 	-8.41157e-06 	-3.60076e-05 	0.164857
0.00620114 	-9.5906e-06 	-2.79365e-05 	0.159931
0.00620114 	-8.75178e-06 	-5.82903e-05 	0.163056
0.00626703 	-8.8679e-06 	-4.84406e-05 	0.157883
0.00626703 	-1.07414e-05 	-2.08561e-05 	0.154794
0.00633176 	-1.18541e-05 	-1.47526e-05 	0.149431
0.00633176 	-8.95609e-06 	-3.95981e-05 	0.152472
0.00639535 	-1.29166e-05 	-9.5969e-06 	0.143826
0.00639535 	-9.01311e-06 	-3.17741e-05 	0.14681
0.00645783 	-9.03584e-06 	-2.49586e-05 	0.140879
0.00645783 	-1.39156e-05 	-5.34318e-06 	0.137964
0.0065192 	-9.02095e-06 	-1.91264e-05 	0.134663
0.0065192 	-1.4836e-05 	-1.93309e-06 	0.131825
0.00657949 	-8.96475e-06 	-1.4239e-05 	0.128143
0.00657949 	-1.56609e-05 	7.00898e-07 	0.125394
0.00663871 	-8.86409e-06 	-1.02436e-05 	0.121305
0.00663871 	-1.63719e-05 	2.63357e-06 	0.118653
0.0066969 	-8.71667e-06 	-7.06298e-06 	0.114129
0.0066969 	-1.69488e-05 	3.94803e-06 	0.111581
0.00675406 	-1.73691e-05 	4.73315e-06 	0.104143
0.00675406 	-8.51841e-06 	-4.60435e-06 	0.106583
0.00681021 	-1.76065e-05 	5.07993e-06 	0.0963124
0.00681021 	-8.26089e-06 	-2.76612e-06 	0.0986341
0.00686537 	-1.76305e-05 	5.0764e-06 	0.0881051
0.00686537 	-7.93297e-06 	-1.45332e-06 	0.0902916
0.00691956 	-1.74115e-05 	4.80728e-06 	0.0795884
0.00691956 	-7.52505e-06 	-5.82802e-07 	0.0816199
0.0069728 	-1.69288e-05 	4.354e-06 	0.0708799
0.0069728 	-7.03272e-06 	-6.50287e-08 	0.0727363
0.0070251 	-6.45858e-06 	1.91514e-07 	0.0638092
0.0070251 	-1.61766e-05 	3.79156e-06 	0.0621446
0.00707647 	-5.8132e-06 	2.74346e-07 	0.0550385
0.00707647 	-1.51681e-05 	3.18469e-06 	0.0535757
0.00712695 	-5.11501e-06 	2.57082e-07 	0.0466211
0.00712695 	-1.39347e-05 	2.5824e-06 	0.0453609
0.00717653 	-4.38776e-06 	1.93758e-07 	0.0387125
0.00717653 	-1.25197e-05 	2.01697e-06 	0.0376478
0.00722524 	-3.65749e-06 	1.17431e-07 	0.0314045
0.00722524 	-1.09699e-05 	1.50558e-06 	0.0305231
0.00727309 	-9.32947e-06 	1.056e-06 	0.0240167
0.00727309 	-2.95249e-06 	4.5078e-08 	0.0247284
0.0073201 	-7.64085e-06 	6.7688e-07 	0.0181198
0.0073201 	-2.30984e-06 	-1.23388e-08 	0.018675
0.00736628 	-5.95204e-06 	3.66586e-07 	0.0128029
0.00736628 	-1.79106e-06 	-5.69528e-08 	0.0132134
0.00741165 	-1.3855e-06 	-5.8294e-08 	0.00830706
0.00741165 	-4.21927e-06 	1.57334e-07 	0.00803107
0.00745622 	-8.74151e-07 	-3.80326e-08 	0.00392087
0.00745622 	-2.25822e-06 	3.93824e-08 	0.00377078
0.0075 	0 	0 	0
0.0075 	0 	0 	0
