-0.0075 	0 	0 	0
-0.0075 	2.76629e-21 	-3.37933e-22 	1.42056e-18
-0.00745622 	-1.78626e-05 	2.18212e-06 	-0.00917293
-0.00745622 	-1.78626e-05 	2.18212e-06 	-0.00917293
-0.00741165 	-3.30099e-05 	7.78947e-06 	-0.0185377
-0.00741165 	-3.30099e-05 	7.78947e-06 	-0.0185377
-0.00736628 	-4.6074e-05 	1.71552e-05 	-0.0280798
-0.00736628 	-4.6074e-05 	1.71552e-05 	-0.0280798
-0.0073201 	-5.76263e-05 	3.01999e-05 	-0.0377409
-0.0073201 	-5.76263e-05 	3.01999e-05 	-0.0377409
-0.00727309 	-6.83675e-05 	4.67118e-05 	-0.0474621
-0.00727309 	-6.83675e-05 	4.67118e-05 	-0.0474621
-0.00722524 	-7.90794e-05 	6.64844e-05 	-0.0571855
-0.00722524 	-7.90794e-05 	6.64844e-05 	-0.0571855
-0.00717653 	-9.05805e-05 	8.93077e-05 	-0.0668568
-0.00717653 	-9.05805e-05 	8.93077e-05 	-0.0668568
-0.00712695 	-0.000103697 	0.000114952 	-0.076428
-0.00712695 	-0.000103697 	0.000114952 	-0.076428
-0.00707647 	-0.000119233 	0.000143181 	-0.0858593
-0.00707647 	-0.000119233 	0.000143181 	-0.0858593
-0.0070251 	-0.000137951 	0.000173768 	-0.0951208
-0.0070251 	-0.000137951 	0.000173768 	-0.0951208
-0.0069728 	-0.000160547 	0.000206511 	-0.104193
-0.0069728 	-0.000160547 	0.000206511 	-0.104193
-0.00691956 	-0.000187635 	0.000241251 	-0.113066
-0.00691956 	-0.000187635 	0.000241251 	-0.113066
-0.00686537 	-0.000219726 	0.000277869 	-0.121738
-0.00686537 	-0.000219726 	0.000277869 	-0.121738
-0.00681021 	-0.000257195 	0.000316281 	-0.13021
-0.00681021 	-0.000257195 	0.000316281 	-0.13021
-0.00675406 	-0.000300243 	0.000356424 	-0.138485
-0.00675406 	-0.000300243 	0.000356424 	-0.138485
-0.0066969 	-0.000348863 	0.000398243 	-0.146563
-0.0066969 	-0.000348863 	0.000398243 	-0.146563
-0.00663871 	-0.000402791 	0.000441669 	-0.154445
-0.00663871 	-0.000402791 	0.000441669 	-0.154445
-0.00657949 	-0.000461467 	0.000486597 	-0.162124
-0.00657949 	-0.000461467 	0.000486597 	-0.162124
-0.0065192 	-0.000524015 	0.000532875 	-0.16959
-0.0065192 	-0.000524015 	0.000532875 	-0.16959
-0.00645783 	-0.000589239 	0.000580296 	-0.17683
-0.00645783 	-0.000589239 	0.000580296 	-0.17683
-0.00639535 	-0.000655648 	0.000628588 	-0.183827
-0.00639535 	-0.000655648 	0.000628588 	-0.183827
-0.00633176 	-0.00072151 	0.000677422 	-0.190562
-0.00633176 	-0.00072151 	0.000677422 	-0.190562
-0.00626703 	-0.00078493 	0.000726412 	-0.197016
-0.00626703 	-0.00078493 	0.000726412 	-0.197016
-0.00620114 	-0.000843948 	0.00077512 	-0.203167
-0.00620114 	-0.000843948 	0.00077512 	-0.203167
-0.00613406 	-0.000896648 	0.000823068 	-0.208998
-0.00613406 	-0.000896648 	0.000823068 	-0.208998
-0.00606579 	-0.000941275 	0.000869748 	-0.214489
-0.00606579 	-0.000941275 	0.000869748 	-0.214489
-0.00599629 	-0.000976335 	0.000914636 	-0.219626
-0.00599629 	-0.000976335 	0.000914636 	-0.219626
-0.00592554 	-0.00100069 	0.000957204 	-0.224395
-0.00592554 	-0.00100069 	0.000957204 	-0.224395
-0.00585352 	-0.00101362 	0.000996939 	-0.228787
-0.00585352 	-0.00101362 	0.000996939 	-0.228787
-0.00578022 	-0.00101485 	0.00103336 	-0.232797
-0.00578022 	-0.00101485 	0.00103336 	-0.232797
-0.00570559 	-0.00100456 	0.00106602 	-0.236424
-0.00570559 	-0.00100456 	0.00106602 	-0.236424
-0.00562963 	-0.000983365 	0.00109456 	-0.239672
-0.00562963 	-0.000983365 	0.00109456 	-0.239672
-0.00555231 	-0.000952238 	0.00111867 	-0.242548
-0.00555231 	-0.000952238 	0.00111867 	-0.242548
-0.0054736 	-0.000912467 	0.00113814 	-0.245065
-0.0054736 	-0.000912467 	0.00113814 	-0.245065
-0.00539348 	-0.000865562 	0.00115285 	-0.24724
-0.00539348 	-0.000865562 	0.00115285 	-0.24724
-0.00531193 	-0.00081318 	0.00116275 	-0.249092
-0.00531193 	-0.00081318 	0.00116275 	-0.249092
-0.00522891 	-0.000757048 	0.00116789 	-0.250645
-0.00522891 	-0.000757048 	0.00116789 	-0.250645
-0.0051444 	-0.000698905 	0.00116843 	-0.251925
-0.0051444 	-0.000698905 	0.00116843 	-0.251925
-0.00505838 	-0.000640383 	0.0011646 	-0.252959
-0.00505838 	-0.000640383 	0.0011646 	-0.252959
-0.00497081 	-0.00058292 	0.0011567 	-0.253779
-0.00497081 	-0.00058292 	0.0011567 	-0.253779
-0.00488168 	-0.000527782 	0.00114506 	-0.254413
-0.00488168 	-0.000527782 	0.00114506 	-0.254413
-0.00479094 	-0.000476043 	0.00113002 	-0.254891
-0.00479094 	-0.000476043 	0.00113002 	-0.254891
-0.00469858 	-0.000428517 	0.00111195 	-0.255237
-0.00469858 	-0.000428517 	0.00111195 	-0.255237
-0.00460456 	-0.000385738 	0.00109117 	-0.255476
-0.00460456 	-0.000385738 	0.00109117 	-0.255476
-0.00450886 	-0.000347973 	0.00106798 	-0.25563
-0.00450886 	-0.000347973 	0.00106798 	-0.25563
-0.00441144 	-0.000315251 	0.00104267 	-0.255718
-0.00441144 	-0.000315251 	0.00104267 	-0.255718
-0.00431227 	-0.000287411 	0.00101543 	-0.255755
-0.00431227 	-0.000287411 	0.00101543 	-0.255755
-0.00421133 	-0.000264156 	0.000986446 	-0.255753
-0.00421133 	-0.000264156 	0.000986446 	-0.255753
-0.00410857 	-0.000245118 	0.000955823 	-0.255723
-0.00410857 	-0.000245118 	0.000955823 	-0.255723
-0.00400397 	-0.000229908 	0.000923626 	-0.255671
-0.00400397 	-0.000229908 	0.000923626 	-0.255671
-0.0038975 	-0.000218152 	0.000889946 	-0.255603
-0.0038975 	-0.000218152 	0.000889946 	-0.255603
-0.00378912 	-0.000209568 	0.000854888 	-0.255523
-0.00378912 	-0.000209568 	0.000854888 	-0.255523
-0.00367879 	-0.000204098 	0.000818464 	-0.255433
-0.00367879 	-0.000204098 	0.000818464 	-0.255433
-0.00356649 	-0.000201945 	0.000780586 	-0.255333
-0.00356649 	-0.000201945 	0.000780586 	-0.255333
-0.00345217 	-0.000203317 	0.000741183 	-0.255225
-0.00345217 	-0.000203317 	0.000741183 	-0.255225
-0.0033358 	-0.000208009 	0.000700409 	-0.255112
-0.0033358 	-0.000208009 	0.000700409 	-0.255112
-0.00321735 	-0.000215385 	0.000658513 	-0.254995
-0.00321735 	-0.000215385 	0.000658513 	-0.254995
-0.00309677 	-0.000224676 	0.000615652 	-0.254879
-0.00309677 	-0.000224676 	0.000615652 	-0.254879
-0.00297403 	-0.000235081 	0.000571999 	-0.254765
-0.00297403 	-0.000235081 	0.000571999 	-0.254765
-0.00284909 	-0.000245767 	0.000527814 	-0.254655
-0.00284909 	-0.000245767 	0.000527814 	-0.254655
-0.0027219 	-0.000255979 	0.00048335 	-0.254552
-0.0027219 	-0.000255979 	0.00048335 	-0.254552
-0.00259244 	-0.000265131 	0.000438851 	-0.254456
-0.00259244 	-0.000265131 	0.000438851 	-0.254456
-0.00246065 	-0.000272849 	0.000394557 	-0.254369
-0.00246065 	-0.000272849 	0.000394557 	-0.254369
-0.00232651 	-0.00027899 	0.000350583 	-0.254291
-0.00232651 	-0.00027899 	0.000350583 	-0.254291
-0.00218995 	-0.000283599 	0.000306997 	-0.254221
-0.00218995 	-0.000283599 	0.000306997 	-0.254221
-0.00205095 	-0.000286885 	0.000263891 	-0.254159
-0.00205095 	-0.000286885 	0.000263891 	-0.254159
-0.00190946 	-0.000289208 	0.000221269 	-0.254104
-0.00190946 	-0.000289208 	0.000221269 	-0.254104
-0.00176543 	-0.000291019 	0.000179165 	-0.254056
-0.00176543 	-0.000291019 	0.000179165 	-0.254056
-0.00161881 	-0.000292818 	0.000137726 	-0.254016
-0.00161881 	-0.000292818 	0.000137726 	-0.254016
-0.00146957 	-0.000295173 	9.70813e-05 	-0.253983
-0.00146957 	-0.000295173 	9.70813e-05 	-0.253983
-0.00131765 	-0.000298697 	5.73102e-05 	-0.253958
-0.00131765 	-0.000298697 	5.73102e-05 	-0.253958
-0.001163 	-0.00030398 	1.84779e-05 	-0.253941
-0.001163 	-0.00030398 	1.84779e-05 	-0.253941
-0.00100559 	-0.000311508 	-1.93801e-05 	-0.253933
-0.00100559 	-0.000311508 	-1.93801e-05 	-0.253933
-0.000845345 	-0.000321601 	-5.62704e-05 	-0.253932
-0.000845345 	-0.000321601 	-5.62704e-05 	-0.253932
-0.000682232 	-0.000334359 	-9.22445e-05 	-0.253941
-0.000682232 	-0.000334359 	-9.22445e-05 	-0.253941
-0.000516194 	-0.000349611 	-0.000127397 	-0.253958
-0.000516194 	-0.000349611 	-0.000127397 	-0.253958
-0.000347178 	-0.000366868 	-0.000161865 	-0.253985
-0.000347178 	-0.000366868 	-0.000161865 	-0.253985
-0.000175132 	-0.000385284 	-0.000195821 	-0.254021
-0.000175132 	-0.000385284 	-0.000195821 	-0.254021
0 	-0.000403575 	-0.000229326 	-0.254067
0 	-0.000403575 	-0.000229326 	-0.254067
0.000175132 	-0.000420053 	-0.000262192 	-0.254123
0.000175132 	-0.000420053 	-0.000262192 	-0.254123
0.000347178 	-0.000433089 	-0.000294263 	-0.254188
0.000347178 	-0.000433089 	-0.000294263 	-0.254188
0.000516194 	-0.00044143 	-0.000325588 	-0.254261
0.000516194 	-0.00044143 	-0.000325588 	-0.254261
0.000682232 	-0.00044424 	-0.000356359 	-0.254342
0.000682232 	-0.00044424 	-0.000356359 	-0.254342
0.000845345 	-0.000441075 	-0.000386839 	-0.254432
0.000845345 	-0.000441075 	-0.000386839 	-0.254432
0.00100559 	-0.000431671 	-0.000417146 	-0.25453
0.00100559 	-0.000431671 	-0.000417146 	-0.25453
0.001163 	-0.000416033 	-0.00044734 	-0.254636
0.001163 	-0.000416033 	-0.00044734 	-0.254636
0.00131765 	-0.000394635 	-0.000477535 	-0.254751
0.00131765 	-0.000394635 	-0.000477535 	-0.254751
0.00146957 	-0.000368376 	-0.000507837 	-0.254874
0.00146957 	-0.000368376 	-0.000507837 	-0.254874
0.00161881 	-0.000338462 	-0.000538334 	-0.255006
0.00161881 	-0.000338462 	-0.000538334 	-0.255006
0.00176543 	-0.000306295 	-0.000569093 	-0.255147
0.00176543 	-0.000306295 	-0.000569093 	-0.255147
0.00190946 	-0.000273392 	-0.00060016 	-0.255298
0.00190946 	-0.000273392 	-0.00060016 	-0.255298
0.00205095 	-0.000241316 	-0.000631568 	-0.255458
0.00205095 	-0.000241316 	-0.000631568 	-0.255458
0.00218995 	-0.000211576 	-0.000663334 	-0.255628
0.00218995 	-0.000211576 	-0.000663334 	-0.255628
0.00232651 	-0.000185541 	-0.000695459 	-0.255807
0.00232651 	-0.000185541 	-0.000695459 	-0.255807
0.00246065 	-0.000164349 	-0.00072793 	-0.255995
0.00246065 	-0.000164349 	-0.00072793 	-0.255995
0.00259244 	-0.00014884 	-0.000760721 	-0.256192
0.00259244 	-0.00014884 	-0.000760721 	-0.256192
0.0027219 	-0.000139501 	-0.000793792 	-0.256395
0.0027219 	-0.000139501 	-0.000793792 	-0.256395
0.00284909 	-0.00013644 	-0.000827087 	-0.256604
0.00284909 	-0.00013644 	-0.000827087 	-0.256604
0.00297403 	-0.000139386 	-0.000860527 	-0.256817
0.00297403 	-0.000139386 	-0.000860527 	-0.256817
0.00309677 	-0.000147687 	-0.000894002 	-0.257031
0.00309677 	-0.000147687 	-0.000894002 	-0.257031
0.00321735 	-0.000160315 	-0.000927372 	-0.257244
0.00321735 	-0.000160315 	-0.000927372 	-0.257244
0.0033358 	-0.000175842 	-0.000960506 	-0.257451
0.0033358 	-0.000175842 	-0.000960506 	-0.257451
0.00345217 	-0.000192437 	-0.000993267 	-0.257647
0.00345217 	-0.000192437 	-0.000993267 	-0.257647
0.00356649 	-0.000208106 	-0.00102525 	-0.257824
0.00356649 	-0.000208106 	-0.00102525 	-0.257824
0.00367879 	-0.000221784 	-0.00105602 	-0.257982
0.00367879 	-0.000221784 	-0.00105602 	-0.257982
0.00378912 	-0.000233976 	-0.00108579 	-0.25812
0.00378912 	-0.000233976 	-0.00108579 	-0.25812
0.0038975 	-0.000245387 	-0.0011148 	-0.258239
0.0038975 	-0.000245387 	-0.0011148 	-0.258239
0.00400397 	-0.000255916 	-0.00114272 	-0.258334
0.00400397 	-0.000255916 	-0.00114272 	-0.258334
0.00410857 	-0.000265129 	-0.00116923 	-0.258397
0.00410857 	-0.000265129 	-0.00116923 	-0.258397
0.00421133 	-0.000272568 	-0.00119408 	-0.258416
0.00421133 	-0.000272568 	-0.00119408 	-0.258416
0.00431227 	-0.000277689 	-0.00121694 	-0.258377
0.00431227 	-0.000277689 	-0.00121694 	-0.258377
0.00441144 	-0.000279892 	-0.00123737 	-0.25826
0.00441144 	-0.000279892 	-0.00123737 	-0.25826
0.00450886 	-0.000278573 	-0.00125491 	-0.258043
0.00450886 	-0.000278573 	-0.00125491 	-0.258043
0.00460456 	-0.000273185 	-0.00126906 	-0.257698
0.00460456 	-0.000273185 	-0.00126906 	-0.257698
0.00469858 	-0.000263286 	-0.0012793 	-0.257195
0.00469858 	-0.000263286 	-0.0012793 	-0.257195
0.00479094 	-0.000248582 	-0.00128518 	-0.256504
0.00479094 	-0.000248582 	-0.00128518 	-0.256504
0.00488168 	-0.000228956 	-0.00128624 	-0.255591
0.00488168 	-0.000228956 	-0.00128624 	-0.255591
0.00497081 	-0.000204479 	-0.00128214 	-0.254423
0.00497081 	-0.000204479 	-0.00128214 	-0.254423
0.00505838 	-0.000175392 	-0.00127258 	-0.252966
0.00505838 	-0.000175392 	-0.00127258 	-0.252966
0.0051444 	-0.000142132 	-0.00125739 	-0.25119
0.0051444 	-0.000142132 	-0.00125739 	-0.25119
0.00522891 	-0.000105346 	-0.00123652 	-0.249066
0.00522891 	-0.000105346 	-0.00123652 	-0.249066
0.00531193 	-6.58686e-05 	-0.00121007 	-0.246573
0.00531193 	-6.58686e-05 	-0.00121007 	-0.246573
0.00539348 	-2.47016e-05 	-0.00117824 	-0.243692
0.00539348 	-2.47016e-05 	-0.00117824 	-0.243692
0.0054736 	1.70171e-05 	-0.00114136 	-0.240408
0.0054736 	1.70171e-05 	-0.00114136 	-0.240408
0.00555231 	5.80507e-05 	-0.00109985 	-0.236713
0.00555231 	5.80507e-05 	-0.00109985 	-0.236713
0.00562963 	9.71166e-05 	-0.00105419 	-0.232601
0.00562963 	9.71166e-05 	-0.00105419 	-0.232601
0.00570559 	0.000132952 	-0.00100496 	-0.228073
0.00570559 	0.000132952 	-0.00100496 	-0.228073
0.00578022 	0.000164383 	-0.000952763 	-0.223132
0.00578022 	0.000164383 	-0.000952763 	-0.223132
0.00585352 	0.000190406 	-0.000898242 	-0.217788
0.00585352 	0.000190406 	-0.000898242 	-0.217788
0.00592554 	0.000210245 	-0.000842044 	-0.212051
0.00592554 	0.000210245 	-0.000842044 	-0.212051
0.00599629 	0.000223417 	-0.000784803 	-0.205935
0.00599629 	0.000223417 	-0.000784803 	-0.205935
0.00606579 	0.000229752 	-0.00072713 	-0.199458
0.00606579 	0.000229752 	-0.00072713 	-0.199458
0.00613406 	0.000229414 	-0.000669601 	-0.192639
0.00613406 	0.000229414 	-0.000669601 	-0.192639
0.00620114 	0.000222882 	-0.00061275 	-0.185502
0.00620114 	0.000222882 	-0.00061275 	-0.185502
0.00626703 	0.000210916 	-0.000557066 	-0.17807
0.00626703 	0.000210916 	-0.000557066 	-0.17807
0.00633176 	0.000194494 	-0.000502987 	-0.170371
0.00633176 	0.000194494 	-0.000502987 	-0.170371
0.00639535 	0.000174742 	-0.000450902 	-0.162435
0.00639535 	0.000174742 	-0.000450902 	-0.162435
0.00645783 	0.000152846 	-0.000401147 	-0.154294
0.00645783 	0.000152846 	-0.000401147 	-0.154294
0.0065192 	0.000129971 	-0.000354006 	-0.14598
0.0065192 	0.000129971 	-0.000354006 	-0.14598
0.00657949 	0.000107191 	-0.000309715 	-0.13753
0.00657949 	0.000107191 	-0.000309715 	-0.13753
0.00663871 	8.54271e-05 	-0.00026846 	-0.12898
0.00663871 	8.54271e-05 	-0.00026846 	-0.12898
0.0066969 	6.5407e-05 	-0.000230381 	-0.120371
0.0066969 	6.5407e-05 	-0.000230381 	-0.120371
0.00675406 	4.76455e-05 	-0.000195566 	-0.111744
0.00675406 	4.76455e-05 	-0.000195566 	-0.111744
0.00681021 	3.24415e-05 	-0.000164054 	-0.103138
0.00681021 	3.24415e-05 	-0.000164054 	-0.103138
0.00686537 	1.98981e-05 	-0.000135837 	-0.0945974
0.00686537 	1.98981e-05 	-0.000135837 	-0.0945974
0.00691956 	9.95152e-06 	-0.00011086 	-0.0861618
0.00691956 	9.95152e-06 	-0.00011086 	-0.0861618
0.0069728 	2.40832e-06 	-8.9022e-05 	-0.0778689
0.0069728 	2.40832e-06 	-8.9022e-05 	-0.0778689
0.0070251 	-3.01099e-06 	-7.01769e-05 	-0.0697491
0.0070251 	-3.01099e-06 	-7.01769e-05 	-0.0697491
0.00707647 	-6.62791e-06 	-5.41398e-05 	-0.0618253
0.00707647 	-6.62791e-06 	-5.41398e-05 	-0.0618253
0.00712695 	-8.76834e-06 	-4.06987e-05 	-0.0541124
0.00712695 	-8.76834e-06 	-4.06987e-05 	-0.0541124
0.00717653 	-9.73483e-06 	-2.96248e-05 	-0.046618
0.00717653 	-9.73483e-06 	-2.96248e-05 	-0.046618
0.00722524 	-9.78976e-06 	-2.06842e-05 	-0.0393439
0.00722524 	-9.78976e-06 	-2.06842e-05 	-0.0393439
0.00727309 	-9.14801e-06 	-1.36471e-05 	-0.0322876
0.00727309 	-9.14801e-06 	-1.36471e-05 	-0.0322876
0.0073201 	-7.97648e-06 	-8.2954e-06 	-0.0254434
0.0073201 	-7.97648e-06 	-8.2954e-06 	-0.0254434
0.00736628 	-6.39763e-06 	-4.43369e-06 	-0.0188039
0.00736628 	-6.39763e-06 	-4.43369e-06 	-0.0188039
0.00741165 	-4.5067e-06 	-1.89081e-06 	-0.0123606
0.00741165 	-4.5067e-06 	-1.89081e-06 	-0.0123606
0.00745622 	-2.37697e-06 	-4.9205e-07 	-0.00610469
0.00745622 	-2.37697e-06 	-4.9205e-07 	-0.00610469
0.0075 	0 	0 	0
0.0075 	0 	0 	0
