-0.0075 	0 	0 	0
-0.0075 	-3.73861e-21 	-3.4193e-22 	1.38531e-18
-0.00745622 	2.41412e-05 	2.20793e-06 	-0.00894532
-0.00745622 	2.41412e-05 	2.20793e-06 	-0.00894532
-0.00741165 	4.81382e-05 	7.89731e-06 	-0.018089
-0.00741165 	4.81382e-05 	7.89731e-06 	-0.018089
-0.00736628 	7.24522e-05 	1.74368e-05 	-0.0274168
-0.00736628 	7.24522e-05 	1.74368e-05 	-0.0274168
-0.0073201 	9.73697e-05 	3.07709e-05 	-0.0368726
-0.0073201 	9.73697e-05 	3.07709e-05 	-0.0368726
-0.00727309 	0.000123203 	4.7717e-05 	-0.0463995
-0.00727309 	0.000123203 	4.7717e-05 	-0.0463995
-0.00722524 	0.000150248 	6.80949e-05 	-0.0559426
-0.00722524 	0.000150248 	6.80949e-05 	-0.0559426
-0.00717653 	0.000178746 	9.17259e-05 	-0.0654506
-0.00717653 	0.000178746 	9.17259e-05 	-0.0654506
-0.00712695 	0.000208869 	0.000118417 	-0.074879
-0.00712695 	0.000208869 	0.000118417 	-0.074879
-0.00707647 	0.000240706 	0.000147968 	-0.0841916
-0.00707647 	0.000240706 	0.000147968 	-0.0841916
-0.0070251 	0.000274252 	0.000180185 	-0.0933615
-0.0070251 	0.000274252 	0.000180185 	-0.0933615
-0.0069728 	0.000309409 	0.000214885 	-0.102371
-0.0069728 	0.000309409 	0.000214885 	-0.102371
-0.00691956 	0.000345976 	0.000251901 	-0.111211
-0.00691956 	0.000345976 	0.000251901 	-0.111211
-0.00686537 	0.000383637 	0.00029108 	-0.119879
-0.00686537 	0.000383637 	0.00029108 	-0.119879
-0.00681021 	0.000421946 	0.000332278 	-0.128373
-0.00681021 	0.000421946 	0.000332278 	-0.128373
-0.00675406 	0.000460314 	0.000375351 	-0.136692
-0.00675406 	0.000460314 	0.000375351 	-0.136692
-0.0066969 	0.000498008 	0.00042015 	-0.144836
-0.0066969 	0.000498008 	0.00042015 	-0.144836
-0.00663871 	0.000534149 	0.000466512 	-0.152799
-0.00663871 	0.000534149 	0.000466512 	-0.152799
-0.00657949 	0.000567725 	0.00051424 	-0.160575
-0.00657949 	0.000567725 	0.00051424 	-0.160575
-0.0065192 	0.000597626 	0.000563103 	-0.168152
-0.0065192 	0.000597626 	0.000563103 	-0.168152
-0.00645783 	0.000622689 	0.000612822 	-0.175514
-0.00645783 	0.000622689 	0.000612822 	-0.175514
-0.00639535 	0.00064176 	0.000663068 	-0.182643
-0.00639535 	0.00064176 	0.000663068 	-0.182643
-0.00633176 	0.000653769 	0.000713464 	-0.189519
-0.00633176 	0.000653769 	0.000713464 	-0.189519
-0.00626703 	0.000657818 	0.000763584 	-0.196118
-0.00626703 	0.000657818 	0.000763584 	-0.196118
-0.00620114 	0.000653254 	0.000812967 	-0.202418
-0.00620114 	0.000653254 	0.000812967 	-0.202418
-0.00613406 	0.000639741 	0.00086112 	-0.208397
-0.00613406 	0.000639741 	0.00086112 	-0.208397
-0.00606579 	0.000617317 	0.000907541 	-0.214033
-0.00606579 	0.000617317 	0.000907541 	-0.214033
-0.00599629 	0.000586418 	0.000951724 	-0.219308
-0.00599629 	0.000586418 	0.000951724 	-0.219308
-0.00592554 	0.000547883 	0.000993182 	-0.224207
-0.00592554 	0.000547883 	0.000993182 	-0.224207
-0.00585352 	0.000502922 	0.00103146 	-0.22872
-0.00585352 	0.000502922 	0.00103146 	-0.22872
-0.00578022 	0.000453065 	0.00106614 	-0.232837
-0.00578022 	0.000453065 	0.00106614 	-0.232837
-0.00570559 	0.000400079 	0.00109689 	-0.236559
-0.00570559 	0.000400079 	0.00109689 	-0.236559
-0.00562963 	0.000345879 	0.00112342 	-0.239887
-0.00562963 	0.000345879 	0.00112342 	-0.239887
-0.00555231 	0.000292419 	0.00114555 	-0.24283
-0.00555231 	0.000292419 	0.00114555 	-0.24283
-0.0054736 	0.000241588 	0.00116317 	-0.2454
-0.0054736 	0.000241588 	0.00116317 	-0.2454
-0.00539348 	0.000195121 	0.00117626 	-0.247614
-0.00539348 	0.000195121 	0.00117626 	-0.247614
-0.00531193 	0.000154507 	0.00118489 	-0.249494
-0.00531193 	0.000154507 	0.00118489 	-0.249494
-0.00522891 	0.000120931 	0.00118921 	-0.251064
-0.00522891 	0.000120931 	0.00118921 	-0.251064
-0.0051444 	9.52022e-05 	0.00118947 	-0.25235
-0.0051444 	9.52022e-05 	0.00118947 	-0.25235
-0.00505838 	7.77174e-05 	0.00118598 	-0.253383
-0.00505838 	7.77174e-05 	0.00118598 	-0.253383
-0.00497081 	6.84724e-05 	0.00117911 	-0.254194
-0.00497081 	6.84724e-05 	0.00117911 	-0.254194
-0.00488168 	6.71011e-05 	0.00116924 	-0.254816
-0.00488168 	6.71011e-05 	0.00116924 	-0.254816
-0.00479094 	7.28961e-05 	0.00115676 	-0.255277
-0.00479094 	7.28961e-05 	0.00115676 	-0.255277
-0.00469858 	8.48736e-05 	0.00114204 	-0.255606
-0.00469858 	8.48736e-05 	0.00114204 	-0.255606
-0.00460456 	0.000101867 	0.00112546 	-0.255829
-0.00460456 	0.000101867 	0.00112546 	-0.255829
-0.00450886 	0.000122631 	0.00110732 	-0.255968
-0.00450886 	0.000122631 	0.00110732 	-0.255968
-0.00441144 	0.000145944 	0.0010879 	-0.256043
-0.00441144 	0.000145944 	0.0010879 	-0.256043
-0.00431227 	0.000170689 	0.00106744 	-0.25607
-0.00431227 	0.000170689 	0.00106744 	-0.25607
-0.00421133 	0.000195913 	0.00104611 	-0.256061
-0.00421133 	0.000195913 	0.00104611 	-0.256061
-0.00410857 	0.000220865 	0.00102406 	-0.256026
-0.00410857 	0.000220865 	0.00102406 	-0.256026
-0.00400397 	0.000245003 	0.00100137 	-0.255973
-0.00400397 	0.000245003 	0.00100137 	-0.255973
-0.0038975 	0.000267937 	0.000978116 	-0.255905
-0.0038975 	0.000267937 	0.000978116 	-0.255905
-0.00378912 	0.000289338 	0.000954327 	-0.255828
-0.00378912 	0.000289338 	0.000954327 	-0.255828
-0.00367879 	0.000308834 	0.000929971 	-0.255742
-0.00367879 	0.000308834 	0.000929971 	-0.255742
-0.00356649 	0.000325918 	0.000904964 	-0.255651
-0.00356649 	0.000325918 	0.000904964 	-0.255651
-0.00345217 	0.000339916 	0.000879286 	-0.255556
-0.00345217 	0.000339916 	0.000879286 	-0.255556
-0.0033358 	0.00035004 	0.000852923 	-0.255459
-0.0033358 	0.00035004 	0.000852923 	-0.255459
-0.00321735 	0.000355354 	0.000825833 	-0.255363
-0.00321735 	0.000355354 	0.000825833 	-0.255363
-0.00309677 	0.000354944 	0.000798008 	-0.25527
-0.00309677 	0.000354944 	0.000798008 	-0.25527
-0.00297403 	0.00034832 	0.000769401 	-0.255182
-0.00297403 	0.00034832 	0.000769401 	-0.255182
-0.00284909 	0.000335529 	0.000739898 	-0.255099
-0.00284909 	0.000335529 	0.000739898 	-0.255099
-0.0027219 	0.000316962 	0.000709415 	-0.255023
-0.0027219 	0.000316962 	0.000709415 	-0.255023
-0.00259244 	0.000293198 	0.000677813 	-0.254953
-0.00259244 	0.000293198 	0.000677813 	-0.254953
-0.00246065 	0.000264918 	0.000644915 	-0.254888
-0.00246065 	0.000264918 	0.000644915 	-0.254888
-0.00232651 	0.000232863 	0.000610646 	-0.254829
-0.00232651 	0.000232863 	0.000610646 	-0.254829
-0.00218995 	0.000197844 	0.000574952 	-0.254775
-0.00218995 	0.000197844 	0.000574952 	-0.254775
-0.00205095 	0.000160753 	0.000537731 	-0.254726
-0.00205095 	0.000160753 	0.000537731 	-0.254726
-0.00190946 	0.000122559 	0.000498883 	-0.254684
-0.00190946 	0.000122559 	0.000498883 	-0.254684
-0.00176543 	8.43264e-05 	0.000458318 	-0.254648
-0.00176543 	8.43264e-05 	0.000458318 	-0.254648
-0.00161881 	4.72019e-05 	0.000415952 	-0.254618
-0.00161881 	4.72019e-05 	0.000415952 	-0.254618
-0.00146957 	1.23865e-05 	0.000371712 	-0.254594
-0.00146957 	1.23865e-05 	0.000371712 	-0.254594
-0.00131765 	-1.89052e-05 	0.000325536 	-0.254577
-0.00131765 	-1.89052e-05 	0.000325536 	-0.254577
-0.001163 	-4.54914e-05 	0.000277374 	-0.254567
-0.001163 	-4.54914e-05 	0.000277374 	-0.254567
-0.00100559 	-6.6279e-05 	0.000227192 	-0.254565
-0.00100559 	-6.6279e-05 	0.000227192 	-0.254565
-0.000845345 	-8.0324e-05 	0.00017498 	-0.254569
-0.000845345 	-8.0324e-05 	0.00017498 	-0.254569
-0.000682232 	-8.68948e-05 	0.000120803 	-0.254582
-0.000682232 	-8.68948e-05 	0.000120803 	-0.254582
-0.000516194 	-8.54814e-05 	6.47818e-05 	-0.254602
-0.000516194 	-8.54814e-05 	6.47818e-05 	-0.254602
-0.000347178 	-7.57508e-05 	6.94273e-06 	-0.25463
-0.000347178 	-7.57508e-05 	6.94273e-06 	-0.25463
-0.000175132 	-5.77459e-05 	-5.26352e-05 	-0.254667
-0.000175132 	-5.77459e-05 	-5.26352e-05 	-0.254667
0 	-3.23302e-05 	-0.000113366 	-0.254712
0 	-3.23302e-05 	-0.000113366 	-0.254712
0.000175132 	-1.31284e-06 	-0.000174065 	-0.254766
0.000175132 	-1.31284e-06 	-0.000174065 	-0.254766
0.000347178 	3.31586e-05 	-0.000233557 	-0.254826
0.000347178 	3.31586e-05 	-0.000233557 	-0.254826
0.000516194 	6.94034e-05 	-0.000291251 	-0.254892
0.000516194 	6.94034e-05 	-0.000291251 	-0.254892
0.000682232 	0.000106265 	-0.000346881 	-0.254964
0.000682232 	0.000106265 	-0.000346881 	-0.254964
0.000845345 	0.000142852 	-0.000400186 	-0.255042
0.000845345 	0.000142852 	-0.000400186 	-0.255042
0.00100559 	0.000178578 	-0.000450972 	-0.255126
0.00100559 	0.000178578 	-0.000450972 	-0.255126
0.001163 	0.00021315 	-0.000499105 	-0.255216
0.001163 	0.00021315 	-0.000499105 	-0.255216
0.00131765 	0.000246463 	-0.000544504 	-0.255311
0.00131765 	0.000246463 	-0.000544504 	-0.255311
0.00146957 	0.000278589 	-0.000587161 	-0.255412
0.00146957 	0.000278589 	-0.000587161 	-0.255412
0.00161881 	0.000309767 	-0.000627134 	-0.25552
0.00161881 	0.000309767 	-0.000627134 	-0.25552
0.00176543 	0.000340332 	-0.000664542 	-0.255635
0.00176543 	0.000340332 	-0.000664542 	-0.255635
0.00190946 	0.000370598 	-0.000699528 	-0.255757
0.00190946 	0.000370598 	-0.000699528 	-0.255757
0.00205095 	0.000400768 	-0.000732252 	-0.255887
0.00205095 	0.000400768 	-0.000732252 	-0.255887
0.00218995 	0.000430885 	-0.000762887 	-0.256026
0.00218995 	0.000430885 	-0.000762887 	-0.256026
0.00232651 	0.000460804 	-0.000791613 	-0.256173
0.00232651 	0.000460804 	-0.000791613 	-0.256173
0.00246065 	0.00049019 	-0.00081862 	-0.256328
0.00246065 	0.00049019 	-0.00081862 	-0.256328
0.00259244 	0.000518548 	-0.000844095 	-0.256491
0.00259244 	0.000518548 	-0.000844095 	-0.256491
0.0027219 	0.000545249 	-0.000868219 	-0.256661
0.0027219 	0.000545249 	-0.000868219 	-0.256661
0.00284909 	0.00056957 	-0.000891159 	-0.256838
0.00284909 	0.00056957 	-0.000891159 	-0.256838
0.00297403 	0.000590725 	-0.00091306 	-0.25702
0.00297403 	0.000590725 	-0.00091306 	-0.25702
0.00309677 	0.0006079 	-0.000934051 	-0.257204
0.00309677 	0.0006079 	-0.000934051 	-0.257204
0.00321735 	0.000620324 	-0.000954228 	-0.257388
0.00321735 	0.000620324 	-0.000954228 	-0.257388
0.0033358 	0.00062736 	-0.000973611 	-0.257568
0.0033358 	0.00062736 	-0.000973611 	-0.257568
0.00345217 	0.000628623 	-0.000992127 	-0.257741
0.00345217 	0.000628623 	-0.000992127 	-0.257741
0.00356649 	0.000624106 	-0.00100986 	-0.257904
0.00356649 	0.000624106 	-0.00100986 	-0.257904
0.00367879 	0.000613891 	-0.00102699 	-0.258056
0.00367879 	0.000613891 	-0.00102699 	-0.258056
0.00378912 	0.000598206 	-0.00104345 	-0.258195
0.00378912 	0.000598206 	-0.00104345 	-0.258195
0.0038975 	0.000577472 	-0.00105919 	-0.258317
0.0038975 	0.000577472 	-0.00105919 	-0.258317
0.00400397 	0.000551661 	-0.00107425 	-0.25842
0.00400397 	0.000551661 	-0.00107425 	-0.25842
0.00410857 	0.000520405 	-0.00108861 	-0.258494
0.00410857 	0.000520405 	-0.00108861 	-0.258494
0.00421133 	0.000483392 	-0.00110212 	-0.25853
0.00421133 	0.000483392 	-0.00110212 	-0.25853
0.00431227 	0.000440335 	-0.00111458 	-0.258513
0.00431227 	0.000440335 	-0.00111458 	-0.258513
0.00441144 	0.00039097 	-0.00112573 	-0.258427
0.00441144 	0.00039097 	-0.00112573 	-0.258427
0.00450886 	0.000335097 	-0.00113525 	-0.25825
0.00450886 	0.000335097 	-0.00113525 	-0.25825
0.00460456 	0.000272615 	-0.00114281 	-0.257957
0.00460456 	0.000272615 	-0.00114281 	-0.257957
0.00469858 	0.000203546 	-0.00114804 	-0.257521
0.00469858 	0.000203546 	-0.00114804 	-0.257521
0.00479094 	0.000128049 	-0.00115055 	-0.25691
0.00479094 	0.000128049 	-0.00115055 	-0.25691
0.00488168 	4.64139e-05 	-0.00114998 	-0.256093
0.00488168 	4.64139e-05 	-0.00114998 	-0.256093
0.00497081 	-4.09727e-05 	-0.00114599 	-0.255036
0.00497081 	-4.09727e-05 	-0.00114599 	-0.255036
0.00505838 	-0.000133617 	-0.00113824 	-0.253705
0.00505838 	-0.000133617 	-0.00113824 	-0.253705
0.0051444 	-0.000230826 	-0.00112647 	-0.252064
0.0051444 	-0.000230826 	-0.00112647 	-0.252064
0.00522891 	-0.000331646 	-0.00111049 	-0.250084
0.00522891 	-0.000331646 	-0.00111049 	-0.250084
0.00531193 	-0.000434857 	-0.00109021 	-0.247736
0.00531193 	-0.000434857 	-0.00109021 	-0.247736
0.00539348 	-0.000538991 	-0.00106563 	-0.244999
0.00539348 	-0.000538991 	-0.00106563 	-0.244999
0.0054736 	-0.000642341 	-0.00103683 	-0.241852
0.0054736 	-0.000642341 	-0.00103683 	-0.241852
0.00555231 	-0.000743005 	-0.00100398 	-0.238282
0.00555231 	-0.000743005 	-0.00100398 	-0.238282
0.00562963 	-0.000838941 	-0.000967324 	-0.23428
0.00562963 	-0.000838941 	-0.000967324 	-0.23428
0.00570559 	-0.000928061 	-0.000927179 	-0.229841
0.00570559 	-0.000928061 	-0.000927179 	-0.229841
0.00578022 	-0.00100834 	-0.000883936 	-0.224968
0.00578022 	-0.00100834 	-0.000883936 	-0.224968
0.00585352 	-0.00107792 	-0.000838041 	-0.219665
0.00585352 	-0.00107792 	-0.000838041 	-0.219665
0.00592554 	-0.00113526 	-0.000789981 	-0.213945
0.00592554 	-0.00113526 	-0.000789981 	-0.213945
0.00599629 	-0.00117918 	-0.00074027 	-0.207822
0.00599629 	-0.00117918 	-0.00074027 	-0.207822
0.00606579 	-0.00120895 	-0.000689433 	-0.201312
0.00606579 	-0.00120895 	-0.000689433 	-0.201312
0.00613406 	-0.00122433 	-0.000637999 	-0.194439
0.00613406 	-0.00122433 	-0.000637999 	-0.194439
0.00620114 	-0.00122556 	-0.000586489 	-0.187226
0.00620114 	-0.00122556 	-0.000586489 	-0.187226
0.00626703 	-0.00121334 	-0.000535406 	-0.179702
0.00626703 	-0.00121334 	-0.000535406 	-0.179702
0.00633176 	-0.00118876 	-0.000485232 	-0.171897
0.00633176 	-0.00118876 	-0.000485232 	-0.171897
0.00639535 	-0.00115322 	-0.000436418 	-0.163846
0.00639535 	-0.00115322 	-0.000436418 	-0.163846
0.00645783 	-0.00110835 	-0.000389376 	-0.155582
0.00645783 	-0.00110835 	-0.000389376 	-0.155582
0.0065192 	-0.00105586 	-0.000344475 	-0.147144
0.0065192 	-0.00105586 	-0.000344475 	-0.147144
0.00657949 	-0.000997502 	-0.000302033 	-0.138571
0.00657949 	-0.000997502 	-0.000302033 	-0.138571
0.00663871 	-0.00093495 	-0.000262311 	-0.129904
0.00663871 	-0.00093495 	-0.000262311 	-0.129904
0.0066969 	-0.000869742 	-0.000225512 	-0.121185
0.0066969 	-0.000869742 	-0.000225512 	-0.121185
0.00675406 	-0.000803225 	-0.000191769 	-0.112456
0.00675406 	-0.000803225 	-0.000191769 	-0.112456
0.00681021 	-0.000736529 	-0.000161154 	-0.103758
0.00681021 	-0.000736529 	-0.000161154 	-0.103758
0.00686537 	-0.000670568 	-0.000133678 	-0.0951327
0.00686537 	-0.000670568 	-0.000133678 	-0.0951327
0.00691956 	-0.000606048 	-0.0001093 	-0.0866204
0.00691956 	-0.000606048 	-0.0001093 	-0.0866204
0.0069728 	-0.000543469 	-8.79302e-05 	-0.0782569
0.0069728 	-0.000543469 	-8.79302e-05 	-0.0782569
0.0070251 	-0.000483147 	-6.94348e-05 	-0.0700722
0.0070251 	-0.000483147 	-6.94348e-05 	-0.0700722
0.00707647 	-0.000425236 	-5.36466e-05 	-0.0620891
0.00707647 	-0.000425236 	-5.36466e-05 	-0.0620891
0.00712695 	-0.000369769 	-4.03734e-05 	-0.0543226
0.00712695 	-0.000369769 	-4.03734e-05 	-0.0543226
0.00717653 	-0.000316685 	-2.94077e-05 	-0.0467807
0.00717653 	-0.000316685 	-2.94077e-05 	-0.0467807
0.00722524 	-0.000265869 	-2.05353e-05 	-0.0394657
0.00722524 	-0.000265869 	-2.05353e-05 	-0.0394657
0.00727309 	-0.000217174 	-1.35421e-05 	-0.032375
0.00727309 	-0.000217174 	-1.35421e-05 	-0.032375
0.0073201 	-0.000170441 	-8.22258e-06 	-0.0255028
0.0073201 	-0.000170441 	-8.22258e-06 	-0.0255028
0.00736628 	-0.000125519 	-4.38305e-06 	-0.0188413
0.00736628 	-0.000125519 	-4.38305e-06 	-0.0188413
0.00741165 	-8.22523e-05 	-1.86473e-06 	-0.0123812
0.00741165 	-8.22523e-05 	-1.86473e-06 	-0.0123812
0.00745622 	-4.04924e-05 	-4.8367e-07 	-0.0061131
0.00745622 	-4.04924e-05 	-4.8367e-07 	-0.0061131
0.0075 	0 	0 	0
0.0075 	0 	0 	0
