-0.0075 	0 	0 	0
-0.0075 	-2.17218e-21 	-3.51504e-22 	1.40535e-18
-0.00745622 	1.40263e-05 	2.26975e-06 	-0.0090747
-0.00745622 	1.40263e-05 	2.26975e-06 	-0.0090747
-0.00741165 	2.87113e-05 	8.05162e-06 	-0.0183446
-0.00741165 	2.87113e-05 	8.05162e-06 	-0.0183446
-0.00736628 	4.49766e-05 	1.76707e-05 	-0.027796
-0.00736628 	4.49766e-05 	1.76707e-05 	-0.027796
-0.0073201 	6.34957e-05 	3.10325e-05 	-0.037372
-0.0073201 	6.34957e-05 	3.10325e-05 	-0.037372
-0.00727309 	8.47769e-05 	4.78992e-05 	-0.0470145
-0.00727309 	8.47769e-05 	4.78992e-05 	-0.0470145
-0.00722524 	0.000109138 	6.80505e-05 	-0.0566662
-0.00722524 	0.000109138 	6.80505e-05 	-0.0566662
-0.00717653 	0.000136687 	9.12686e-05 	-0.0662734
-0.00717653 	0.000136687 	9.12686e-05 	-0.0662734
-0.00712695 	0.000167335 	0.000117328 	-0.0757889
-0.00712695 	0.000167335 	0.000117328 	-0.0757889
-0.00707647 	0.000200804 	0.00014601 	-0.085174
-0.00707647 	0.000200804 	0.00014601 	-0.085174
-0.0070251 	0.00023666 	0.000177114 	-0.0944005
-0.0070251 	0.00023666 	0.000177114 	-0.0944005
-0.0069728 	0.000274334 	0.000210472 	-0.10345
-0.0069728 	0.000274334 	0.000210472 	-0.10345
-0.00691956 	0.000313146 	0.000245948 	-0.112315
-0.00691956 	0.000313146 	0.000245948 	-0.112315
-0.00686537 	0.000352312 	0.000283435 	-0.120992
-0.00686537 	0.000352312 	0.000283435 	-0.120992
-0.00681021 	0.000390956 	0.000322849 	-0.129481
-0.00681021 	0.000390956 	0.000322849 	-0.129481
-0.00675406 	0.000428109 	0.000364121 	-0.137783
-0.00675406 	0.000428109 	0.000364121 	-0.137783
-0.0066969 	0.000462737 	0.000407184 	-0.145897
-0.0066969 	0.000462737 	0.000407184 	-0.145897
-0.00663871 	0.000493763 	0.000451968 	-0.15382
-0.00663871 	0.000493763 	0.000451968 	-0.15382
-0.00657949 	0.000520106 	0.000498386 	-0.161545
-0.00657949 	0.000520106 	0.000498386 	-0.161545
-0.0065192 	0.000540733 	0.000546322 	-0.169062
-0.0065192 	0.000540733 	0.000546322 	-0.169062
-0.00645783 	0.000554717 	0.000595627 	-0.176356
-0.00645783 	0.000554717 	0.000595627 	-0.176356
-0.00639535 	0.000561307 	0.000646109 	-0.183411
-0.00639535 	0.000561307 	0.000646109 	-0.183411
-0.00633176 	0.000559984 	0.000697538 	-0.190208
-0.00633176 	0.000559984 	0.000697538 	-0.190208
-0.00626703 	0.00055052 	0.000749641 	-0.196727
-0.00626703 	0.00055052 	0.000749641 	-0.196727
-0.00620114 	0.000533009 	0.000802106 	-0.202947
-0.00620114 	0.000533009 	0.000802106 	-0.202947
-0.00613406 	0.000507886 	0.00085459 	-0.208849
-0.00613406 	0.000507886 	0.00085459 	-0.208849
-0.00606579 	0.000475914 	0.000906723 	-0.214415
-0.00606579 	0.000475914 	0.000906723 	-0.214415
-0.00599629 	0.000438148 	0.000958118 	-0.219629
-0.00599629 	0.000438148 	0.000958118 	-0.219629
-0.00592554 	0.000395879 	0.00100838 	-0.224477
-0.00592554 	0.000395879 	0.00100838 	-0.224477
-0.00585352 	0.000350565 	0.00105711 	-0.228951
-0.00585352 	0.000350565 	0.00105711 	-0.228951
-0.00578022 	0.000303738 	0.00110394 	-0.233044
-0.00578022 	0.000303738 	0.00110394 	-0.233044
-0.00570559 	0.000256924 	0.00114848 	-0.236756
-0.00570559 	0.000256924 	0.00114848 	-0.236756
-0.00562963 	0.000211554 	0.00119041 	-0.240089
-0.00562963 	0.000211554 	0.00119041 	-0.240089
-0.00555231 	0.000168888 	0.00122944 	-0.243051
-0.00555231 	0.000168888 	0.00122944 	-0.243051
-0.0054736 	0.000129959 	0.00126531 	-0.245653
-0.0054736 	0.000129959 	0.00126531 	-0.245653
-0.00539348 	9.55322e-05 	0.00129783 	-0.24791
-0.00539348 	9.55322e-05 	0.00129783 	-0.24791
-0.00531193 	6.60852e-05 	0.00132685 	-0.249842
-0.00531193 	6.60852e-05 	0.00132685 	-0.249842
-0.00522891 	4.18098e-05 	0.00135229 	-0.251471
-0.00522891 	4.18098e-05 	0.00135229 	-0.251471
-0.0051444 	2.26232e-05 	0.00137412 	-0.25282
-0.0051444 	2.26232e-05 	0.00137412 	-0.25282
-0.00505838 	8.17984e-06 	0.00139238 	-0.253917
-0.00505838 	8.17984e-06 	0.00139238 	-0.253917
-0.00497081 	-2.08159e-06 	0.00140717 	-0.254792
-0.00497081 	-2.08159e-06 	0.00140717 	-0.254792
-0.00488168 	-8.85632e-06 	0.00141863 	-0.255472
-0.00488168 	-8.85632e-06 	0.00141863 	-0.255472
-0.00479094 	-1.29166e-05 	0.00142691 	-0.255986
-0.00479094 	-1.29166e-05 	0.00142691 	-0.255986
-0.00469858 	-1.50663e-05 	0.00143215 	-0.256361
-0.00469858 	-1.50663e-05 	0.00143215 	-0.256361
-0.00460456 	-1.60844e-05 	0.00143455 	-0.25662
-0.00460456 	-1.60844e-05 	0.00143455 	-0.25662
-0.00450886 	-1.6675e-05 	0.00143425 	-0.256787
-0.00450886 	-1.6675e-05 	0.00143425 	-0.256787
-0.00441144 	-1.74334e-05 	0.00143141 	-0.256882
-0.00441144 	-1.74334e-05 	0.00143141 	-0.256882
-0.00431227 	-1.8831e-05 	0.00142615 	-0.25692
-0.00431227 	-1.8831e-05 	0.00142615 	-0.25692
-0.00421133 	-2.12159e-05 	0.00141855 	-0.256916
-0.00421133 	-2.12159e-05 	0.00141855 	-0.256916
-0.00410857 	-2.48272e-05 	0.00140865 	-0.256879
-0.00410857 	-2.48272e-05 	0.00140865 	-0.256879
-0.00400397 	-2.98166e-05 	0.00139646 	-0.256818
-0.00400397 	-2.98166e-05 	0.00139646 	-0.256818
-0.0038975 	-3.62782e-05 	0.0013819 	-0.256737
-0.0038975 	-3.62782e-05 	0.0013819 	-0.256737
-0.00378912 	-4.42521e-05 	0.00136486 	-0.256641
-0.00378912 	-4.42521e-05 	0.00136486 	-0.256641
-0.00367879 	-5.37412e-05 	0.00134528 	-0.256532
-0.00367879 	-5.37412e-05 	0.00134528 	-0.256532
-0.00356649 	-6.48939e-05 	0.00132294 	-0.25641
-0.00356649 	-6.48939e-05 	0.00132294 	-0.25641
-0.00345217 	-7.81483e-05 	0.00129737 	-0.256273
-0.00345217 	-7.81483e-05 	0.00129737 	-0.256273
-0.0033358 	-9.38903e-05 	0.00126818 	-0.256118
-0.0033358 	-9.38903e-05 	0.00126818 	-0.256118
-0.00321735 	-0.00011202 	0.00123527 	-0.255948
-0.00321735 	-0.00011202 	0.00123527 	-0.255948
-0.00309677 	-0.000132066 	0.00119856 	-0.255766
-0.00309677 	-0.000132066 	0.00119856 	-0.255766
-0.00297403 	-0.0001535 	0.00115789 	-0.255576
-0.00297403 	-0.0001535 	0.00115789 	-0.255576
-0.00284909 	-0.000175839 	0.00111321 	-0.255381
-0.00284909 	-0.000175839 	0.00111321 	-0.255381
-0.0027219 	-0.00019864 	0.00106455 	-0.255183
-0.0027219 	-0.00019864 	0.00106455 	-0.255183
-0.00259244 	-0.000221473 	0.00101203 	-0.254985
-0.00259244 	-0.000221473 	0.00101203 	-0.254985
-0.00246065 	-0.000243897 	0.000955858 	-0.25479
-0.00246065 	-0.000243897 	0.000955858 	-0.25479
-0.00232651 	-0.000265443 	0.000896333 	-0.254601
-0.00232651 	-0.000265443 	0.000896333 	-0.254601
-0.00218995 	-0.000285618 	0.00083385 	-0.254421
-0.00218995 	-0.000285618 	0.00083385 	-0.254421
-0.00205095 	-0.00030392 	0.000768892 	-0.254253
-0.00205095 	-0.00030392 	0.000768892 	-0.254253
-0.00190946 	-0.000319875 	0.000702011 	-0.254101
-0.00190946 	-0.000319875 	0.000702011 	-0.254101
-0.00176543 	-0.000333072 	0.000633792 	-0.253967
-0.00176543 	-0.000333072 	0.000633792 	-0.253967
-0.00161881 	-0.000343193 	0.000564829 	-0.253853
-0.00161881 	-0.000343193 	0.000564829 	-0.253853
-0.00146957 	-0.000350029 	0.000495793 	-0.253759
-0.00146957 	-0.000350029 	0.000495793 	-0.253759
-0.00131765 	-0.000353536 	0.000427365 	-0.253686
-0.00131765 	-0.000353536 	0.000427365 	-0.253686
-0.001163 	-0.000353839 	0.000360059 	-0.253633
-0.001163 	-0.000353839 	0.000360059 	-0.253633
-0.00100559 	-0.000350969 	0.000294256 	-0.253598
-0.00100559 	-0.000350969 	0.000294256 	-0.253598
-0.000845345 	-0.000344724 	0.000230308 	-0.253581
-0.000845345 	-0.000344724 	0.000230308 	-0.253581
-0.000682232 	-0.000334848 	0.000168666 	-0.253583
-0.000682232 	-0.000334848 	0.000168666 	-0.253583
-0.000516194 	-0.000321137 	0.000109804 	-0.253603
-0.000516194 	-0.000321137 	0.000109804 	-0.253603
-0.000347178 	-0.000303412 	5.40194e-05 	-0.253641
-0.000347178 	-0.000303412 	5.40194e-05 	-0.253641
-0.000175132 	-0.000281532 	1.54286e-06 	-0.253698
-0.000175132 	-0.000281532 	1.54286e-06 	-0.253698
0 	-0.000255576 	-4.71986e-05 	-0.253772
0 	-0.000255576 	-4.71986e-05 	-0.253772
0.000175132 	-0.00022602 	-9.168e-05 	-0.253864
0.000175132 	-0.00022602 	-9.168e-05 	-0.253864
0.000347178 	-0.000193393 	-0.000131698 	-0.253972
0.000347178 	-0.000193393 	-0.000131698 	-0.253972
0.000516194 	-0.000157982 	-0.00016744 	-0.254093
0.000516194 	-0.000157982 	-0.00016744 	-0.254093
0.000682232 	-0.000119994 	-0.000199382 	-0.254229
0.000682232 	-0.000119994 	-0.000199382 	-0.254229
0.000845345 	-7.97794e-05 	-0.000228092 	-0.254377
0.000845345 	-7.97794e-05 	-0.000228092 	-0.254377
0.00100559 	-3.81075e-05 	-0.000253921 	-0.254539
0.00100559 	-3.81075e-05 	-0.000253921 	-0.254539
0.001163 	3.92792e-06 	-0.000277128 	-0.25471
0.001163 	3.92792e-06 	-0.000277128 	-0.25471
0.00131765 	4.52506e-05 	-0.000298058 	-0.254891
0.00131765 	4.52506e-05 	-0.000298058 	-0.254891
0.00146957 	8.49341e-05 	-0.000317062 	-0.255078
0.00146957 	8.49341e-05 	-0.000317062 	-0.255078
0.00161881 	0.000122228 	-0.000334487 	-0.25527
0.00161881 	0.000122228 	-0.000334487 	-0.25527
0.00176543 	0.000156553 	-0.000350689 	-0.255465
0.00176543 	0.000156553 	-0.000350689 	-0.255465
0.00190946 	0.000187476 	-0.000366027 	-0.255663
0.00190946 	0.000187476 	-0.000366027 	-0.255663
0.00205095 	0.000214697 	-0.000380853 	-0.255861
0.00205095 	0.000214697 	-0.000380853 	-0.255861
0.00218995 	0.000238023 	-0.000395503 	-0.256059
0.00218995 	0.000238023 	-0.000395503 	-0.256059
0.00232651 	0.000257358 	-0.000410292 	-0.256256
0.00232651 	0.000257358 	-0.000410292 	-0.256256
0.00246065 	0.00027269 	-0.000425508 	-0.256451
0.00246065 	0.00027269 	-0.000425508 	-0.256451
0.00259244 	0.000284084 	-0.00044141 	-0.256644
0.00259244 	0.000284084 	-0.00044141 	-0.256644
0.0027219 	0.000291676 	-0.00045822 	-0.256833
0.0027219 	0.000291676 	-0.00045822 	-0.256833
0.00284909 	0.000295677 	-0.000476122 	-0.257019
0.00284909 	0.000295677 	-0.000476122 	-0.257019
0.00297403 	0.000296384 	-0.000495255 	-0.257199
0.00297403 	0.000296384 	-0.000495255 	-0.257199
0.00309677 	0.000294202 	-0.000515719 	-0.257374
0.00309677 	0.000294202 	-0.000515719 	-0.257374
0.00321735 	0.000289678 	-0.000537607 	-0.25754
0.00321735 	0.000289678 	-0.000537607 	-0.25754
0.0033358 	0.000283514 	-0.000560937 	-0.257694
0.0033358 	0.000283514 	-0.000560937 	-0.257694
0.00345217 	0.000276439 	-0.000585453 	-0.257833
0.00345217 	0.000276439 	-0.000585453 	-0.257833
0.00356649 	0.000268823 	-0.000610968 	-0.257958
0.00356649 	0.000268823 	-0.000610968 	-0.257958
0.00367879 	0.00026059 	-0.000637734 	-0.25807
0.00367879 	0.00026059 	-0.000637734 	-0.25807
0.00378912 	0.000251648 	-0.000665874 	-0.258169
0.00378912 	0.000251648 	-0.000665874 	-0.258169
0.0038975 	0.000242068 	-0.000695195 	-0.258253
0.0038975 	0.000242068 	-0.000695195 	-0.258253
0.00400397 	0.000231942 	-0.00072556 	-0.258318
0.00400397 	0.000231942 	-0.00072556 	-0.258318
0.00410857 	0.000221368 	-0.000756844 	-0.258355
0.00410857 	0.000221368 	-0.000756844 	-0.258355
0.00421133 	0.000210498 	-0.000788813 	-0.258356
0.00421133 	0.000210498 	-0.000788813 	-0.258356
0.00431227 	0.00019954 	-0.000821138 	-0.258307
0.00431227 	0.00019954 	-0.000821138 	-0.258307
0.00441144 	0.000188748 	-0.000853386 	-0.258191
0.00441144 	0.000188748 	-0.000853386 	-0.258191
0.00450886 	0.000178407 	-0.000885021 	-0.257985
0.00450886 	0.000178407 	-0.000885021 	-0.257985
0.00460456 	0.000168801 	-0.000915415 	-0.257664
0.00460456 	0.000168801 	-0.000915415 	-0.257664
0.00469858 	0.000160176 	-0.000943872 	-0.257197
0.00469858 	0.000160176 	-0.000943872 	-0.257197
0.00479094 	0.000152703 	-0.000969622 	-0.256552
0.00479094 	0.000152703 	-0.000969622 	-0.256552
0.00488168 	0.000146431 	-0.000991876 	-0.255691
0.00488168 	0.000146431 	-0.000991876 	-0.255691
0.00497081 	0.000141261 	-0.0010099 	-0.254578
0.00497081 	0.000141261 	-0.0010099 	-0.254578
0.00505838 	0.000136951 	-0.001023 	-0.253174
0.00505838 	0.000136951 	-0.001023 	-0.253174
0.0051444 	0.000133118 	-0.00103059 	-0.251444
0.0051444 	0.000133118 	-0.00103059 	-0.251444
0.00522891 	0.00012924 	-0.00103223 	-0.249356
0.00522891 	0.00012924 	-0.00103223 	-0.249356
0.00531193 	0.000124693 	-0.00102768 	-0.246885
0.00531193 	0.000124693 	-0.00102768 	-0.246885
0.00539348 	0.000118795 	-0.00101684 	-0.244006
0.00539348 	0.000118795 	-0.00101684 	-0.244006
0.0054736 	0.000110853 	-0.000999776 	-0.240704
0.0054736 	0.000110853 	-0.000999776 	-0.240704
0.00555231 	0.000100217 	-0.000976699 	-0.236966
0.00555231 	0.000100217 	-0.000976699 	-0.236966
0.00562963 	8.6334e-05 	-0.000947975 	-0.232788
0.00562963 	8.6334e-05 	-0.000947975 	-0.232788
0.00570559 	6.88011e-05 	-0.000914089 	-0.22817
0.00570559 	6.88011e-05 	-0.000914089 	-0.22817
0.00578022 	4.74089e-05 	-0.000875624 	-0.22312
0.00578022 	4.74089e-05 	-0.000875624 	-0.22312
0.00585352 	2.21767e-05 	-0.000833238 	-0.217648
0.00585352 	2.21767e-05 	-0.000833238 	-0.217648
0.00592554 	-6.62951e-06 	-0.00078763 	-0.21177
0.00592554 	-6.62951e-06 	-0.00078763 	-0.21177
0.00599629 	-3.84961e-05 	-0.000739517 	-0.205505
0.00599629 	-3.84961e-05 	-0.000739517 	-0.205505
0.00606579 	-7.26757e-05 	-0.000689613 	-0.198877
0.00606579 	-7.26757e-05 	-0.000689613 	-0.198877
0.00613406 	-0.000108219 	-0.000638612 	-0.191909
0.00613406 	-0.000108219 	-0.000638612 	-0.191909
0.00620114 	-0.000144022 	-0.000587176 	-0.18463
0.00620114 	-0.000144022 	-0.000587176 	-0.18463
0.00626703 	-0.000178891 	-0.000535927 	-0.177071
0.00626703 	-0.000178891 	-0.000535927 	-0.177071
0.00633176 	-0.000211613 	-0.000485439 	-0.169263
0.00633176 	-0.000211613 	-0.000485439 	-0.169263
0.00639535 	-0.000241034 	-0.000436226 	-0.161239
0.00639535 	-0.000241034 	-0.000436226 	-0.161239
0.00645783 	-0.00026613 	-0.000388748 	-0.153033
0.00645783 	-0.00026613 	-0.000388748 	-0.153033
0.0065192 	-0.00028607 	-0.000343399 	-0.144681
0.0065192 	-0.00028607 	-0.000343399 	-0.144681
0.00657949 	-0.000300265 	-0.000300515 	-0.136218
0.00657949 	-0.000300265 	-0.000300515 	-0.136218
0.00663871 	-0.000308397 	-0.00026037 	-0.12768
0.00663871 	-0.000308397 	-0.00026037 	-0.12768
0.0066969 	-0.000310426 	-0.000223179 	-0.119106
0.0066969 	-0.000310426 	-0.000223179 	-0.119106
0.00675406 	-0.000306584 	-0.000189092 	-0.110533
0.00675406 	-0.000306584 	-0.000189092 	-0.110533
0.00681021 	-0.00029734 	-0.000158199 	-0.102
0.00681021 	-0.00029734 	-0.000158199 	-0.102
0.00686537 	-0.000283358 	-0.000130533 	-0.0935428
0.00686537 	-0.000283358 	-0.000130533 	-0.0935428
0.00691956 	-0.000265439 	-0.000106069 	-0.0852
0.00691956 	-0.000265439 	-0.000106069 	-0.0852
0.0069728 	-0.000244454 	-8.47279e-05 	-0.0770043
0.0069728 	-0.000244454 	-8.47279e-05 	-0.0770043
0.0070251 	-0.000221282 	-6.63771e-05 	-0.0689827
0.0070251 	-0.000221282 	-6.63771e-05 	-0.0689827
0.00707647 	-0.000196751 	-5.08384e-05 	-0.0611554
0.00707647 	-0.000196751 	-5.08384e-05 	-0.0611554
0.00712695 	-0.000171596 	-3.78992e-05 	-0.0535354
0.00712695 	-0.000171596 	-3.78992e-05 	-0.0535354
0.00717653 	-0.000146442 	-2.73255e-05 	-0.0461291
0.00717653 	-0.000146442 	-2.73255e-05 	-0.0461291
0.00722524 	-0.000121793 	-1.88739e-05 	-0.0389382
0.00722524 	-0.000121793 	-1.88739e-05 	-0.0389382
0.00727309 	-9.80396e-05 	-1.23013e-05 	-0.0319599
0.00727309 	-9.80396e-05 	-1.23013e-05 	-0.0319599
0.0073201 	-7.54714e-05 	-7.37498e-06 	-0.025189
0.0073201 	-7.54714e-05 	-7.37498e-06 	-0.025189
0.00736628 	-5.42917e-05 	-3.87769e-06 	-0.0186185
0.00736628 	-5.42917e-05 	-3.87769e-06 	-0.0186185
0.00741165 	-3.46271e-05 	-1.6225e-06 	-0.0122403
0.00741165 	-3.46271e-05 	-1.6225e-06 	-0.0122403
0.00745622 	-1.65423e-05 	-4.11397e-07 	-0.006046
0.00745622 	-1.65423e-05 	-4.11397e-07 	-0.006046
0.0075 	0 	0 	0
0.0075 	0 	0 	0
