0 	0 	0 	0
5.01672e-05 	0.00154447 	9.47598e-06 	0.0166007
0.000100334 	0.00208932 	2.15906e-05 	0.0314567
0.000150502 	0.00220818 	3.66095e-05 	0.0452278
0.000200669 	0.00232408 	5.11269e-05 	0.0581035
0.000250836 	0.00244893 	6.61069e-05 	0.0700495
0.000301003 	0.00253043 	8.11441e-05 	0.0810919
0.000351171 	0.00255866 	9.59442e-05 	0.0912951
0.000401338 	0.00253793 	0.000110209 	0.100718
0.000451505 	0.0024769 	0.000123693 	0.109408
0.000501672 	0.00238528 	0.000136222 	0.117409
0.000551839 	0.00227275 	0.000147707 	0.124769
0.000602007 	0.00214839 	0.000157995 	0.131538
0.000652174 	0.00201954 	0.000166837 	0.137771
0.000702341 	0.00189108 	0.000174097 	0.143526
0.000752508 	0.00176575 	0.000179921 	0.148855
0.000802676 	0.00164497 	0.000184599 	0.153801
0.000852843 	0.00153046 	0.000188155 	0.158351
0.00090301 	0.00142242 	0.000190672 	0.162599
0.000953177 	0.00132153 	0.000192136 	0.166577
0.00100334 	0.00122817 	0.000192629 	0.170311
0.00105351 	0.00114246 	0.000192311 	0.173826
0.00110368 	0.00106459 	0.000191401 	0.17714
0.00115385 	0.000997362 	0.000189988 	0.180223
0.00120401 	0.000938718 	0.000187984 	0.183153
0.00125418 	0.000888415 	0.000185345 	0.185944
0.00130435 	0.000846061 	0.000182077 	0.188609
0.00135452 	0.00081321 	0.000178145 	0.191128
0.00140468 	0.000787198 	0.000173914 	0.193534
0.00145485 	0.000766028 	0.000169589 	0.195851
0.00150502 	0.000749046 	0.000165258 	0.198086
0.00155518 	0.000737438 	0.000160927 	0.200205
0.00160535 	0.000728677 	0.000156591 	0.202257
0.00165552 	0.00072238 	0.000152257 	0.204251
0.00170569 	0.000719206 	0.000147948 	0.206164
0.00175585 	0.000718232 	0.00014365 	0.208014
0.00180602 	0.000718661 	0.000139358 	0.20982
0.00185619 	0.000720891 	0.000135074 	0.211561
0.00190635 	0.000724291 	0.000130817 	0.213248
0.00195652 	0.000728312 	0.00012662 	0.214899
0.00200669 	0.000733082 	0.000122656 	0.216492
0.00205686 	0.000737987 	0.000118942 	0.218043
0.00210702 	0.000742976 	0.000115393 	0.219569
0.00215719 	0.000747571 	0.000112172 	0.221036
0.00220736 	0.000751799 	0.000109112 	0.222485
0.00225753 	0.000755439 	0.000106308 	0.223905
0.00230769 	0.000757968 	0.000103934 	0.225301
0.00235786 	0.000759992 	0.00010175 	0.226688
0.00240803 	0.000760041 	0.000100211 	0.228057
0.00245819 	0.000759329 	9.87691e-05 	0.229415
0.00250836 	0.000757075 	9.7526e-05 	0.230754
0.00255853 	0.000753546 	9.61034e-05 	0.232056
0.0026087 	0.000749113 	9.45535e-05 	0.233332
0.00265886 	0.000743826 	9.27754e-05 	0.234546
0.00270903 	0.000738336 	9.09432e-05 	0.235745
0.0027592 	0.0007348 	8.93258e-05 	0.236896
0.00280936 	0.000732056 	8.78535e-05 	0.238048
0.00285953 	0.000733519 	8.71508e-05 	0.239208
0.0029097 	0.000736339 	8.67338e-05 	0.240382
0.00295987 	0.000742579 	8.7036e-05 	0.241591
0.00301003 	0.000748142 	8.73877e-05 	0.242801
0.0030602 	0.000752584 	8.78213e-05 	0.244011
0.00311037 	0.000752574 	8.80867e-05 	0.245179
0.00316054 	0.000746775 	8.81336e-05 	0.24629
0.0032107 	0.000736261 	8.8117e-05 	0.24734
0.00326087 	0.000720168 	8.80251e-05 	0.248318
0.00331104 	0.000702357 	8.80581e-05 	0.249258
0.0033612 	0.000682409 	8.82462e-05 	0.250149
0.00341137 	0.000662696 	8.84489e-05 	0.251025
0.00346154 	0.00064334 	8.86734e-05 	0.251877
0.00351171 	0.000624312 	8.8721e-05 	0.25272
0.00356187 	0.000606007 	8.83792e-05 	0.253543
0.00361204 	0.000587679 	8.79191e-05 	0.25436
0.00366221 	0.000569247 	8.69548e-05 	0.255149
0.00371237 	0.000550798 	8.59805e-05 	0.255937
0.00376254 	0.000531778 	8.46791e-05 	0.25669
0.00381271 	0.000512757 	8.33776e-05 	0.257443
0.00386288 	0.000493566 	8.20329e-05 	0.258167
0.00391304 	0.000474341 	8.06793e-05 	0.258886
0.00396321 	0.000455388 	7.93876e-05 	0.259585
0.00401338 	0.000436624 	7.81384e-05 	0.260269
0.00406355 	0.000418247 	7.6927e-05 	0.260943
0.00411371 	0.000400718 	7.57986e-05 	0.261594
0.00416388 	0.000383188 	7.46701e-05 	0.262244
0.00421405 	0.000367511 	7.3501e-05 	0.26286
0.00426421 	0.000351845 	7.23316e-05 	0.263476
0.00431438 	0.000337462 	7.09579e-05 	0.264068
0.00436455 	0.000323824 	6.94655e-05 	0.264646
0.00441472 	0.000310583 	6.78569e-05 	0.265216
0.00446488 	0.000298676 	6.58571e-05 	0.265756
0.00451505 	0.000286769 	6.38573e-05 	0.266296
0.00456522 	0.000275876 	6.16157e-05 	0.266804
0.00461538 	0.000265266 	5.93068e-05 	0.267305
0.00466555 	0.000254938 	5.69822e-05 	0.267794
0.00471572 	0.000245294 	5.46194e-05 	0.268256
0.00476589 	0.000235651 	5.22566e-05 	0.268717
0.00481605 	0.000226559 	4.96699e-05 	0.269152
0.00486622 	0.000217645 	4.7011e-05 	0.269577
0.00491639 	0.000208827 	4.42745e-05 	0.269996
0.00496656 	0.000200459 	4.11737e-05 	0.270385
0.00501672 	0.000192091 	3.80729e-05 	0.270774
0.00506689 	0.000183952 	3.48309e-05 	0.271144
0.00511706 	0.000176 	3.14729e-05 	0.271497
0.00516722 	0.000168048 	2.81149e-05 	0.271851
0.00521739 	0.000160305 	2.45656e-05 	0.272173
0.00526756 	0.000152593 	2.09889e-05 	0.272491
0.00531773 	0.000144877 	1.73886e-05 	0.272804
0.00536789 	0.000137146 	1.36579e-05 	0.273087
0.00541806 	0.000129415 	9.92715e-06 	0.27337
0.00546823 	0.000121578 	6.19701e-06 	0.27364
0.00551839 	0.00011357 	2.46783e-06 	0.273889
0.00556856 	0.000105562 	-1.26135e-06 	0.274138
0.00561873 	9.72671e-05 	-4.98318e-06 	0.274368
0.0056689 	8.87486e-05 	-8.69929e-06 	0.274583
0.00571906 	8.02301e-05 	-1.24154e-05 	0.274799
0.00576923 	7.11988e-05 	-1.62112e-05 	0.274991
0.0058194 	6.19379e-05 	-2.00428e-05 	0.275174
0.00586957 	5.2677e-05 	-2.38743e-05 	0.275356
0.00591973 	4.26912e-05 	-2.78984e-05 	0.275514
0.0059699 	3.24866e-05 	-3.19804e-05 	0.275664
0.00602007 	2.22821e-05 	-3.60625e-05 	0.275814
0.00607023 	1.12336e-05 	-4.03786e-05 	0.275938
0.0061204 	-3.47266e-08 	-4.47556e-05 	0.276056
0.00617057 	-1.13031e-05 	-4.91326e-05 	0.276174
0.00622074 	-2.34107e-05 	-5.37243e-05 	0.276268
0.0062709 	-3.57761e-05 	-5.83819e-05 	0.276354
0.00632107 	-4.81415e-05 	-6.30394e-05 	0.27644
0.00637124 	-6.12416e-05 	-6.78824e-05 	0.276504
0.0064214 	-7.46836e-05 	-7.28117e-05 	0.276559
0.00647157 	-8.81255e-05 	-7.7741e-05 	0.276613
0.00652174 	-0.000102108 	-8.28088e-05 	0.27665
0.00657191 	-0.000116541 	-8.79925e-05 	0.276672
0.00662207 	-0.000130975 	-9.31762e-05 	0.276694
0.00667224 	-0.000145685 	-9.84246e-05 	0.276705
0.00672241 	-0.000160907 	-0.000103793 	0.276695
0.00677258 	-0.000176129 	-0.000109161 	0.276685
0.00682274 	-0.000191401 	-0.000114535 	0.276672
0.00687291 	-0.000207122 	-0.000119963 	0.276629
0.00692308 	-0.000222843 	-0.00012539 	0.276587
0.00697324 	-0.000238565 	-0.000130818 	0.276544
0.00702341 	-0.000254397 	-0.000136218 	0.276476
0.00707358 	-0.000270259 	-0.000141611 	0.276401
0.00712375 	-0.00028612 	-0.000147004 	0.276327
0.00717391 	-0.000301872 	-0.000152434 	0.276237
0.00722408 	-0.000317473 	-0.000157916 	0.276127
0.00727425 	-0.000333073 	-0.000163397 	0.276017
0.00732441 	-0.000348673 	-0.000168878 	0.275907
0.00737458 	-0.000364147 	-0.000174244 	0.275755
0.00742475 	-0.000379619 	-0.000179609 	0.275602
0.00747492 	-0.000395091 	-0.000184973 	0.27545
0.00752508 	-0.000410661 	-0.000190095 	0.275274
0.00757525 	-0.000426328 	-0.000194972 	0.275076
0.00762542 	-0.000441996 	-0.00019985 	0.274877
0.00767559 	-0.000457658 	-0.000204726 	0.274678
0.00772575 	-0.000472743 	-0.000209504 	0.274438
0.00777592 	-0.000487828 	-0.000214281 	0.274197
0.00782609 	-0.000502913 	-0.000219058 	0.273957
0.00787625 	-0.000517193 	-0.000223728 	0.273697
0.00792642 	-0.000530891 	-0.000228321 	0.273423
0.00797659 	-0.000544589 	-0.000232913 	0.273149
0.00802676 	-0.00055769 	-0.000237335 	0.272869
0.00807692 	-0.000568555 	-0.000241117 	0.27257
0.00812709 	-0.00057942 	-0.000244898 	0.27227
0.00817726 	-0.000590285 	-0.00024868 	0.271971
0.00822742 	-0.000595561 	-0.000252256 	0.271664
0.00827759 	-0.000600222 	-0.00025581 	0.271357
0.00832776 	-0.000604882 	-0.000259365 	0.27105
0.00837793 	-0.000607592 	-0.000263393 	0.270732
0.00842809 	-0.000609249 	-0.000267677 	0.270408
0.00847826 	-0.000610906 	-0.000271962 	0.270085
0.00852843 	-0.000620523 	-0.000276587 	0.269708
0.0085786 	-0.000639661 	-0.000281619 	0.269267
0.00862876 	-0.000658799 	-0.000286652 	0.268825
0.00867893 	-0.000689906 	-0.000291281 	0.268312
0.0087291 	-0.000746744 	-0.000295043 	0.267642
0.00877926 	-0.000803581 	-0.000298806 	0.266972
0.00882943 	-0.000861869 	-0.00030234 	0.266287
0.0088796 	-0.000924879 	-0.000305131 	0.265552
0.00892977 	-0.00098789 	-0.000307923 	0.264816
0.00897993 	-0.00104451 	-0.000310929 	0.264108
0.0090301 	-0.00107658 	-0.000314764 	0.263502
0.00908027 	-0.00110866 	-0.000318598 	0.262896
0.00913043 	-0.00113472 	-0.000322706 	0.262312
0.0091806 	-0.00114085 	-0.00032772 	0.2618
0.00923077 	-0.00114697 	-0.000332735 	0.261288
0.00928094 	-0.00114891 	-0.000337778 	0.260783
0.0093311 	-0.0011415 	-0.000342884 	0.260296
0.00938127 	-0.00113409 	-0.00034799 	0.259809
0.00943144 	-0.00112525 	-0.000352532 	0.259314
0.00948161 	-0.00111457 	-0.000356349 	0.258807
0.00953177 	-0.0011039 	-0.000360167 	0.258301
0.00958194 	-0.00109291 	-0.000363501 	0.257779
0.00963211 	-0.00108172 	-0.000366537 	0.257246
0.00968227 	-0.00107052 	-0.000369574 	0.256713
0.00973244 	-0.00105868 	-0.000372222 	0.25616
0.00978261 	-0.00104673 	-0.000374799 	0.255603
0.00983278 	-0.00103469 	-0.000377294 	0.255042
0.00988294 	-0.00102206 	-0.000379207 	0.254458
0.00993311 	-0.00100944 	-0.000381119 	0.253873
0.00998328 	-0.000996622 	-0.000382676 	0.253275
0.0100334 	-0.000983571 	-0.000383798 	0.25266
0.0100836 	-0.000970519 	-0.000384921 	0.252046
0.0101338 	-0.000957344 	-0.000385416 	0.251404
0.0101839 	-0.000944142 	-0.000385778 	0.250756
0.0102341 	-0.000930941 	-0.000386068 	0.2501
0.0102843 	-0.00091774 	-0.000386138 	0.249416
0.0103344 	-0.000904539 	-0.000386208 	0.248733
0.0103846 	-0.000891256 	-0.000386298 	0.248025
0.0104348 	-0.000877939 	-0.000386398 	0.247307
0.0104849 	-0.000864524 	-0.000386474 	0.246582
0.0105351 	-0.000850755 	-0.000386471 	0.245831
0.0105853 	-0.000836985 	-0.000386468 	0.245081
0.0106355 	-0.000822622 	-0.000386261 	0.244308
0.0106856 	-0.000808082 	-0.000385995 	0.243528
0.0107358 	-0.000793213 	-0.000385607 	0.242738
0.010786 	-0.000777776 	-0.000385011 	0.241931
0.0108361 	-0.000762334 	-0.000384412 	0.241124
0.0108863 	-0.000746049 	-0.000383409 	0.24029
0.0109365 	-0.000729764 	-0.000382405 	0.239456
0.0109866 	-0.000713064 	-0.000381178 	0.238604
0.0110368 	-0.000696175 	-0.000379849 	0.237743
0.011087 	-0.000679285 	-0.000378372 	0.236874
0.0111371 	-0.000662393 	-0.000376681 	0.23599
0.0111873 	-0.00064564 	-0.000374824 	0.235102
0.0112375 	-0.000629576 	-0.000372151 	0.234197
0.0112876 	-0.000613511 	-0.000369478 	0.233291
0.0113378 	-0.000598571 	-0.000365291 	0.232355
0.011388 	-0.000583666 	-0.000361057 	0.231418
0.0114381 	-0.000569267 	-0.000355685 	0.230433
0.0114883 	-0.000554987 	-0.000350046 	0.229436
0.0115385 	-0.000540621 	-0.000344485 	0.22838
0.0115886 	-0.000526217 	-0.000338959 	0.227296
0.0116388 	-0.000511601 	-0.000334259 	0.226167
0.011689 	-0.000496846 	-0.000330103 	0.225006
0.0117391 	-0.000482086 	-0.000326136 	0.223825
0.0117893 	-0.000467322 	-0.000322322 	0.222628
0.0118395 	-0.00045275 	-0.000318007 	0.221424
0.0118896 	-0.000438341 	-0.000313271 	0.220213
0.0119398 	-0.000424243 	-0.000307803 	0.218989
0.01199 	-0.000410384 	-0.000301773 	0.217754
0.0120401 	-0.000396872 	-0.000295252 	0.216493
0.0120903 	-0.000383569 	-0.000288435 	0.215216
0.0121405 	-0.000370239 	-0.000281666 	0.213903
0.0121906 	-0.000356899 	-0.000274916 	0.212575
0.0122408 	-0.000342867 	-0.00026803 	0.211201
0.012291 	-0.000328706 	-0.000261117 	0.209818
0.0123411 	-0.00031431 	-0.000253733 	0.208361
0.0123913 	-0.000300405 	-0.000246268 	0.206886
0.0124415 	-0.000288564 	-0.000238464 	0.205331
0.0124916 	-0.00027899 	-0.000230415 	0.203727
0.0125418 	-0.000272606 	-0.000222021 	0.202056
0.012592 	-0.000269804 	-0.000213289 	0.200313
0.0126421 	-0.000268768 	-0.000204391 	0.198535
0.0126923 	-0.000270183 	-0.000195321 	0.19667
0.0127425 	-0.000271768 	-0.000186234 	0.194778
0.0127926 	-0.000273498 	-0.000177124 	0.192825
0.0128428 	-0.000275273 	-0.00016796 	0.190813
0.012893 	-0.000277075 	-0.000158763 	0.188766
0.0129431 	-0.000280439 	-0.000149392 	0.18661
0.0129933 	-0.000285045 	-0.00013996 	0.184407
0.0130435 	-0.000291547 	-0.000130435 	0.18213
0.0130936 	-0.00030116 	-0.000120861 	0.179748
0.0131438 	-0.000312472 	-0.000111283 	0.177308
0.013194 	-0.00032641 	-0.000101721 	0.174773
0.0132441 	-0.000342897 	-9.22273e-05 	0.172133
0.0132943 	-0.00036104 	-8.27917e-05 	0.169419
0.0133445 	-0.000381452 	-7.34509e-05 	0.166599
0.0133946 	-0.000404623 	-6.42556e-05 	0.163645
0.0134448 	-0.000429901 	-5.51939e-05 	0.160595
0.013495 	-0.000457582 	-4.62952e-05 	0.157435
0.0135452 	-0.000489621 	-3.77711e-05 	0.154092
0.0135953 	-0.000524546 	-2.95499e-05 	0.150627
0.0136455 	-0.000562439 	-2.16626e-05 	0.147033
0.0136957 	-0.000603829 	-1.42127e-05 	0.143278
0.0137458 	-0.000648881 	-7.29906e-06 	0.139328
0.013796 	-0.000696458 	-8.26505e-07 	0.135221
0.0138462 	-0.000746421 	5.16206e-06 	0.130946
0.0138963 	-0.00079858 	1.06153e-05 	0.126494
0.0139465 	-0.000852963 	1.52837e-05 	0.121791
0.0139967 	-0.000908415 	1.93123e-05 	0.116881
0.0140468 	-0.000964424 	2.27073e-05 	0.111758
0.014097 	-0.00102029 	2.54465e-05 	0.106409
0.0141472 	-0.00107495 	2.74951e-05 	0.100817
0.0141973 	-0.00112673 	2.881e-05 	0.0949605
0.0142475 	-0.00117185 	2.92675e-05 	0.0887796
0.0142977 	-0.00120773 	2.90409e-05 	0.0823212
0.0143478 	-0.00123123 	2.82106e-05 	0.0756094
0.014398 	-0.00123903 	2.68223e-05 	0.0686887
0.0144482 	-0.0012279 	2.49372e-05 	0.0616282
0.0144983 	-0.00119527 	2.26523e-05 	0.0545201
0.0145485 	-0.00113999 	2.00801e-05 	0.0474717
0.0145987 	-0.00106299 	1.73299e-05 	0.0405932
0.0146488 	-0.000967376 	1.4498e-05 	0.0339827
0.014699 	-0.000857997 	1.16444e-05 	0.0277172
0.0147492 	-0.0007408 	8.82146e-06 	0.0218544
0.0147993 	-0.000622504 	6.19136e-06 	0.0164452
0.0148495 	-0.000511274 	3.5438e-06 	0.0115691
0.0148997 	-0.000398653 	1.55798e-06 	0.0073104
0.0149498 	-0.000237241 	5.76821e-07 	0.0035579
0.015 	0 	0 	0
