0 	0 	0 	0
5.01672e-05 	-0.000584429 	6.53438e-07 	0.0178653
0.000100334 	-0.00117942 	-2.12203e-06 	0.0341457
0.000150502 	-0.0017336 	-7.42165e-06 	0.0491758
0.000200669 	-0.00221575 	-1.53324e-05 	0.0630713
0.000250836 	-0.00262612 	-2.56217e-05 	0.0758818
0.000301003 	-0.00297088 	-3.76842e-05 	0.0876825
0.000351171 	-0.00325497 	-5.13106e-05 	0.0985581
0.000401338 	-0.00348322 	-6.62127e-05 	0.10858
0.000451505 	-0.00366068 	-8.21729e-05 	0.117806
0.000501672 	-0.00379285 	-9.90114e-05 	0.126288
0.000551839 	-0.00388544 	-0.000116423 	0.134078
0.000602007 	-0.003944 	-0.000134158 	0.141237
0.000652174 	-0.00397363 	-0.000152197 	0.147828
0.000702341 	-0.00397889 	-0.000170587 	0.153914
0.000752508 	-0.00396373 	-0.00018927 	0.159548
0.000802676 	-0.00393138 	-0.0002081 	0.164776
0.000852843 	-0.00388303 	-0.000226872 	0.169583
0.00090301 	-0.0038237 	-0.00024555 	0.174068
0.000953177 	-0.00375543 	-0.000264117 	0.178262
0.00100334 	-0.00367989 	-0.000282527 	0.182193
0.00105351 	-0.00359851 	-0.000300738 	0.185887
0.00110368 	-0.00351238 	-0.000318705 	0.189361
0.00115385 	-0.00342188 	-0.0003363 	0.192582
0.00120401 	-0.00332914 	-0.000353545 	0.195632
0.00125418 	-0.00323478 	-0.000370495 	0.198524
0.00130435 	-0.0031393 	-0.00038721 	0.201274
0.00135452 	-0.00304319 	-0.000403762 	0.203851
0.00140468 	-0.00294729 	-0.000419931 	0.206293
0.00145485 	-0.00285186 	-0.000435617 	0.208629
0.00150502 	-0.00275705 	-0.000450748 	0.21087
0.00155518 	-0.00266363 	-0.000464961 	0.212973
0.00160535 	-0.00257125 	-0.000478741 	0.215
0.00165552 	-0.00247984 	-0.000492166 	0.216958
0.00170569 	-0.00238993 	-0.0005052 	0.218824
0.00175585 	-0.00230145 	-0.000517813 	0.220618
0.00180602 	-0.00221404 	-0.000530099 	0.222361
0.00185619 	-0.00212833 	-0.000541847 	0.224032
0.00190635 	-0.00204435 	-0.00055312 	0.225642
0.00195652 	-0.00196153 	-0.000564089 	0.227214
0.00200669 	-0.00188085 	-0.000574505 	0.22872
0.00205686 	-0.00180188 	-0.00058448 	0.230181
0.00210702 	-0.00172405 	-0.000594163 	0.231613
0.00215719 	-0.00164915 	-0.000603127 	0.232977
0.00220736 	-0.00157544 	-0.000611823 	0.234316
0.00225753 	-0.00150364 	-0.000620091 	0.235615
0.00230769 	-0.00143418 	-0.000627852 	0.236869
0.00235786 	-0.00136573 	-0.000635395 	0.238104
0.00240803 	-0.00130043 	-0.000642275 	0.239284
0.00245819 	-0.00123623 	-0.000648927 	0.240445
0.00250836 	-0.00117428 	-0.000655117 	0.241569
0.00255853 	-0.00111433 	-0.00066091 	0.242661
0.0026087 	-0.0010558 	-0.000666422 	0.243732
0.00265886 	-0.00100006 	-0.000671391 	0.24476
0.00270903 	-0.000944994 	-0.000676232 	0.245778
0.0027592 	-0.000893427 	-0.000680409 	0.246747
0.00280936 	-0.000842418 	-0.000684482 	0.247708
0.00285953 	-0.000794357 	-0.000688005 	0.248628
0.0029097 	-0.00074728 	-0.000691349 	0.249535
0.00295987 	-0.000702676 	-0.000694237 	0.250409
0.00301003 	-0.000659341 	-0.000696891 	0.251266
0.0030602 	-0.000618105 	-0.000699156 	0.252095
0.00311037 	-0.000578286 	-0.000701152 	0.252905
0.00316054 	-0.000540308 	-0.000702798 	0.253691
0.0032107 	-0.000503774 	-0.000704175 	0.254457
0.00326087 	-0.000468949 	-0.000705233 	0.2552
0.00331104 	-0.000435512 	-0.000706051 	0.255925
0.0033612 	-0.000403801 	-0.000706572 	0.256628
0.00341137 	-0.000373351 	-0.000706857 	0.257314
0.00346154 	-0.000344812 	-0.000706784 	0.257976
0.00351171 	-0.000317309 	-0.00070654 	0.258627
0.00356187 	-0.000292082 	-0.000705923 	0.25925
0.00361204 	-0.0002675 	-0.000705266 	0.259867
0.00366221 	-0.000245658 	-0.000704446 	0.260456
0.00371237 	-0.000223908 	-0.000703621 	0.261044
0.00376254 	-0.000205142 	-0.000702599 	0.261611
0.00381271 	-0.000186375 	-0.000701577 	0.262179
0.00386288 	-0.000170433 	-0.000699901 	0.262752
0.00391304 	-0.000155067 	-0.000698091 	0.263327
0.00396321 	-0.000142775 	-0.000695622 	0.26392
0.00401338 	-0.000132603 	-0.000692699 	0.264527
0.00406355 	-0.000124215 	-0.000689683 	0.265135
0.00411371 	-0.000119736 	-0.000686463 	0.265746
0.00416388 	-0.000115257 	-0.000683244 	0.266357
0.00421405 	-0.000113591 	-0.000680664 	0.266902
0.00426421 	-0.000111943 	-0.000678089 	0.267447
0.00431438 	-0.000109913 	-0.000675639 	0.26793
0.00436455 	-0.00010766 	-0.000673262 	0.268378
0.00441472 	-0.000105117 	-0.000670709 	0.268809
0.00446488 	-0.000101595 	-0.000667561 	0.269188
0.00451505 	-9.8073e-05 	-0.000664413 	0.269567
0.00456522 	-9.47004e-05 	-0.000660613 	0.269918
0.00461538 	-9.13694e-05 	-0.000656632 	0.270261
0.00466555 	-8.84304e-05 	-0.000652578 	0.270596
0.00471572 	-8.64429e-05 	-0.000648346 	0.270912
0.00476589 	-8.44554e-05 	-0.000644115 	0.271228
0.00481605 	-8.37033e-05 	-0.000639888 	0.271522
0.00486622 	-8.33486e-05 	-0.000635662 	0.271809
0.00491639 	-8.32616e-05 	-0.000631419 	0.272091
0.00496656 	-8.4428e-05 	-0.000627095 	0.272349
0.00501672 	-8.55945e-05 	-0.000622771 	0.272606
0.00506689 	-8.74511e-05 	-0.000618365 	0.272848
0.00511706 	-8.98744e-05 	-0.000613893 	0.273077
0.00516722 	-9.22978e-05 	-0.00060942 	0.273306
0.00521739 	-9.55723e-05 	-0.000604835 	0.273511
0.00526756 	-9.89683e-05 	-0.000600234 	0.273713
0.00531773 	-0.000102468 	-0.000595616 	0.27391
0.00536789 	-0.000106545 	-0.000590911 	0.274085
0.00541806 	-0.000110621 	-0.000586205 	0.27426
0.00546823 	-0.000114839 	-0.000581468 	0.274424
0.00551839 	-0.000119286 	-0.000576679 	0.274572
0.00556856 	-0.000123732 	-0.000571891 	0.27472
0.00561873 	-0.000128198 	-0.000567065 	0.274853
0.0056689 	-0.000132681 	-0.000562209 	0.274974
0.00571906 	-0.000137163 	-0.000557354 	0.275095
0.00576923 	-0.000141427 	-0.000552461 	0.275198
0.0058194 	-0.000145595 	-0.000547551 	0.275293
0.00586957 	-0.000149762 	-0.000542641 	0.275388
0.00591973 	-0.000153408 	-0.000537685 	0.275463
0.0059699 	-0.000156897 	-0.000532716 	0.275531
0.00602007 	-0.000160386 	-0.000527747 	0.275599
0.00607023 	-0.000163047 	-0.000522729 	0.275647
0.0061204 	-0.000165492 	-0.000517698 	0.275689
0.00617057 	-0.000167938 	-0.000512667 	0.275731
0.00622074 	-0.000169313 	-0.000507613 	0.275753
0.0062709 	-0.00017036 	-0.000502551 	0.275768
0.00632107 	-0.000171407 	-0.00049749 	0.275784
0.00637124 	-0.000171266 	-0.000492431 	0.275781
0.0064214 	-0.000170573 	-0.000487374 	0.27577
0.00647157 	-0.000169879 	-0.000482318 	0.275759
0.00652174 	-0.000168055 	-0.000477273 	0.275733
0.00657191 	-0.000165285 	-0.000472238 	0.275696
0.00662207 	-0.000162515 	-0.000467203 	0.275658
0.00667224 	-0.000158902 	-0.000462179 	0.275611
0.00672241 	-0.000153729 	-0.000457176 	0.275547
0.00677258 	-0.000148556 	-0.000452174 	0.275483
0.00682274 	-0.000143114 	-0.00044717 	0.275416
0.00687291 	-0.000135233 	-0.000442158 	0.275325
0.00692308 	-0.000127351 	-0.000437146 	0.275235
0.00697324 	-0.00011947 	-0.000432134 	0.275144
0.00702341 	-0.00010922 	-0.000427357 	0.275033
0.00707358 	-9.83397e-05 	-0.000422643 	0.274916
0.00712375 	-8.7459e-05 	-0.000417929 	0.2748
0.00717391 	-7.5152e-05 	-0.000413382 	0.274672
0.00722408 	-6.08786e-05 	-0.000409066 	0.274529
0.00727425 	-4.66053e-05 	-0.00040475 	0.274386
0.00732441 	-3.23319e-05 	-0.000400434 	0.274243
0.00737458 	-1.42765e-05 	-0.000396005 	0.274074
0.00742475 	3.8134e-06 	-0.000391575 	0.273904
0.00747492 	2.19033e-05 	-0.000387145 	0.273735
0.00752508 	4.20886e-05 	-0.000382568 	0.273551
0.00757525 	6.43693e-05 	-0.000377844 	0.273353
0.00762542 	8.665e-05 	-0.00037312 	0.273156
0.00767559 	0.000108969 	-0.000368395 	0.272958
0.00772575 	0.000135495 	-0.000363596 	0.272733
0.00777592 	0.000162021 	-0.000358798 	0.272507
0.00782609 	0.000188546 	-0.000353999 	0.272282
0.00787625 	0.00021731 	-0.000349423 	0.272043
0.00792642 	0.000247696 	-0.00034501 	0.271794
0.00797659 	0.000278083 	-0.000340596 	0.271544
0.00802676 	0.000309227 	-0.000336259 	0.27129
0.00807692 	0.000343213 	-0.000332205 	0.271017
0.00812709 	0.000377199 	-0.000328151 	0.270744
0.00817726 	0.000411185 	-0.000324098 	0.270471
0.00822742 	0.000448216 	-0.00032008 	0.270177
0.00827759 	0.000485583 	-0.000316066 	0.269881
0.00832776 	0.000522949 	-0.000312052 	0.269585
0.00837793 	0.000562341 	-0.000308105 	0.269275
0.00842809 	0.000602825 	-0.000304194 	0.268956
0.00847826 	0.00064331 	-0.000300284 	0.268638
0.00852843 	0.000685081 	-0.000296434 	0.268309
0.0085786 	0.000728391 	-0.000292659 	0.267969
0.00862876 	0.000771701 	-0.000288883 	0.267628
0.00867893 	0.000815811 	-0.000285156 	0.267281
0.0087291 	0.000861643 	-0.000281533 	0.26692
0.00877926 	0.000907475 	-0.000277911 	0.266558
0.00882943 	0.000953826 	-0.000274325 	0.266192
0.0088796 	0.00100187 	-0.00027086 	0.26581
0.00892977 	0.00104991 	-0.000267395 	0.265429
0.00897993 	0.00109835 	-0.000263956 	0.265043
0.0090301 	0.00114831 	-0.000260621 	0.264641
0.00908027 	0.00119827 	-0.000257286 	0.264239
0.00913043 	0.00124861 	-0.000253976 	0.263833
0.0091806 	0.0013002 	-0.000250748 	0.263412
0.00923077 	0.0013518 	-0.000247521 	0.262991
0.00928094 	0.00140383 	-0.000244327 	0.262564
0.0093311 	0.00145681 	-0.000241212 	0.262123
0.00938127 	0.0015098 	-0.000238096 	0.261683
0.00943144 	0.00156329 	-0.000235041 	0.261235
0.00948161 	0.00161742 	-0.000232066 	0.260776
0.00953177 	0.00167156 	-0.000229091 	0.260317
0.00958194 	0.00172628 	-0.000226224 	0.259847
0.00963211 	0.00178136 	-0.000223426 	0.259369
0.00968227 	0.00183644 	-0.000220627 	0.258892
0.00973244 	0.00189219 	-0.000218003 	0.258399
0.00978261 	0.00194808 	-0.000215411 	0.257904
0.00983278 	0.00200405 	-0.000212846 	0.257406
0.00988294 	0.00206067 	-0.000210474 	0.256892
0.00993311 	0.00211729 	-0.000208102 	0.256377
0.00998328 	0.00217422 	-0.000205825 	0.255855
0.0100334 	0.00223151 	-0.000203665 	0.255321
0.0100836 	0.00228881 	-0.000201505 	0.254788
0.0101338 	0.00234654 	-0.000199502 	0.254239
0.0101839 	0.00240437 	-0.000197532 	0.253686
0.0102341 	0.00246225 	-0.000195604 	0.253128
0.0102843 	0.00252033 	-0.000193806 	0.252555
0.0103344 	0.00257841 	-0.000192009 	0.251982
0.0103846 	0.0026364 	-0.000190341 	0.251394
0.0104348 	0.00269435 	-0.000188727 	0.250799
0.0104849 	0.0027522 	-0.000187156 	0.250201
0.0105351 	0.00280967 	-0.000185742 	0.249585
0.0105853 	0.00286714 	-0.000184327 	0.248969
0.0106355 	0.002924 	-0.00018305 	0.248335
0.0106856 	0.00298069 	-0.000181813 	0.247697
0.0107358 	0.003037 	-0.000180623 	0.247049
0.010786 	0.0030927 	-0.000179514 	0.246387
0.0108361 	0.00314838 	-0.000178405 	0.245724
0.0108863 	0.00320299 	-0.000177297 	0.245036
0.0109365 	0.00325759 	-0.000176189 	0.244348
0.0109866 	0.00331145 	-0.000175222 	0.243642
0.0110368 	0.00336497 	-0.000174319 	0.242927
0.011087 	0.00341809 	-0.000173751 	0.242201
0.0111371 	0.00347064 	-0.000173668 	0.241458
0.0111873 	0.00352306 	-0.000173612 	0.24071
0.0112375 	0.00357483 	-0.000173686 	0.239937
0.0112876 	0.00362661 	-0.000173761 	0.239164
0.0113378 	0.00367745 	-0.000172721 	0.238358
0.011388 	0.00372826 	-0.000171647 	0.237552
0.0114381 	0.00377751 	-0.000169906 	0.236715
0.0114883 	0.0038264 	-0.000168009 	0.235871
0.0115385 	0.003873 	-0.000166436 	0.234998
0.0115886 	0.00391856 	-0.00016501 	0.234112
0.0116388 	0.00396137 	-0.000164441 	0.233198
0.011689 	0.00400237 	-0.000164437 	0.232265
0.0117391 	0.00404053 	-0.000164741 	0.231305
0.0117893 	0.0040764 	-0.000165292 	0.230323
0.0118395 	0.00410949 	-0.000165348 	0.229314
0.0118896 	0.00414021 	-0.000164985 	0.228281
0.0119398 	0.00416803 	-0.000164295 	0.227218
0.01199 	0.00419362 	-0.000163353 	0.226132
0.0120401 	0.00421594 	-0.000162343 	0.225012
0.0120903 	0.00423629 	-0.000161294 	0.22387
0.0121405 	0.00425283 	-0.000160033 	0.222687
0.0121906 	0.00426786 	-0.000158687 	0.221487
0.0122408 	0.00427832 	-0.000157057 	0.220235
0.012291 	0.0042879 	-0.000155373 	0.218973
0.0123411 	0.00429187 	-0.000153358 	0.217645
0.0123913 	0.00429473 	-0.000151281 	0.216303
0.0124415 	0.00429287 	-0.000148937 	0.214905
0.0124916 	0.00428852 	-0.000146462 	0.213475
0.0125418 	0.00428066 	-0.000143802 	0.212001
0.012592 	0.00426872 	-0.000140939 	0.210471
0.0126421 	0.00425476 	-0.000137975 	0.208913
0.0126923 	0.00423488 	-0.000134709 	0.207269
0.0127425 	0.00421301 	-0.000131339 	0.205593
0.0127926 	0.00418651 	-0.000127725 	0.203846
0.0128428 	0.00415596 	-0.000123921 	0.202034
0.012893 	0.00412287 	-0.00012 	0.200181
0.0129431 	0.00408296 	-0.000115829 	0.198218
0.0129933 	0.00404014 	-0.000111565 	0.196207
0.0130435 	0.00399296 	-0.000107161 	0.194123
0.0130936 	0.00393961 	-0.000102559 	0.191932
0.0131438 	0.00388275 	-9.78455e-05 	0.189678
0.013194 	0.00382032 	-9.29556e-05 	0.187324
0.0132441 	0.00375166 	-8.79022e-05 	0.184852
0.0132943 	0.00367875 	-8.27609e-05 	0.182298
0.0133445 	0.00359974 	-7.75208e-05 	0.179626
0.0133946 	0.00351352 	-7.22312e-05 	0.176809
0.0134448 	0.0034222 	-6.69125e-05 	0.173886
0.013495 	0.00332526 	-6.15643e-05 	0.170847
0.0135452 	0.00321911 	-5.61324e-05 	0.16761
0.0135953 	0.0031069 	-5.06751e-05 	0.16424
0.0136455 	0.00298828 	-4.52315e-05 	0.160729
0.0136957 	0.0028617 	-3.98889e-05 	0.157038
0.0137458 	0.00272568 	-3.48026e-05 	0.153126
0.013796 	0.00258239 	-2.99228e-05 	0.149034
0.0138462 	0.0024317 	-2.523e-05 	0.14475
0.0138963 	0.00227357 	-2.0689e-05 	0.140259
0.0139465 	0.00210616 	-1.64431e-05 	0.135475
0.0139967 	0.00193237 	-1.26097e-05 	0.130448
0.0140468 	0.00175327 	-9.0864e-06 	0.125166
0.014097 	0.00156981 	-5.71617e-06 	0.119612
0.0141472 	0.00138305 	-2.37684e-06 	0.113768
0.0141973 	0.00119401 	7.89364e-07 	0.107609
0.0142475 	0.00100478 	3.16411e-06 	0.101061
0.0142977 	0.000818908 	4.67073e-06 	0.0941657
0.0143478 	0.000640959 	5.62153e-06 	0.0869364
0.014398 	0.000476563 	6.25483e-06 	0.0794086
0.0144482 	0.000331481 	6.59979e-06 	0.07165
0.0144983 	0.000210851 	6.66594e-06 	0.0637604
0.0145485 	0.000118406 	6.57299e-06 	0.0558664
0.0145987 	5.547e-05 	6.46099e-06 	0.0481056
0.0146488 	2.00621e-05 	6.39697e-06 	0.0406049
0.014699 	6.67781e-06 	6.35402e-06 	0.0334605
0.0147492 	6.47613e-06 	6.25648e-06 	0.0267303
0.0147993 	6.65023e-06 	6.18062e-06 	0.0204397
0.0148495 	-1.30514e-05 	5.22118e-06 	0.0145989
0.0148997 	-5.95064e-05 	3.84942e-06 	0.00923251
0.0149498 	-7.84985e-05 	2.49177e-06 	0.00437757
0.015 	0 	0 	0
