-0.0075 	0 	0 	0
-0.0075 	-4.09344e-21 	-3.13581e-22 	1.41034e-18
-0.00745622 	2.64324e-05 	2.02487e-06 	-0.00910692
-0.00745622 	2.64324e-05 	2.02487e-06 	-0.00910692
-0.00741165 	5.07335e-05 	7.23318e-06 	-0.0184107
-0.00741165 	5.07335e-05 	7.23318e-06 	-0.0184107
-0.00736628 	7.32485e-05 	1.59753e-05 	-0.0278979
-0.00736628 	7.32485e-05 	1.59753e-05 	-0.0278979
-0.0073201 	9.4117e-05 	2.82342e-05 	-0.0375117
-0.0073201 	9.4117e-05 	2.82342e-05 	-0.0375117
-0.00727309 	0.000113498 	4.38028e-05 	-0.0471938
-0.00727309 	0.000113498 	4.38028e-05 	-0.0471938
-0.00722524 	0.000131562 	6.25079e-05 	-0.0568868
-0.00722524 	0.000131562 	6.25079e-05 	-0.0568868
-0.00717653 	0.000148475 	8.41511e-05 	-0.066537
-0.00717653 	0.000148475 	8.41511e-05 	-0.066537
-0.00712695 	0.000164386 	0.000108519 	-0.0760971
-0.00712695 	0.000164386 	0.000108519 	-0.0760971
-0.00707647 	0.000179426 	0.000135394 	-0.085529
-0.00707647 	0.000179426 	0.000135394 	-0.085529
-0.0070251 	0.000193696 	0.000164569 	-0.0948049
-0.0070251 	0.000193696 	0.000164569 	-0.0948049
-0.0069728 	0.000207269 	0.000195862 	-0.103908
-0.0069728 	0.000207269 	0.000195862 	-0.103908
-0.00691956 	0.000220181 	0.000229113 	-0.11283
-0.00691956 	0.000220181 	0.000229113 	-0.11283
-0.00686537 	0.000232432 	0.00026419 	-0.121571
-0.00686537 	0.000232432 	0.00026419 	-0.121571
-0.00681021 	0.00024398 	0.00030097 	-0.130132
-0.00681021 	0.00024398 	0.00030097 	-0.130132
-0.00675406 	0.000254749 	0.000339333 	-0.138512
-0.00675406 	0.000254749 	0.000339333 	-0.138512
-0.0066969 	0.000264629 	0.000379154 	-0.14671
-0.0066969 	0.000264629 	0.000379154 	-0.14671
-0.00663871 	0.000273485 	0.000420291 	-0.154721
-0.00663871 	0.000273485 	0.000420291 	-0.154721
-0.00657949 	0.000281171 	0.000462569 	-0.162536
-0.00657949 	0.000281171 	0.000462569 	-0.162536
-0.0065192 	0.000287541 	0.00050578 	-0.170142
-0.0065192 	0.000287541 	0.00050578 	-0.170142
-0.00645783 	0.000292463 	0.000549673 	-0.177521
-0.00645783 	0.000292463 	0.000549673 	-0.177521
-0.00639535 	0.000295833 	0.000593955 	-0.184653
-0.00639535 	0.000295833 	0.000593955 	-0.184653
-0.00633176 	0.00029759 	0.000638292 	-0.191514
-0.00633176 	0.00029759 	0.000638292 	-0.191514
-0.00626703 	0.000297721 	0.000682315 	-0.19808
-0.00626703 	0.000297721 	0.000682315 	-0.19808
-0.00620114 	0.000296267 	0.000725627 	-0.204329
-0.00620114 	0.000296267 	0.000725627 	-0.204329
-0.00613406 	0.00029332 	0.000767812 	-0.210237
-0.00613406 	0.00029332 	0.000767812 	-0.210237
-0.00606579 	0.000289012 	0.00080845 	-0.215784
-0.00606579 	0.000289012 	0.00080845 	-0.215784
-0.00599629 	0.000283506 	0.000847124 	-0.220954
-0.00599629 	0.000283506 	0.000847124 	-0.220954
-0.00592554 	0.000276973 	0.000883432 	-0.225733
-0.00592554 	0.000276973 	0.000883432 	-0.225733
-0.00585352 	0.00026958 	0.000916999 	-0.230114
-0.00585352 	0.00026958 	0.000916999 	-0.230114
-0.00578022 	0.000261468 	0.000947488 	-0.234093
-0.00578022 	0.000261468 	0.000947488 	-0.234093
-0.00570559 	0.000252742 	0.000974606 	-0.237671
-0.00570559 	0.000252742 	0.000974606 	-0.237671
-0.00562963 	0.000243459 	0.000998113 	-0.240855
-0.00562963 	0.000243459 	0.000998113 	-0.240855
-0.00555231 	0.00023363 	0.00101783 	-0.243658
-0.00555231 	0.00023363 	0.00101783 	-0.243658
-0.0054736 	0.000223217 	0.00103365 	-0.246094
-0.0054736 	0.000223217 	0.00103365 	-0.246094
-0.00539348 	0.000212147 	0.00104552 	-0.248185
-0.00539348 	0.000212147 	0.00104552 	-0.248185
-0.00531193 	0.000200326 	0.00105346 	-0.249954
-0.00531193 	0.000200326 	0.00105346 	-0.249954
-0.00522891 	0.000187652 	0.00105755 	-0.251427
-0.00522891 	0.000187652 	0.00105755 	-0.251427
-0.0051444 	0.000174045 	0.00105796 	-0.252631
-0.0051444 	0.000174045 	0.00105796 	-0.252631
-0.00505838 	0.000159464 	0.00105493 	-0.253596
-0.00505838 	0.000159464 	0.00105493 	-0.253596
-0.00497081 	0.000143924 	0.00104877 	-0.254354
-0.00497081 	0.000143924 	0.00104877 	-0.254354
-0.00488168 	0.000127479 	0.00103977 	-0.254936
-0.00488168 	0.000127479 	0.00103977 	-0.254936
-0.00479094 	0.000110226 	0.00102829 	-0.255369
-0.00479094 	0.000110226 	0.00102829 	-0.255369
-0.00469858 	9.23128e-05 	0.00101468 	-0.25568
-0.00469858 	9.23128e-05 	0.00101468 	-0.25568
-0.00460456 	7.39226e-05 	0.00099928 	-0.255892
-0.00460456 	7.39226e-05 	0.00099928 	-0.255892
-0.00450886 	5.52589e-05 	0.000982428 	-0.256027
-0.00450886 	5.52589e-05 	0.000982428 	-0.256027
-0.00441144 	3.65329e-05 	0.000964414 	-0.256101
-0.00441144 	3.65329e-05 	0.000964414 	-0.256101
-0.00431227 	1.79531e-05 	0.000945497 	-0.25613
-0.00431227 	1.79531e-05 	0.000945497 	-0.25613
-0.00421133 	-2.83169e-07 	0.000925893 	-0.256123
-0.00421133 	-2.83169e-07 	0.000925893 	-0.256123
-0.00410857 	-1.79904e-05 	0.000905771 	-0.256091
-0.00410857 	-1.79904e-05 	0.000905771 	-0.256091
-0.00400397 	-3.4992e-05 	0.000885256 	-0.256038
-0.00400397 	-3.4992e-05 	0.000885256 	-0.256038
-0.0038975 	-5.11185e-05 	0.000864433 	-0.25597
-0.0038975 	-5.11185e-05 	0.000864433 	-0.25597
-0.00378912 	-6.62096e-05 	0.000843358 	-0.255889
-0.00378912 	-6.62096e-05 	0.000843358 	-0.255889
-0.00367879 	-8.00407e-05 	0.000822102 	-0.255798
-0.00367879 	-8.00407e-05 	0.000822102 	-0.255798
-0.00356649 	-9.21706e-05 	0.000800608 	-0.255696
-0.00356649 	-9.21706e-05 	0.000800608 	-0.255696
-0.00345217 	-0.000101983 	0.000778653 	-0.255585
-0.00345217 	-0.000101983 	0.000778653 	-0.255585
-0.0033358 	-0.000108913 	0.000756118 	-0.255463
-0.0033358 	-0.000108913 	0.000756118 	-0.255463
-0.00321735 	-0.000112561 	0.000732961 	-0.255335
-0.00321735 	-0.000112561 	0.000732961 	-0.255335
-0.00309677 	-0.000112649 	0.000709067 	-0.255202
-0.00309677 	-0.000112649 	0.000709067 	-0.255202
-0.00297403 	-0.000108935 	0.000684271 	-0.255067
-0.00297403 	-0.000108935 	0.000684271 	-0.255067
-0.00284909 	-0.00010118 	0.000658419 	-0.254933
-0.00284909 	-0.00010118 	0.000658419 	-0.254933
-0.0027219 	-8.91672e-05 	0.000631356 	-0.254801
-0.0027219 	-8.91672e-05 	0.000631356 	-0.254801
-0.00259244 	-7.27429e-05 	0.000602919 	-0.254673
-0.00259244 	-7.27429e-05 	0.000602919 	-0.254673
-0.00246065 	-5.18839e-05 	0.000572959 	-0.25455
-0.00246065 	-5.18839e-05 	0.000572959 	-0.25455
-0.00232651 	-2.67194e-05 	0.00054135 	-0.254435
-0.00232651 	-2.67194e-05 	0.00054135 	-0.254435
-0.00218995 	2.47273e-06 	0.000507986 	-0.254327
-0.00218995 	2.47273e-06 	0.000507986 	-0.254327
-0.00205095 	3.52743e-05 	0.000472796 	-0.254227
-0.00205095 	3.52743e-05 	0.000472796 	-0.254227
-0.00190946 	7.11512e-05 	0.00043575 	-0.254137
-0.00190946 	7.11512e-05 	0.00043575 	-0.254137
-0.00176543 	0.000109477 	0.00039686 	-0.254057
-0.00176543 	0.000109477 	0.00039686 	-0.254057
-0.00161881 	0.000149564 	0.000356181 	-0.253986
-0.00161881 	0.000149564 	0.000356181 	-0.253986
-0.00146957 	0.000190735 	0.00031376 	-0.253925
-0.00146957 	0.000190735 	0.00031376 	-0.253925
-0.00131765 	0.00023232 	0.000269644 	-0.253873
-0.00131765 	0.00023232 	0.000269644 	-0.253873
-0.001163 	0.000273661 	0.000223893 	-0.253831
-0.001163 	0.000273661 	0.000223893 	-0.253831
-0.00100559 	0.000314181 	0.000176468 	-0.253798
-0.00100559 	0.000314181 	0.000176468 	-0.253798
-0.000845345 	0.000353255 	0.000127327 	-0.253774
-0.000845345 	0.000353255 	0.000127327 	-0.253774
-0.000682232 	0.000390137 	7.64664e-05 	-0.25376
-0.000682232 	0.000390137 	7.64664e-05 	-0.25376
-0.000516194 	0.000424063 	2.38629e-05 	-0.253755
-0.000516194 	0.000424063 	2.38629e-05 	-0.253755
-0.000347178 	0.00045429 	-3.0508e-05 	-0.253762
-0.000347178 	0.00045429 	-3.0508e-05 	-0.253762
-0.000175132 	0.000480109 	-8.66499e-05 	-0.25378
-0.000175132 	0.000480109 	-8.66499e-05 	-0.25378
0 	0.000500828 	-0.000144203 	-0.253811
0 	0.000500828 	-0.000144203 	-0.253811
0.000175132 	0.000516063 	-0.000202194 	-0.253856
0.000175132 	0.000516063 	-0.000202194 	-0.253856
0.000347178 	0.000526193 	-0.000259771 	-0.253915
0.000347178 	0.000526193 	-0.000259771 	-0.253915
0.000516194 	0.000532012 	-0.00031661 	-0.253989
0.000516194 	0.000532012 	-0.00031661 	-0.253989
0.000682232 	0.00053412 	-0.000372359 	-0.254078
0.000682232 	0.00053412 	-0.000372359 	-0.254078
0.000845345 	0.000532975 	-0.000426674 	-0.254184
0.000845345 	0.000532975 	-0.000426674 	-0.254184
0.00100559 	0.000528964 	-0.000479492 	-0.254305
0.00100559 	0.000528964 	-0.000479492 	-0.254305
0.001163 	0.000522253 	-0.000530672 	-0.254441
0.001163 	0.000522253 	-0.000530672 	-0.254441
0.00131765 	0.000512828 	-0.000579893 	-0.254592
0.00131765 	0.000512828 	-0.000579893 	-0.254592
0.00146957 	0.000500635 	-0.000626911 	-0.254756
0.00146957 	0.000500635 	-0.000626911 	-0.254756
0.00161881 	0.000485665 	-0.000671591 	-0.254931
0.00161881 	0.000485665 	-0.000671591 	-0.254931
0.00176543 	0.000468018 	-0.000713851 	-0.255114
0.00176543 	0.000468018 	-0.000713851 	-0.255114
0.00190946 	0.00044794 	-0.000753677 	-0.255304
0.00190946 	0.00044794 	-0.000753677 	-0.255304
0.00205095 	0.000425846 	-0.000791133 	-0.255499
0.00205095 	0.000425846 	-0.000791133 	-0.255499
0.00218995 	0.000402308 	-0.000826344 	-0.255695
0.00218995 	0.000402308 	-0.000826344 	-0.255695
0.00232651 	0.000378023 	-0.00085948 	-0.255893
0.00232651 	0.000378023 	-0.00085948 	-0.255893
0.00246065 	0.000353762 	-0.000890742 	-0.256089
0.00246065 	0.000353762 	-0.000890742 	-0.256089
0.00259244 	0.000330316 	-0.000920335 	-0.256284
0.00259244 	0.000330316 	-0.000920335 	-0.256284
0.0027219 	0.000308446 	-0.00094846 	-0.256477
0.0027219 	0.000308446 	-0.00094846 	-0.256477
0.00284909 	0.000288825 	-0.000975292 	-0.256665
0.00284909 	0.000288825 	-0.000975292 	-0.256665
0.00297403 	0.000271988 	-0.00100098 	-0.256849
0.00297403 	0.000271988 	-0.00100098 	-0.256849
0.00309677 	0.000258256 	-0.00102563 	-0.257027
0.00309677 	0.000258256 	-0.00102563 	-0.257027
0.00321735 	0.000247655 	-0.00104928 	-0.257196
0.00321735 	0.000247655 	-0.00104928 	-0.257196
0.0033358 	0.000239928 	-0.00107184 	-0.257354
0.0033358 	0.000239928 	-0.00107184 	-0.257354
0.00345217 	0.00023479 	-0.00109315 	-0.257497
0.00345217 	0.00023479 	-0.00109315 	-0.257497
0.00356649 	0.000232371 	-0.00111325 	-0.257626
0.00356649 	0.000232371 	-0.00111325 	-0.257626
0.00367879 	0.000233196 	-0.00113226 	-0.257743
0.00367879 	0.000233196 	-0.00113226 	-0.257743
0.00378912 	0.000237639 	-0.00115009 	-0.257846
0.00378912 	0.000237639 	-0.00115009 	-0.257846
0.0038975 	0.000245833 	-0.00116657 	-0.257933
0.0038975 	0.000245833 	-0.00116657 	-0.257933
0.00400397 	0.000257899 	-0.0011816 	-0.257998
0.00400397 	0.000257899 	-0.0011816 	-0.257998
0.00410857 	0.00027392 	-0.00119502 	-0.258033
0.00410857 	0.00027392 	-0.00119502 	-0.258033
0.00421133 	0.000293881 	-0.00120659 	-0.258028
0.00421133 	0.000293881 	-0.00120659 	-0.258028
0.00431227 	0.000317591 	-0.00121606 	-0.257967
0.00431227 	0.000317591 	-0.00121606 	-0.257967
0.00441144 	0.000344624 	-0.00122312 	-0.257834
0.00441144 	0.000344624 	-0.00122312 	-0.257834
0.00450886 	0.000374279 	-0.00122744 	-0.257608
0.00450886 	0.000374279 	-0.00122744 	-0.257608
0.00460456 	0.000405575 	-0.00122871 	-0.257264
0.00460456 	0.000405575 	-0.00122871 	-0.257264
0.00469858 	0.000437265 	-0.00122658 	-0.256774
0.00469858 	0.000437265 	-0.00122658 	-0.256774
0.00479094 	0.000467862 	-0.00122077 	-0.256108
0.00479094 	0.000467862 	-0.00122077 	-0.256108
0.00488168 	0.000495697 	-0.00121105 	-0.255236
0.00488168 	0.000495697 	-0.00121105 	-0.255236
0.00497081 	0.000519073 	-0.00119723 	-0.254128
0.00497081 	0.000519073 	-0.00119723 	-0.254128
0.00505838 	0.000536355 	-0.00117919 	-0.252748
0.00505838 	0.000536355 	-0.00117919 	-0.252748
0.0051444 	0.00054599 	-0.00115687 	-0.251067
0.0051444 	0.00054599 	-0.00115687 	-0.251067
0.00522891 	0.000546586 	-0.00113035 	-0.249056
0.00522891 	0.000546586 	-0.00113035 	-0.249056
0.00531193 	0.000537051 	-0.00109978 	-0.24669
0.00531193 	0.000537051 	-0.00109978 	-0.24669
0.00539348 	0.000516678 	-0.0010654 	-0.243949
0.00539348 	0.000516678 	-0.0010654 	-0.243949
0.0054736 	0.000485214 	-0.00102752 	-0.240814
0.0054736 	0.000485214 	-0.00102752 	-0.240814
0.00555231 	0.000442904 	-0.0009865 	-0.237271
0.00555231 	0.000442904 	-0.0009865 	-0.237271
0.00562963 	0.000390516 	-0.000942745 	-0.233312
0.00562963 	0.000390516 	-0.000942745 	-0.233312
0.00570559 	0.000329327 	-0.000896698 	-0.228932
0.00570559 	0.000329327 	-0.000896698 	-0.228932
0.00578022 	0.000261079 	-0.000848814 	-0.224131
0.00578022 	0.000261079 	-0.000848814 	-0.224131
0.00585352 	0.000187897 	-0.000799555 	-0.218913
0.00585352 	0.000187897 	-0.000799555 	-0.218913
0.00592554 	0.000112173 	-0.000749384 	-0.213286
0.00592554 	0.000112173 	-0.000749384 	-0.213286
0.00599629 	3.64277e-05 	-0.000698746 	-0.207263
0.00599629 	3.64277e-05 	-0.000698746 	-0.207263
0.00606579 	-3.683e-05 	-0.000648068 	-0.200858
0.00606579 	-3.683e-05 	-0.000648068 	-0.200858
0.00613406 	-0.000105241 	-0.000597746 	-0.19409
0.00613406 	-0.000105241 	-0.000597746 	-0.19409
0.00620114 	-0.00016673 	-0.000548147 	-0.186983
0.00620114 	-0.00016673 	-0.000548147 	-0.186983
0.00626703 	-0.00021962 	-0.000499614 	-0.179562
0.00626703 	-0.00021962 	-0.000499614 	-0.179562
0.00633176 	-0.000262714 	-0.000452458 	-0.171856
0.00633176 	-0.000262714 	-0.000452458 	-0.171856
0.00639535 	-0.000295339 	-0.000406962 	-0.163895
0.00639535 	-0.000295339 	-0.000406962 	-0.163895
0.00645783 	-0.000317353 	-0.000363383 	-0.155713
0.00645783 	-0.000317353 	-0.000363383 	-0.155713
0.0065192 	-0.000329113 	-0.000321945 	-0.147346
0.0065192 	-0.000329113 	-0.000321945 	-0.147346
0.00657949 	-0.000331405 	-0.000282845 	-0.13883
0.00657949 	-0.000331405 	-0.000282845 	-0.13883
0.00663871 	-0.000325362 	-0.00024625 	-0.130206
0.00663871 	-0.000325362 	-0.00024625 	-0.130206
0.0066969 	-0.000312356 	-0.000212294 	-0.121515
0.0066969 	-0.000312356 	-0.000212294 	-0.121515
0.00675406 	-0.000293889 	-0.000181076 	-0.112799
0.00675406 	-0.000293889 	-0.000181076 	-0.112799
0.00681021 	-0.000271481 	-0.000152651 	-0.104101
0.00681021 	-0.000271481 	-0.000152651 	-0.104101
0.00686537 	-0.000246579 	-0.00012704 	-0.0954635
0.00686537 	-0.000246579 	-0.00012704 	-0.0954635
0.00691956 	-0.000220476 	-0.000104222 	-0.0869297
0.00691956 	-0.000220476 	-0.000104222 	-0.0869297
0.0069728 	-0.000194255 	-8.41359e-05 	-0.0785386
0.0069728 	-0.000194255 	-8.41359e-05 	-0.0785386
0.0070251 	-0.00016875 	-6.66802e-05 	-0.0703226
0.0070251 	-0.00016875 	-6.66802e-05 	-0.0703226
0.00707647 	-0.000144546 	-5.17183e-05 	-0.0623069
0.00707647 	-0.000144546 	-5.17183e-05 	-0.0623069
0.00712695 	-0.000122 	-3.90873e-05 	-0.054508
0.00712695 	-0.000122 	-3.90873e-05 	-0.054508
0.00717653 	-0.000101275 	-2.86055e-05 	-0.0469352
0.00717653 	-0.000101275 	-2.86055e-05 	-0.0469352
0.00722524 	-8.23893e-05 	-2.00821e-05 	-0.0395913
0.00722524 	-8.23893e-05 	-2.00821e-05 	-0.0395913
0.00727309 	-6.52596e-05 	-1.33251e-05 	-0.0324739
0.00727309 	-6.52596e-05 	-1.33251e-05 	-0.0324739
0.0073201 	-4.97389e-05 	-8.14818e-06 	-0.0255773
0.0073201 	-4.97389e-05 	-8.14818e-06 	-0.0255773
0.00736628 	-3.56477e-05 	-4.3825e-06 	-0.0188936
0.00736628 	-3.56477e-05 	-4.3825e-06 	-0.0188936
0.00741165 	-2.27885e-05 	-1.88285e-06 	-0.0124137
0.00741165 	-2.27885e-05 	-1.88285e-06 	-0.0124137
0.00745622 	-1.09687e-05 	-4.94416e-07 	-0.00612814
0.00745622 	-1.09687e-05 	-4.94416e-07 	-0.00612814
0.0075 	0 	0 	0
0.0075 	0 	0 	0
