-0.0075 	0 	0 	0
-0.0075 	-4.02963e-21 	-3.70042e-22 	1.38137e-18
-0.00745622 	2.60204e-05 	2.38945e-06 	-0.00891984
-0.00745622 	2.60204e-05 	2.38945e-06 	-0.00891984
-0.00741165 	4.99076e-05 	8.57077e-06 	-0.018039
-0.00741165 	4.99076e-05 	8.57077e-06 	-0.018039
-0.00736628 	7.16336e-05 	1.89329e-05 	-0.0273424
-0.00736628 	7.16336e-05 	1.89329e-05 	-0.0273424
-0.0073201 	9.09575e-05 	3.34077e-05 	-0.0367732
-0.0073201 	9.09575e-05 	3.34077e-05 	-0.0367732
-0.00727309 	0.000107661 	5.17844e-05 	-0.046274
-0.00727309 	0.000107661 	5.17844e-05 	-0.046274
-0.00722524 	0.00012156 	7.38513e-05 	-0.0557883
-0.00722524 	0.00012156 	7.38513e-05 	-0.0557883
-0.00717653 	0.000132522 	9.93944e-05 	-0.0652633
-0.00717653 	0.000132522 	9.93944e-05 	-0.0652633
-0.00712695 	0.000140481 	0.000128181 	-0.0746521
-0.00712695 	0.000140481 	0.000128181 	-0.0746521
-0.00707647 	0.000145463 	0.000159976 	-0.0839161
-0.00707647 	0.000145463 	0.000159976 	-0.0839161
-0.0070251 	0.000147586 	0.000194562 	-0.0930267
-0.0070251 	0.000147586 	0.000194562 	-0.0930267
-0.0069728 	0.000147069 	0.000231745 	-0.101966
-0.0069728 	0.000147069 	0.000231745 	-0.101966
-0.00691956 	0.000144224 	0.000271369 	-0.110724
-0.00691956 	0.000144224 	0.000271369 	-0.110724
-0.00686537 	0.000139451 	0.000313305 	-0.119301
-0.00686537 	0.000139451 	0.000313305 	-0.119301
-0.00681021 	0.000133228 	0.000357441 	-0.127698
-0.00681021 	0.000133228 	0.000357441 	-0.127698
-0.00675406 	0.000126106 	0.000403669 	-0.135917
-0.00675406 	0.000126106 	0.000403669 	-0.135917
-0.0066969 	0.000118694 	0.000451878 	-0.14396
-0.0066969 	0.000118694 	0.000451878 	-0.14396
-0.00663871 	0.00011164 	0.00050193 	-0.151825
-0.00663871 	0.00011164 	0.00050193 	-0.151825
-0.00657949 	0.000105603 	0.000553652 	-0.159506
-0.00657949 	0.000105603 	0.000553652 	-0.159506
-0.0065192 	0.000101222 	0.000606825 	-0.166996
-0.0065192 	0.000101222 	0.000606825 	-0.166996
-0.00645783 	9.90695e-05 	0.000661175 	-0.174282
-0.00645783 	9.90695e-05 	0.000661175 	-0.174282
-0.00639535 	9.96121e-05 	0.000716368 	-0.181348
-0.00639535 	9.96121e-05 	0.000716368 	-0.181348
-0.00633176 	0.000103165 	0.000772012 	-0.188177
-0.00633176 	0.000103165 	0.000772012 	-0.188177
-0.00626703 	0.000109856 	0.000827656 	-0.194747
-0.00626703 	0.000109856 	0.000827656 	-0.194747
-0.00620114 	0.000119602 	0.000882798 	-0.201039
-0.00620114 	0.000119602 	0.000882798 	-0.201039
-0.00613406 	0.000132104 	0.000936886 	-0.20703
-0.00613406 	0.000132104 	0.000936886 	-0.20703
-0.00606579 	0.00014685 	0.000989334 	-0.212701
-0.00606579 	0.00014685 	0.000989334 	-0.212701
-0.00599629 	0.00016315 	0.00103953 	-0.218032
-0.00599629 	0.00016315 	0.00103953 	-0.218032
-0.00592554 	0.000180174 	0.00108687 	-0.223008
-0.00592554 	0.000180174 	0.00108687 	-0.223008
-0.00585352 	0.000197008 	0.00113074 	-0.227613
-0.00585352 	0.000197008 	0.00113074 	-0.227613
-0.00578022 	0.000212713 	0.00117057 	-0.231839
-0.00578022 	0.000212713 	0.00117057 	-0.231839
-0.00570559 	0.000226383 	0.00120585 	-0.23568
-0.00570559 	0.000226383 	0.00120585 	-0.23568
-0.00562963 	0.000237205 	0.00123613 	-0.239134
-0.00562963 	0.000237205 	0.00123613 	-0.239134
-0.00555231 	0.000244502 	0.00126106 	-0.242205
-0.00555231 	0.000244502 	0.00126106 	-0.242205
-0.0054736 	0.000247771 	0.00128042 	-0.244903
-0.0054736 	0.000247771 	0.00128042 	-0.244903
-0.00539348 	0.000246702 	0.00129407 	-0.24724
-0.00539348 	0.000246702 	0.00129407 	-0.24724
-0.00531193 	0.000241192 	0.00130202 	-0.249236
-0.00531193 	0.000241192 	0.00130202 	-0.249236
-0.00522891 	0.00023134 	0.0013044 	-0.250912
-0.00522891 	0.00023134 	0.0013044 	-0.250912
-0.0051444 	0.000217451 	0.00130146 	-0.252292
-0.0051444 	0.000217451 	0.00130146 	-0.252292
-0.00505838 	0.000200003 	0.00129357 	-0.253406
-0.00505838 	0.000200003 	0.00129357 	-0.253406
-0.00497081 	0.000179598 	0.00128119 	-0.254286
-0.00497081 	0.000179598 	0.00128119 	-0.254286
-0.00488168 	0.000156933 	0.00126482 	-0.254962
-0.00488168 	0.000156933 	0.00126482 	-0.254962
-0.00479094 	0.000132777 	0.00124501 	-0.255467
-0.00479094 	0.000132777 	0.00124501 	-0.255467
-0.00469858 	0.000107909 	0.00122232 	-0.255828
-0.00469858 	0.000107909 	0.00122232 	-0.255828
-0.00460456 	8.3058e-05 	0.00119727 	-0.256073
-0.00460456 	8.3058e-05 	0.00119727 	-0.256073
-0.00450886 	5.88633e-05 	0.00117035 	-0.256226
-0.00450886 	5.88633e-05 	0.00117035 	-0.256226
-0.00441144 	3.58379e-05 	0.00114198 	-0.256309
-0.00441144 	3.58379e-05 	0.00114198 	-0.256309
-0.00431227 	1.43541e-05 	0.00111251 	-0.256338
-0.00431227 	1.43541e-05 	0.00111251 	-0.256338
-0.00421133 	-5.34995e-06 	0.00108221 	-0.256328
-0.00421133 	-5.34995e-06 	0.00108221 	-0.256328
-0.00410857 	-2.31424e-05 	0.00105127 	-0.25629
-0.00410857 	-2.31424e-05 	0.00105127 	-0.25629
-0.00400397 	-3.8958e-05 	0.0010198 	-0.256231
-0.00400397 	-3.8958e-05 	0.0010198 	-0.256231
-0.0038975 	-5.27535e-05 	0.000987993 	-0.256157
-0.0038975 	-5.27535e-05 	0.000987993 	-0.256157
-0.00378912 	-6.44728e-05 	0.000955937 	-0.256072
-0.00378912 	-6.44728e-05 	0.000955937 	-0.256072
-0.00367879 	-7.39607e-05 	0.000923481 	-0.255977
-0.00367879 	-7.39607e-05 	0.000923481 	-0.255977
-0.00356649 	-8.09483e-05 	0.000890626 	-0.255873
-0.00356649 	-8.09483e-05 	0.000890626 	-0.255873
-0.00345217 	-8.51768e-05 	0.000857572 	-0.255762
-0.00345217 	-8.51768e-05 	0.000857572 	-0.255762
-0.0033358 	-8.6439e-05 	0.000824366 	-0.255647
-0.0033358 	-8.6439e-05 	0.000824366 	-0.255647
-0.00321735 	-8.45405e-05 	0.000790873 	-0.255529
-0.00321735 	-8.45405e-05 	0.000790873 	-0.255529
-0.00309677 	-7.93545e-05 	0.000757025 	-0.25541
-0.00309677 	-7.93545e-05 	0.000757025 	-0.25541
-0.00297403 	-7.09044e-05 	0.00072279 	-0.255293
-0.00297403 	-7.09044e-05 	0.00072279 	-0.255293
-0.00284909 	-5.93441e-05 	0.00068803 	-0.25518
-0.00284909 	-5.93441e-05 	0.00068803 	-0.25518
-0.0027219 	-4.49278e-05 	0.000652573 	-0.25507
-0.0027219 	-4.49278e-05 	0.000652573 	-0.25507
-0.00259244 	-2.80174e-05 	0.000616259 	-0.254966
-0.00259244 	-2.80174e-05 	0.000616259 	-0.254966
-0.00246065 	-9.05761e-06 	0.00057894 	-0.254868
-0.00246065 	-9.05761e-06 	0.00057894 	-0.254868
-0.00232651 	1.14983e-05 	0.000540501 	-0.254776
-0.00232651 	1.14983e-05 	0.000540501 	-0.254776
-0.00218995 	3.327e-05 	0.000500788 	-0.254691
-0.00218995 	3.327e-05 	0.000500788 	-0.254691
-0.00205095 	5.59528e-05 	0.000459572 	-0.254613
-0.00205095 	5.59528e-05 	0.000459572 	-0.254613
-0.00190946 	7.92158e-05 	0.000416725 	-0.254541
-0.00190946 	7.92158e-05 	0.000416725 	-0.254541
-0.00176543 	0.000102676 	0.000372239 	-0.254477
-0.00176543 	0.000102676 	0.000372239 	-0.254477
-0.00161881 	0.000125983 	0.000326058 	-0.254421
-0.00161881 	0.000125983 	0.000326058 	-0.254421
-0.00146957 	0.000148841 	0.000278092 	-0.254374
-0.00146957 	0.000148841 	0.000278092 	-0.254374
-0.00131765 	0.000170977 	0.000228327 	-0.254336
-0.00131765 	0.000170977 	0.000228327 	-0.254336
-0.001163 	0.000192113 	0.00017678 	-0.254308
-0.001163 	0.000192113 	0.00017678 	-0.254308
-0.00100559 	0.000211914 	0.000123492 	-0.254292
-0.00100559 	0.000211914 	0.000123492 	-0.254292
-0.000845345 	0.000229989 	6.85604e-05 	-0.254287
-0.000845345 	0.000229989 	6.85604e-05 	-0.254287
-0.000682232 	0.000245929 	1.21038e-05 	-0.254295
-0.000682232 	0.000245929 	1.21038e-05 	-0.254295
-0.000516194 	0.000259314 	-4.57333e-05 	-0.254316
-0.000516194 	0.000259314 	-4.57333e-05 	-0.254316
-0.000347178 	0.000269705 	-0.000104777 	-0.254352
-0.000347178 	0.000269705 	-0.000104777 	-0.254352
-0.000175132 	0.000276632 	-0.00016483 	-0.254402
-0.000175132 	0.000276632 	-0.00016483 	-0.254402
0 	0.00027959 	-0.000225297 	-0.254469
0 	0.00027959 	-0.000225297 	-0.254469
0.000175132 	0.000278257 	-0.000284976 	-0.254549
0.000175132 	0.000278257 	-0.000284976 	-0.254549
0.000347178 	0.000272695 	-0.000342885 	-0.254644
0.000347178 	0.000272695 	-0.000342885 	-0.254644
0.000516194 	0.000263018 	-0.0003987 	-0.254753
0.000516194 	0.000263018 	-0.0003987 	-0.254753
0.000682232 	0.000249093 	-0.000452192 	-0.254875
0.000682232 	0.000249093 	-0.000452192 	-0.254875
0.000845345 	0.000230715 	-0.000502999 	-0.255009
0.000845345 	0.000230715 	-0.000502999 	-0.255009
0.00100559 	0.000207847 	-0.000550842 	-0.255153
0.00100559 	0.000207847 	-0.000550842 	-0.255153
0.001163 	0.000180686 	-0.000595522 	-0.255305
0.001163 	0.000180686 	-0.000595522 	-0.255305
0.00131765 	0.00014962 	-0.000636869 	-0.255464
0.00131765 	0.00014962 	-0.000636869 	-0.255464
0.00146957 	0.000115211 	-0.000674774 	-0.255628
0.00146957 	0.000115211 	-0.000674774 	-0.255628
0.00161881 	7.81613e-05 	-0.000709217 	-0.255796
0.00161881 	7.81613e-05 	-0.000709217 	-0.255796
0.00176543 	3.92632e-05 	-0.000740265 	-0.255967
0.00176543 	3.92632e-05 	-0.000740265 	-0.255967
0.00190946 	-6.46955e-07 	-0.000768059 	-0.256141
0.00190946 	-6.46955e-07 	-0.000768059 	-0.256141
0.00205095 	-4.073e-05 	-0.000792812 	-0.256315
0.00205095 	-4.073e-05 	-0.000792812 	-0.256315
0.00218995 	-8.01753e-05 	-0.000814794 	-0.25649
0.00218995 	-8.01753e-05 	-0.000814794 	-0.25649
0.00232651 	-0.000118224 	-0.000834323 	-0.256667
0.00232651 	-0.000118224 	-0.000834323 	-0.256667
0.00246065 	-0.000154184 	-0.000851749 	-0.256843
0.00246065 	-0.000154184 	-0.000851749 	-0.256843
0.00259244 	-0.000187444 	-0.000867443 	-0.257021
0.00259244 	-0.000187444 	-0.000867443 	-0.257021
0.0027219 	-0.000217481 	-0.000881781 	-0.257198
0.0027219 	-0.000217481 	-0.000881781 	-0.257198
0.00284909 	-0.000243876 	-0.000895127 	-0.257376
0.00284909 	-0.000243876 	-0.000895127 	-0.257376
0.00297403 	-0.000266326 	-0.00090782 	-0.257553
0.00297403 	-0.000266326 	-0.00090782 	-0.257553
0.00309677 	-0.000284666 	-0.000920164 	-0.257727
0.00309677 	-0.000284666 	-0.000920164 	-0.257727
0.00321735 	-0.000298885 	-0.00093243 	-0.257897
0.00321735 	-0.000298885 	-0.00093243 	-0.257897
0.0033358 	-0.000309149 	-0.000944818 	-0.258059
0.0033358 	-0.000309149 	-0.000944818 	-0.258059
0.00345217 	-0.000315769 	-0.000957408 	-0.25821
0.00345217 	-0.000315769 	-0.000957408 	-0.25821
0.00356649 	-0.000319061 	-0.000970302 	-0.25835
0.00356649 	-0.000319061 	-0.000970302 	-0.25835
0.00367879 	-0.000319221 	-0.000983705 	-0.258479
0.00367879 	-0.000319221 	-0.000983705 	-0.258479
0.00378912 	-0.000316365 	-0.000997755 	-0.258597
0.00378912 	-0.000316365 	-0.000997755 	-0.258597
0.0038975 	-0.000310561 	-0.00101247 	-0.258699
0.0038975 	-0.000310561 	-0.00101247 	-0.258699
0.00400397 	-0.000301822 	-0.00102787 	-0.258782
0.00400397 	-0.000301822 	-0.00102787 	-0.258782
0.00410857 	-0.000290144 	-0.00104386 	-0.258838
0.00410857 	-0.000290144 	-0.00104386 	-0.258838
0.00421133 	-0.00027557 	-0.00106026 	-0.258857
0.00421133 	-0.00027557 	-0.00106026 	-0.258857
0.00431227 	-0.000258229 	-0.00107677 	-0.258825
0.00431227 	-0.000258229 	-0.00107677 	-0.258825
0.00441144 	-0.000238359 	-0.00109301 	-0.258724
0.00441144 	-0.000238359 	-0.00109301 	-0.258724
0.00450886 	-0.000216319 	-0.00110849 	-0.258531
0.00450886 	-0.000216319 	-0.00110849 	-0.258531
0.00460456 	-0.000192567 	-0.00112265 	-0.258221
0.00460456 	-0.000192567 	-0.00112265 	-0.258221
0.00469858 	-0.000167637 	-0.00113488 	-0.257761
0.00469858 	-0.000167637 	-0.00113488 	-0.257761
0.00479094 	-0.000142113 	-0.0011445 	-0.25712
0.00479094 	-0.000142113 	-0.0011445 	-0.25712
0.00488168 	-0.000116596 	-0.00115086 	-0.256262
0.00488168 	-0.000116596 	-0.00115086 	-0.256262
0.00497081 	-9.16037e-05 	-0.00115333 	-0.255149
0.00497081 	-9.16037e-05 	-0.00115333 	-0.255149
0.00505838 	-6.75779e-05 	-0.00115132 	-0.253743
0.00505838 	-6.75779e-05 	-0.00115132 	-0.253743
0.0051444 	-4.49407e-05 	-0.00114436 	-0.252011
0.0051444 	-4.49407e-05 	-0.00114436 	-0.252011
0.00522891 	-2.40682e-05 	-0.00113213 	-0.24992
0.00522891 	-2.40682e-05 	-0.00113213 	-0.24992
0.00531193 	-5.24947e-06 	-0.00111447 	-0.247444
0.00531193 	-5.24947e-06 	-0.00111447 	-0.247444
0.00539348 	1.12994e-05 	-0.00109137 	-0.244563
0.00539348 	1.12994e-05 	-0.00109137 	-0.244563
0.0054736 	2.54225e-05 	-0.00106295 	-0.24126
0.0054736 	2.54225e-05 	-0.00106295 	-0.24126
0.00555231 	3.70169e-05 	-0.00102948 	-0.237525
0.00555231 	3.70169e-05 	-0.00102948 	-0.237525
0.00562963 	4.60297e-05 	-0.000991349 	-0.233353
0.00562963 	4.60297e-05 	-0.000991349 	-0.233353
0.00570559 	5.24585e-05 	-0.000949052 	-0.228747
0.00570559 	5.24585e-05 	-0.000949052 	-0.228747
0.00578022 	5.63527e-05 	-0.000903161 	-0.223714
0.00578022 	5.63527e-05 	-0.000903161 	-0.223714
0.00585352 	5.78173e-05 	-0.000854305 	-0.218265
0.00585352 	5.78173e-05 	-0.000854305 	-0.218265
0.00592554 	5.70131e-05 	-0.000803143 	-0.212416
0.00592554 	5.70131e-05 	-0.000803143 	-0.212416
0.00599629 	5.41553e-05 	-0.000750337 	-0.206186
0.00599629 	5.41553e-05 	-0.000750337 	-0.206186
0.00606579 	4.95084e-05 	-0.000696538 	-0.199596
0.00606579 	4.95084e-05 	-0.000696538 	-0.199596
0.00613406 	4.33793e-05 	-0.000642371 	-0.19267
0.00613406 	4.33793e-05 	-0.000642371 	-0.19267
0.00620114 	3.61075e-05 	-0.000588426 	-0.185434
0.00620114 	3.61075e-05 	-0.000588426 	-0.185434
0.00626703 	2.80522e-05 	-0.00053525 	-0.177915
0.00626703 	2.80522e-05 	-0.00053525 	-0.177915
0.00633176 	1.95769e-05 	-0.000483339 	-0.170145
0.00633176 	1.95769e-05 	-0.000483339 	-0.170145
0.00639535 	1.1034e-05 	-0.000433136 	-0.162152
0.00639535 	1.1034e-05 	-0.000433136 	-0.162152
0.00645783 	2.75034e-06 	-0.000385028 	-0.15397
0.00645783 	2.75034e-06 	-0.000385028 	-0.15397
0.0065192 	-4.98624e-06 	-0.000339346 	-0.145631
0.0065192 	-4.98624e-06 	-0.000339346 	-0.145631
0.00657949 	-1.19362e-05 	-0.000296369 	-0.13717
0.00657949 	-1.19362e-05 	-0.000296369 	-0.13717
0.00663871 	-1.79157e-05 	-0.00025632 	-0.128623
0.00663871 	-1.79157e-05 	-0.00025632 	-0.128623
0.0066969 	-2.27995e-05 	-0.00021937 	-0.120027
0.0066969 	-2.27995e-05 	-0.00021937 	-0.120027
0.00675406 	-2.65225e-05 	-0.000185631 	-0.111421
0.00675406 	-2.65225e-05 	-0.000185631 	-0.111421
0.00681021 	-2.90759e-05 	-0.000155156 	-0.102844
0.00681021 	-2.90759e-05 	-0.000155156 	-0.102844
0.00686537 	-3.05016e-05 	-0.000127943 	-0.0943355
0.00686537 	-3.05016e-05 	-0.000127943 	-0.0943355
0.00691956 	-3.08839e-05 	-0.000103939 	-0.0859335
0.00691956 	-3.08839e-05 	-0.000103939 	-0.0859335
0.0069728 	-3.03396e-05 	-8.30345e-05 	-0.0776734
0.0069728 	-3.03396e-05 	-8.30345e-05 	-0.0776734
0.0070251 	-2.90067e-05 	-6.50777e-05 	-0.0695841
0.0070251 	-2.90067e-05 	-6.50777e-05 	-0.0695841
0.00707647 	-2.70318e-05 	-4.98776e-05 	-0.0616877
0.00707647 	-2.70318e-05 	-4.98776e-05 	-0.0616877
0.00712695 	-2.45607e-05 	-3.72175e-05 	-0.0539989
0.00712695 	-2.45607e-05 	-3.72175e-05 	-0.0539989
0.00717653 	-2.17297e-05 	-2.68649e-05 	-0.0465256
0.00717653 	-2.17297e-05 	-2.68649e-05 	-0.0465256
0.00722524 	-1.86613e-05 	-1.85815e-05 	-0.0392699
0.00722524 	-1.86613e-05 	-1.85815e-05 	-0.0392699
0.00727309 	-1.54613e-05 	-1.21314e-05 	-0.0322297
0.00727309 	-1.54613e-05 	-1.21314e-05 	-0.0322297
0.0073201 	-1.22181e-05 	-7.28721e-06 	-0.0253999
0.0073201 	-1.22181e-05 	-7.28721e-06 	-0.0253999
0.00736628 	-9.00384e-06 	-3.84347e-06 	-0.0187731
0.00736628 	-9.00384e-06 	-3.84347e-06 	-0.0187731
0.00741165 	-5.86863e-06 	-1.61127e-06 	-0.0123411
0.00741165 	-5.86863e-06 	-1.61127e-06 	-0.0123411
0.00745622 	-2.84923e-06 	-4.0799e-07 	-0.0060954
0.00745622 	-2.84923e-06 	-4.0799e-07 	-0.0060954
0.0075 	0 	0 	0
0.0075 	0 	0 	0
