-0.0075 	0 	0 	0
-0.0075 	-4.77555e-21 	-3.07605e-22 	1.44812e-18
-0.00745622 	3.0837e-05 	1.98629e-06 	-0.0093509
-0.00745622 	3.0837e-05 	1.98629e-06 	-0.0093509
-0.00741165 	6.16575e-05 	7.00452e-06 	-0.0188944
-0.00741165 	6.16575e-05 	7.00452e-06 	-0.0188944
-0.00736628 	9.29696e-05 	1.53273e-05 	-0.0286173
-0.00736628 	9.29696e-05 	1.53273e-05 	-0.0286173
-0.0073201 	0.000125021 	2.6891e-05 	-0.0384606
-0.0073201 	0.000125021 	2.6891e-05 	-0.0384606
-0.00727309 	0.000157924 	4.14015e-05 	-0.0483632
-0.00727309 	0.000157924 	4.14015e-05 	-0.0483632
-0.00722524 	0.000191651 	5.86264e-05 	-0.058264
-0.00722524 	0.000191651 	5.86264e-05 	-0.058264
-0.00717653 	0.000226026 	7.82997e-05 	-0.0681048
-0.00717653 	0.000226026 	7.82997e-05 	-0.0681048
-0.00712695 	0.000260751 	0.000100145 	-0.077834
-0.00712695 	0.000260751 	0.000100145 	-0.077834
-0.00707647 	0.000295427 	0.000123888 	-0.0874097
-0.00707647 	0.000295427 	0.000123888 	-0.0874097
-0.0070251 	0.000329581 	0.000149279 	-0.0968016
-0.0070251 	0.000329581 	0.000149279 	-0.0968016
-0.0069728 	0.000362693 	0.000176108 	-0.105992
-0.0069728 	0.000362693 	0.000176108 	-0.105992
-0.00691956 	0.000394204 	0.000204211 	-0.114972
-0.00691956 	0.000394204 	0.000204211 	-0.114972
-0.00686537 	0.00042353 	0.000233473 	-0.123744
-0.00686537 	0.00042353 	0.000233473 	-0.123744
-0.00681021 	0.000450062 	0.000263813 	-0.132309
-0.00681021 	0.000450062 	0.000263813 	-0.132309
-0.00675406 	0.000473177 	0.000295171 	-0.140672
-0.00675406 	0.000473177 	0.000295171 	-0.140672
-0.0066969 	0.00049226 	0.000327495 	-0.148833
-0.0066969 	0.00049226 	0.000327495 	-0.148833
-0.00663871 	0.000506731 	0.000360718 	-0.15679
-0.00663871 	0.000506731 	0.000360718 	-0.15679
-0.00657949 	0.000516085 	0.000394746 	-0.164535
-0.00657949 	0.000516085 	0.000394746 	-0.164535
-0.0065192 	0.000519937 	0.000429447 	-0.172057
-0.0065192 	0.000519937 	0.000429447 	-0.172057
-0.00645783 	0.000518062 	0.000464643 	-0.17934
-0.00645783 	0.000518062 	0.000464643 	-0.17934
-0.00639535 	0.000510442 	0.000500114 	-0.186366
-0.00639535 	0.000510442 	0.000500114 	-0.186366
-0.00633176 	0.000497286 	0.000535598 	-0.193114
-0.00633176 	0.000497286 	0.000535598 	-0.193114
-0.00626703 	0.000479048 	0.000570795 	-0.199565
-0.00626703 	0.000479048 	0.000570795 	-0.199565
-0.00620114 	0.000456414 	0.000605369 	-0.205697
-0.00620114 	0.000456414 	0.000605369 	-0.205697
-0.00613406 	0.000430282 	0.00063896 	-0.211491
-0.00613406 	0.000430282 	0.00063896 	-0.211491
-0.00606579 	0.000401713 	0.000671183 	-0.21693
-0.00606579 	0.000401713 	0.000671183 	-0.21693
-0.00599629 	0.000371871 	0.00070164 	-0.222001
-0.00599629 	0.000371871 	0.00070164 	-0.222001
-0.00592554 	0.00034196 	0.000729926 	-0.226691
-0.00592554 	0.00034196 	0.000729926 	-0.226691
-0.00585352 	0.000313143 	0.000755637 	-0.230993
-0.00585352 	0.000313143 	0.000755637 	-0.230993
-0.00578022 	0.000286471 	0.000778383 	-0.234903
-0.00578022 	0.000286471 	0.000778383 	-0.234903
-0.00570559 	0.000262821 	0.000797802 	-0.238423
-0.00570559 	0.000262821 	0.000797802 	-0.238423
-0.00562963 	0.000242837 	0.000813567 	-0.241557
-0.00562963 	0.000242837 	0.000813567 	-0.241557
-0.00555231 	0.000226892 	0.000825405 	-0.244314
-0.00555231 	0.000226892 	0.000825405 	-0.244314
-0.0054736 	0.000215071 	0.000833104 	-0.246711
-0.0054736 	0.000215071 	0.000833104 	-0.246711
-0.00539348 	0.00020717 	0.000836521 	-0.248763
-0.00539348 	0.00020717 	0.000836521 	-0.248763
-0.00531193 	0.000202716 	0.000835585 	-0.250493
-0.00531193 	0.000202716 	0.000835585 	-0.250493
-0.00522891 	0.000200998 	0.000830322 	-0.251925
-0.00522891 	0.000200998 	0.000830322 	-0.251925
-0.0051444 	0.000201125 	0.000820868 	-0.253088
-0.0051444 	0.000201125 	0.000820868 	-0.253088
-0.00505838 	0.000202099 	0.000807452 	-0.254011
-0.00505838 	0.000202099 	0.000807452 	-0.254011
-0.00497081 	0.000202911 	0.000790362 	-0.254726
-0.00497081 	0.000202911 	0.000790362 	-0.254726
-0.00488168 	0.000202602 	0.000769957 	-0.255265
-0.00488168 	0.000202602 	0.000769957 	-0.255265
-0.00479094 	0.000200341 	0.000746633 	-0.255655
-0.00479094 	0.000200341 	0.000746633 	-0.255655
-0.00469858 	0.000195484 	0.000720799 	-0.255925
-0.00469858 	0.000195484 	0.000720799 	-0.255925
-0.00460456 	0.000187609 	0.000692873 	-0.256099
-0.00460456 	0.000187609 	0.000692873 	-0.256099
-0.00450886 	0.000176514 	0.000663265 	-0.256199
-0.00450886 	0.000176514 	0.000663265 	-0.256199
-0.00441144 	0.000162186 	0.000632352 	-0.256243
-0.00441144 	0.000162186 	0.000632352 	-0.256243
-0.00431227 	0.000144749 	0.000600473 	-0.256245
-0.00431227 	0.000144749 	0.000600473 	-0.256245
-0.00421133 	0.000124403 	0.000567921 	-0.256218
-0.00421133 	0.000124403 	0.000567921 	-0.256218
-0.00410857 	0.00010138 	0.000534952 	-0.256168
-0.00410857 	0.00010138 	0.000534952 	-0.256168
-0.00400397 	7.59239e-05 	0.000501761 	-0.256104
-0.00400397 	7.59239e-05 	0.000501761 	-0.256104
-0.0038975 	4.82806e-05 	0.00046847 	-0.256028
-0.0038975 	4.82806e-05 	0.00046847 	-0.256028
-0.00378912 	1.87149e-05 	0.000435149 	-0.255943
-0.00378912 	1.87149e-05 	0.000435149 	-0.255943
-0.00367879 	-1.24664e-05 	0.000401948 	-0.255852
-0.00367879 	-1.24664e-05 	0.000401948 	-0.255852
-0.00356649 	-4.50468e-05 	0.000368972 	-0.255756
-0.00356649 	-4.50468e-05 	0.000368972 	-0.255756
-0.00345217 	-7.8905e-05 	0.000336135 	-0.255656
-0.00345217 	-7.8905e-05 	0.000336135 	-0.255656
-0.0033358 	-0.00011364 	0.000303505 	-0.255551
-0.0033358 	-0.00011364 	0.000303505 	-0.255551
-0.00321735 	-0.000148403 	0.00027134 	-0.255444
-0.00321735 	-0.000148403 	0.00027134 	-0.255444
-0.00309677 	-0.000182099 	0.000239809 	-0.255337
-0.00309677 	-0.000182099 	0.000239809 	-0.255337
-0.00297403 	-0.000213579 	0.000209013 	-0.255229
-0.00297403 	-0.000213579 	0.000209013 	-0.255229
-0.00284909 	-0.000241834 	0.000178993 	-0.255124
-0.00284909 	-0.000241834 	0.000178993 	-0.255124
-0.0027219 	-0.000266037 	0.000149705 	-0.25502
-0.0027219 	-0.000266037 	0.000149705 	-0.25502
-0.00259244 	-0.000285443 	0.000121094 	-0.254919
-0.00259244 	-0.000285443 	0.000121094 	-0.254919
-0.00246065 	-0.000299399 	9.30647e-05 	-0.254822
-0.00246065 	-0.000299399 	9.30647e-05 	-0.254822
-0.00232651 	-0.000307416 	6.54405e-05 	-0.254729
-0.00232651 	-0.000307416 	6.54405e-05 	-0.254729
-0.00218995 	-0.000309212 	3.80213e-05 	-0.254642
-0.00218995 	-0.000309212 	3.80213e-05 	-0.254642
-0.00205095 	-0.000304756 	1.06851e-05 	-0.254561
-0.00205095 	-0.000304756 	1.06851e-05 	-0.254561
-0.00190946 	-0.00029416 	-1.67489e-05 	-0.254488
-0.00190946 	-0.00029416 	-1.67489e-05 	-0.254488
-0.00176543 	-0.000277497 	-4.46164e-05 	-0.254422
-0.00176543 	-0.000277497 	-4.46164e-05 	-0.254422
-0.00161881 	-0.000254882 	-7.31379e-05 	-0.254363
-0.00161881 	-0.000254882 	-7.31379e-05 	-0.254363
-0.00146957 	-0.000226622 	-0.000102418 	-0.254313
-0.00146957 	-0.000226622 	-0.000102418 	-0.254313
-0.00131765 	-0.000193176 	-0.000132593 	-0.254272
-0.00131765 	-0.000193176 	-0.000132593 	-0.254272
-0.001163 	-0.000155058 	-0.000163798 	-0.254241
-0.001163 	-0.000155058 	-0.000163798 	-0.254241
-0.00100559 	-0.000112746 	-0.000196164 	-0.254219
-0.00100559 	-0.000112746 	-0.000196164 	-0.254219
-0.000845345 	-6.66855e-05 	-0.000229845 	-0.254208
-0.000845345 	-6.66855e-05 	-0.000229845 	-0.254208
-0.000682232 	-1.73378e-05 	-0.000265021 	-0.254208
-0.000682232 	-1.73378e-05 	-0.000265021 	-0.254208
-0.000516194 	3.48089e-05 	-0.000301884 	-0.254218
-0.000516194 	3.48089e-05 	-0.000301884 	-0.254218
-0.000347178 	8.92342e-05 	-0.000340635 	-0.254239
-0.000347178 	8.92342e-05 	-0.000340635 	-0.254239
-0.000175132 	0.000145377 	-0.000381472 	-0.254271
-0.000175132 	0.000145377 	-0.000381472 	-0.254271
0 	0.000202366 	-0.000424383 	-0.254313
0 	0.000202366 	-0.000424383 	-0.254313
0.000175132 	0.000258778 	-0.000468903 	-0.254363
0.000175132 	0.000258778 	-0.000468903 	-0.254363
0.000347178 	0.000313222 	-0.000514452 	-0.254421
0.000347178 	0.000313222 	-0.000514452 	-0.254421
0.000516194 	0.000364879 	-0.00056077 	-0.254486
0.000516194 	0.000364879 	-0.00056077 	-0.254486
0.000682232 	0.000413219 	-0.000607721 	-0.254556
0.000682232 	0.000413219 	-0.000607721 	-0.254556
0.000845345 	0.00045781 	-0.000655141 	-0.254632
0.000845345 	0.00045781 	-0.000655141 	-0.254632
0.00100559 	0.000498349 	-0.000702831 	-0.254713
0.00100559 	0.000498349 	-0.000702831 	-0.254713
0.001163 	0.000534568 	-0.000750509 	-0.2548
0.001163 	0.000534568 	-0.000750509 	-0.2548
0.00131765 	0.000566174 	-0.000797902 	-0.254893
0.00131765 	0.000566174 	-0.000797902 	-0.254893
0.00146957 	0.000592754 	-0.000844845 	-0.254995
0.00146957 	0.000592754 	-0.000844845 	-0.254995
0.00161881 	0.000613766 	-0.000891219 	-0.255105
0.00161881 	0.000613766 	-0.000891219 	-0.255105
0.00176543 	0.000628725 	-0.000936817 	-0.255226
0.00176543 	0.000628725 	-0.000936817 	-0.255226
0.00190946 	0.000637299 	-0.000981435 	-0.255359
0.00190946 	0.000637299 	-0.000981435 	-0.255359
0.00205095 	0.000639273 	-0.00102493 	-0.255505
0.00205095 	0.000639273 	-0.00102493 	-0.255505
0.00218995 	0.000634568 	-0.00106713 	-0.255665
0.00218995 	0.000634568 	-0.00106713 	-0.255665
0.00232651 	0.000623271 	-0.00110786 	-0.255839
0.00232651 	0.000623271 	-0.00110786 	-0.255839
0.00246065 	0.00060567 	-0.00114693 	-0.256026
0.00246065 	0.00060567 	-0.00114693 	-0.256026
0.00259244 	0.000582273 	-0.00118414 	-0.256226
0.00259244 	0.000582273 	-0.00118414 	-0.256226
0.0027219 	0.000553808 	-0.00121933 	-0.256437
0.0027219 	0.000553808 	-0.00121933 	-0.256437
0.00284909 	0.000521203 	-0.00125233 	-0.256656
0.00284909 	0.000521203 	-0.00125233 	-0.256656
0.00297403 	0.000485547 	-0.00128301 	-0.256881
0.00297403 	0.000485547 	-0.00128301 	-0.256881
0.00309677 	0.000448064 	-0.00131122 	-0.257107
0.00309677 	0.000448064 	-0.00131122 	-0.257107
0.00321735 	0.000410096 	-0.00133689 	-0.257328
0.00321735 	0.000410096 	-0.00133689 	-0.257328
0.0033358 	0.000373102 	-0.00135993 	-0.257539
0.0033358 	0.000373102 	-0.00135993 	-0.257539
0.00345217 	0.000338552 	-0.00138015 	-0.257732
0.00345217 	0.000338552 	-0.00138015 	-0.257732
0.00356649 	0.00030728 	-0.00139738 	-0.257902
0.00356649 	0.00030728 	-0.00139738 	-0.257902
0.00367879 	0.000278939 	-0.00141179 	-0.258052
0.00367879 	0.000278939 	-0.00141179 	-0.258052
0.00378912 	0.000252799 	-0.00142356 	-0.258183
0.00378912 	0.000252799 	-0.00142356 	-0.258183
0.0038975 	0.000228675 	-0.00143262 	-0.258293
0.0038975 	0.000228675 	-0.00143262 	-0.258293
0.00400397 	0.00020674 	-0.00143887 	-0.258375
0.00400397 	0.00020674 	-0.00143887 	-0.258375
0.00410857 	0.000187208 	-0.00144228 	-0.258421
0.00410857 	0.000187208 	-0.00144228 	-0.258421
0.00421133 	0.0001703 	-0.00144275 	-0.258419
0.00421133 	0.0001703 	-0.00144275 	-0.258419
0.00431227 	0.000156223 	-0.00144015 	-0.258354
0.00431227 	0.000156223 	-0.00144015 	-0.258354
0.00441144 	0.000145143 	-0.00143434 	-0.258207
0.00441144 	0.000145143 	-0.00143434 	-0.258207
0.00450886 	0.000137151 	-0.00142514 	-0.257957
0.00450886 	0.000137151 	-0.00142514 	-0.257957
0.00460456 	0.000132246 	-0.00141241 	-0.257579
0.00460456 	0.000132246 	-0.00141241 	-0.257579
0.00469858 	0.00013031 	-0.00139597 	-0.257045
0.00469858 	0.00013031 	-0.00139597 	-0.257045
0.00479094 	0.000131104 	-0.00137573 	-0.256327
0.00479094 	0.000131104 	-0.00137573 	-0.256327
0.00488168 	0.000134267 	-0.00135162 	-0.255396
0.00488168 	0.000134267 	-0.00135162 	-0.255396
0.00497081 	0.000139337 	-0.00132364 	-0.254222
0.00497081 	0.000139337 	-0.00132364 	-0.254222
0.00505838 	0.00014577 	-0.00129177 	-0.252774
0.00505838 	0.00014577 	-0.00129177 	-0.252774
0.0051444 	0.000152945 	-0.0012561 	-0.251022
0.0051444 	0.000152945 	-0.0012561 	-0.251022
0.00522891 	0.000160182 	-0.00121684 	-0.248943
0.00522891 	0.000160182 	-0.00121684 	-0.248943
0.00531193 	0.000166781 	-0.00117422 	-0.246514
0.00531193 	0.000166781 	-0.00117422 	-0.246514
0.00539348 	0.00017206 	-0.00112855 	-0.243717
0.00539348 	0.00017206 	-0.00112855 	-0.243717
0.0054736 	0.000175392 	-0.0010802 	-0.240535
0.0054736 	0.000175392 	-0.0010802 	-0.240535
0.00555231 	0.000176247 	-0.00102956 	-0.236958
0.00555231 	0.000176247 	-0.00102956 	-0.236958
0.00562963 	0.000174224 	-0.000977073 	-0.232977
0.00562963 	0.000174224 	-0.000977073 	-0.232977
0.00570559 	0.000169083 	-0.00092318 	-0.22859
0.00570559 	0.000169083 	-0.00092318 	-0.22859
0.00578022 	0.000160766 	-0.000868338 	-0.223797
0.00578022 	0.000160766 	-0.000868338 	-0.223797
0.00585352 	0.000149399 	-0.000813001 	-0.218601
0.00585352 	0.000149399 	-0.000813001 	-0.218601
0.00592554 	0.000135288 	-0.000757604 	-0.21301
0.00592554 	0.000135288 	-0.000757604 	-0.21301
0.00599629 	0.000118892 	-0.000702554 	-0.207035
0.00599629 	0.000118892 	-0.000702554 	-0.207035
0.00606579 	0.000100791 	-0.00064823 	-0.200688
0.00606579 	0.000100791 	-0.00064823 	-0.200688
0.00613406 	8.16444e-05 	-0.000594972 	-0.193987
0.00613406 	8.16444e-05 	-0.000594972 	-0.193987
0.00620114 	6.21449e-05 	-0.000543086 	-0.186949
0.00620114 	6.21449e-05 	-0.000543086 	-0.186949
0.00626703 	4.29729e-05 	-0.000492843 	-0.179598
0.00626703 	4.29729e-05 	-0.000492843 	-0.179598
0.00633176 	2.47539e-05 	-0.000444484 	-0.171959
0.00633176 	2.47539e-05 	-0.000444484 	-0.171959
0.00639535 	8.02496e-06 	-0.000398219 	-0.164058
0.00639535 	8.02496e-06 	-0.000398219 	-0.164058
0.00645783 	-6.79027e-06 	-0.000354234 	-0.155928
0.00645783 	-6.79027e-06 	-0.000354234 	-0.155928
0.0065192 	-1.93945e-05 	-0.000312692 	-0.147601
0.0065192 	-1.93945e-05 	-0.000312692 	-0.147601
0.00657949 	-2.96202e-05 	-0.000273732 	-0.139115
0.00657949 	-2.96202e-05 	-0.000273732 	-0.139115
0.00663871 	-3.74232e-05 	-0.000237469 	-0.130509
0.00663871 	-3.74232e-05 	-0.000237469 	-0.130509
0.0066969 	-4.28699e-05 	-0.000203998 	-0.121824
0.0066969 	-4.28699e-05 	-0.000203998 	-0.121824
0.00675406 	-4.61186e-05 	-0.000173377 	-0.113105
0.00675406 	-4.61186e-05 	-0.000173377 	-0.113105
0.00681021 	-4.73983e-05 	-0.000145634 	-0.104397
0.00681021 	-4.73983e-05 	-0.000145634 	-0.104397
0.00686537 	-4.69845e-05 	-0.00012076 	-0.0957443
0.00686537 	-4.69845e-05 	-0.00012076 	-0.0957443
0.00691956 	-4.51782e-05 	-9.87094e-05 	-0.0871927
0.00691956 	-4.51782e-05 	-9.87094e-05 	-0.0871927
0.0069728 	-4.22846e-05 	-7.93993e-05 	-0.0787827
0.0069728 	-4.22846e-05 	-7.93993e-05 	-0.0787827
0.0070251 	-3.85953e-05 	-6.27066e-05 	-0.0705479
0.0070251 	-3.85953e-05 	-6.27066e-05 	-0.0705479
0.00707647 	-3.43747e-05 	-4.84747e-05 	-0.0625138
0.00707647 	-3.43747e-05 	-4.84747e-05 	-0.0625138
0.00712695 	-2.98528e-05 	-3.65226e-05 	-0.054697
0.00712695 	-2.98528e-05 	-3.65226e-05 	-0.054697
0.00717653 	-2.52231e-05 	-2.66534e-05 	-0.0471063
0.00717653 	-2.52231e-05 	-2.66534e-05 	-0.0471063
0.00722524 	-2.06448e-05 	-1.86647e-05 	-0.0397438
0.00722524 	-2.06448e-05 	-1.86647e-05 	-0.0397438
0.00727309 	-1.6247e-05 	-1.23577e-05 	-0.0326066
0.00727309 	-1.6247e-05 	-1.23577e-05 	-0.0326066
0.0073201 	-1.21343e-05 	-7.54006e-06 	-0.0256884
0.0073201 	-1.21343e-05 	-7.54006e-06 	-0.0256884
0.00736628 	-8.39035e-06 	-4.05365e-06 	-0.0189808
0.00736628 	-8.39035e-06 	-4.05365e-06 	-0.0189808
0.00741165 	-5.0859e-06 	-1.73386e-06 	-0.0124745
0.00741165 	-5.0859e-06 	-1.73386e-06 	-0.0124745
0.00745622 	-2.28008e-06 	-4.49662e-07 	-0.00615993
0.00745622 	-2.28008e-06 	-4.49662e-07 	-0.00615993
0.0075 	0 	0 	0
0.0075 	0 	0 	0
