0 	0 	0 	0
5.01672e-05 	0.000324051 	9.34839e-06 	0.0143667
0.000100334 	9.04582e-05 	2.09398e-05 	0.0305202
0.000150502 	-0.000376237 	3.50544e-05 	0.0458811
0.000200669 	-0.000832195 	4.73487e-05 	0.0597056
0.000250836 	-0.00123814 	5.75877e-05 	0.072248
0.000301003 	-0.00160665 	6.69941e-05 	0.0838168
0.000351171 	-0.00194196 	7.56067e-05 	0.0945658
0.000401338 	-0.0022466 	8.34768e-05 	0.104563
0.000451505 	-0.00252305 	9.05704e-05 	0.113844
0.000501672 	-0.00277402 	9.68772e-05 	0.122438
0.000551839 	-0.0030024 	0.000102316 	0.130377
0.000602007 	-0.00321106 	0.000106419 	0.137706
0.000652174 	-0.00340269 	0.00010867 	0.144471
0.000702341 	-0.00357997 	0.000109201 	0.150721
0.000752508 	-0.00374562 	0.000108703 	0.156505
0.000802676 	-0.00390241 	0.000107626 	0.161861
0.000852843 	-0.00405216 	0.00010591 	0.166772
0.00090301 	-0.00419713 	0.000103317 	0.171339
0.000953177 	-0.00433678 	9.97142e-05 	0.175593
0.00100334 	-0.00446992 	9.54297e-05 	0.179565
0.00105351 	-0.00459534 	9.08188e-05 	0.183282
0.00110368 	-0.00471191 	8.60781e-05 	0.186763
0.00115385 	-0.0048169 	8.00688e-05 	0.189979
0.00120401 	-0.00491403 	7.3229e-05 	0.193017
0.00125418 	-0.0050041 	6.60992e-05 	0.195896
0.00130435 	-0.00508778 	5.90072e-05 	0.19863
0.00135452 	-0.00516363 	5.18439e-05 	0.201192
0.00140468 	-0.00523338 	4.49737e-05 	0.203618
0.00145485 	-0.00529882 	3.81447e-05 	0.205938
0.00150502 	-0.00536056 	3.12079e-05 	0.208159
0.00155518 	-0.00541817 	2.2667e-05 	0.210237
0.00160535 	-0.00547372 	1.29803e-05 	0.212235
0.00165552 	-0.00552737 	2.33873e-06 	0.21416
0.00170569 	-0.00557818 	-9.39375e-06 	0.21599
0.00175585 	-0.00562627 	-2.0455e-05 	0.217742
0.00180602 	-0.00567252 	-2.99298e-05 	0.219441
0.00185619 	-0.0057162 	-3.5009e-05 	0.221063
0.00190635 	-0.00575857 	-3.35882e-05 	0.222613
0.00195652 	-0.00580029 	-3.03171e-05 	0.224118
0.00200669 	-0.00584139 	-3.03691e-05 	0.225542
0.00205686 	-0.00588025 	-4.04461e-05 	0.226914
0.00210702 	-0.00591755 	-5.73331e-05 	0.228251
0.00215719 	-0.00594487 	-0.00010595 	0.229532
0.00220736 	-0.00596877 	-0.000164472 	0.230792
0.00225753 	-0.00598717 	-0.000238858 	0.23202
0.00230769 	-0.00601468 	-0.000288293 	0.233141
0.00235786 	-0.00604748 	-0.000324866 	0.234211
0.00240803 	-0.0061208 	-0.00028481 	0.235037
0.00245819 	-0.00620488 	-0.000219943 	0.23581
0.00250836 	-0.00631076 	-0.000104775 	0.236479
0.00255853 	-0.00637795 	-3.19938e-06 	0.237317
0.0026087 	-0.0064177 	8.87271e-05 	0.238274
0.00265886 	-0.00634939 	7.5647e-05 	0.239643
0.00270903 	-0.00625543 	3.7625e-05 	0.241111
0.0027592 	-0.00614417 	-4.97147e-05 	0.242562
0.00280936 	-0.00604931 	-0.000136859 	0.243938
0.00285953 	-0.00604163 	-0.000222814 	0.244913
0.0029097 	-0.00605391 	-0.000324029 	0.2458
0.00295987 	-0.00611642 	-0.000463669 	0.246465
0.00301003 	-0.00616991 	-0.000581066 	0.24717
0.0030602 	-0.00620846 	-0.000661641 	0.247941
0.00311037 	-0.0062205 	-0.000688114 	0.24882
0.00316054 	-0.00619805 	-0.000644225 	0.24984
0.0032107 	-0.00616571 	-0.000585076 	0.250854
0.00326087 	-0.00612166 	-0.000507865 	0.251861
0.00331104 	-0.00609259 	-0.00044396 	0.252746
0.0033612 	-0.00608215 	-0.000396596 	0.253479
0.00341137 	-0.00610089 	-0.000367658 	0.254066
0.00346154 	-0.00616388 	-0.000366645 	0.254433
0.00351171 	-0.00624723 	-0.000350913 	0.254716
0.00356187 	-0.00637537 	-0.000302812 	0.254816
0.00361204 	-0.00649348 	-0.000245108 	0.254956
0.00366221 	-0.00656888 	-0.00014652 	0.255268
0.00371237 	-0.00663708 	-5.33528e-05 	0.255606
0.00376254 	-0.00647054 	-0.000136846 	0.256811
0.00381271 	-0.00630401 	-0.00022034 	0.258015
0.00386288 	-0.00603201 	-0.000381586 	0.259552
0.00391304 	-0.00573851 	-0.000558689 	0.261158
0.00396321 	-0.00551134 	-0.000655656 	0.262482
0.00401338 	-0.00532988 	-0.000697395 	0.263614
0.00406355 	-0.00518461 	-0.000717262 	0.264601
0.00411371 	-0.00511866 	-0.000689184 	0.265271
0.00416388 	-0.00505272 	-0.000661105 	0.265941
0.00421405 	-0.00503811 	-0.000659353 	0.266354
0.00426421 	-0.00502384 	-0.00065777 	0.266766
0.00431438 	-0.00501861 	-0.000669097 	0.267108
0.00436455 	-0.00501865 	-0.000687927 	0.267408
0.00441472 	-0.00502011 	-0.000703305 	0.267697
0.00446488 	-0.00502642 	-0.000707054 	0.267944
0.00451505 	-0.00503273 	-0.000710803 	0.268192
0.00456522 	-0.00503919 	-0.000718874 	0.26842
0.00461538 	-0.0050457 	-0.000728148 	0.268643
0.00466555 	-0.00505178 	-0.000739735 	0.268861
0.00471572 	-0.00505685 	-0.000756939 	0.26907
0.00476589 	-0.00506192 	-0.000774143 	0.269278
0.00481605 	-0.00506665 	-0.000789971 	0.269473
0.00486622 	-0.00507128 	-0.000805356 	0.269663
0.00491639 	-0.00507581 	-0.000820907 	0.269849
0.00496656 	-0.0050799 	-0.000837232 	0.270019
0.00501672 	-0.00508399 	-0.000853556 	0.270188
0.00506689 	-0.0050874 	-0.000869909 	0.270345
0.00511706 	-0.00509024 	-0.000886286 	0.270492
0.00516722 	-0.00509308 	-0.000902662 	0.270639
0.00521739 	-0.00509393 	-0.000919105 	0.270766
0.00526756 	-0.0050945 	-0.000935557 	0.27089
0.00531773 	-0.00509454 	-0.000952087 	0.271011
0.00536789 	-0.0050917 	-0.000969052 	0.271112
0.00541806 	-0.00508886 	-0.000986018 	0.271213
0.00546823 	-0.00508432 	-0.00100333 	0.271304
0.00551839 	-0.00507702 	-0.00102121 	0.271382
0.00556856 	-0.00506973 	-0.00103908 	0.271459
0.00561873 	-0.00505956 	-0.00105748 	0.271523
0.0056689 	-0.00504716 	-0.00107628 	0.271577
0.00571906 	-0.00503476 	-0.00109509 	0.27163
0.00576923 	-0.00501882 	-0.00111455 	0.271667
0.0058194 	-0.00500129 	-0.00113432 	0.271697
0.00586957 	-0.00498376 	-0.00115409 	0.271727
0.00591973 	-0.00496271 	-0.00116609 	0.271736
0.0059699 	-0.00494058 	-0.00117574 	0.271738
0.00602007 	-0.00491846 	-0.00118539 	0.271741
0.00607023 	-0.00489326 	-0.00118189 	0.271705
0.0061204 	-0.00486726 	-0.00117495 	0.27166
0.00617057 	-0.00484126 	-0.00116801 	0.271614
0.00622074 	-0.00481242 	-0.00117215 	0.271505
0.0062709 	-0.00478269 	-0.00117969 	0.271377
0.00632107 	-0.00475297 	-0.00118723 	0.271248
0.00637124 	-0.0047196 	-0.00123583 	0.271062
0.0064214 	-0.00468453 	-0.00130352 	0.27085
0.00647157 	-0.00464947 	-0.00137122 	0.270637
0.00652174 	-0.00461066 	-0.00142614 	0.270394
0.00657191 	-0.00456873 	-0.00147039 	0.270124
0.00662207 	-0.0045268 	-0.00151464 	0.269855
0.00667224 	-0.00448357 	-0.00152146 	0.269543
0.00672241 	-0.00443795 	-0.00145894 	0.269153
0.00677258 	-0.00439233 	-0.00139642 	0.268763
0.00682274 	-0.00434662 	-0.00134216 	0.268344
0.00687291 	-0.00430013 	-0.00136291 	0.267672
0.00692308 	-0.00425365 	-0.00138366 	0.267
0.00697324 	-0.00420717 	-0.00140441 	0.266328
0.00702341 	-0.00415899 	-0.00152532 	0.2655
0.00707358 	-0.00411036 	-0.00167295 	0.264631
0.00712375 	-0.00406173 	-0.00182057 	0.263761
0.00717391 	-0.00401222 	-0.00191362 	0.263039
0.00722408 	-0.00396151 	-0.00193144 	0.262519
0.00727425 	-0.0039108 	-0.00194926 	0.261999
0.00732441 	-0.00386008 	-0.00196708 	0.261479
0.00737458 	-0.0038094 	-0.0018846 	0.26145
0.00742475 	-0.00375872 	-0.00180121 	0.261425
0.00747492 	-0.00370804 	-0.00171781 	0.2614
0.00752508 	-0.00365785 	-0.00166493 	0.261437
0.00757525 	-0.00360815 	-0.00164257 	0.261536
0.00762542 	-0.00355846 	-0.00162022 	0.261635
0.00767559 	-0.00350877 	-0.00159833 	0.261734
0.00772575 	-0.00345967 	-0.00162812 	0.261772
0.00777592 	-0.00341056 	-0.00165791 	0.26181
0.00782609 	-0.00336146 	-0.00168771 	0.261847
0.00787625 	-0.0033121 	-0.00172576 	0.261831
0.00792642 	-0.00326255 	-0.00176982 	0.261774
0.00797659 	-0.00321301 	-0.00181387 	0.261718
0.00802676 	-0.00316289 	-0.00185494 	0.261649
0.00807692 	-0.00311065 	-0.00188486 	0.261532
0.00812709 	-0.00305841 	-0.00191477 	0.261415
0.00817726 	-0.00300618 	-0.00194468 	0.261297
0.00822742 	-0.00294942 	-0.00196292 	0.261154
0.00827759 	-0.00289216 	-0.00197987 	0.261009
0.00832776 	-0.00283491 	-0.00199682 	0.260863
0.00837793 	-0.00277345 	-0.0020127 	0.260703
0.00842809 	-0.00270973 	-0.00202802 	0.260537
0.00847826 	-0.00264601 	-0.00204334 	0.260371
0.00852843 	-0.00257893 	-0.00205844 	0.260193
0.0085786 	-0.00250784 	-0.00207327 	0.260002
0.00862876 	-0.00243675 	-0.00208811 	0.259811
0.00867893 	-0.00236324 	-0.00210159 	0.25961
0.0087291 	-0.00228451 	-0.00211216 	0.259389
0.00877926 	-0.00220578 	-0.00212273 	0.259168
0.00882943 	-0.00212534 	-0.00213237 	0.258938
0.0088796 	-0.00203934 	-0.00213901 	0.258684
0.00892977 	-0.00195334 	-0.00214565 	0.258429
0.00897993 	-0.00186596 	-0.00215242 	0.258166
0.0090301 	-0.00177327 	-0.00215967 	0.257875
0.00908027 	-0.00168058 	-0.00216692 	0.257584
0.00913043 	-0.00158645 	-0.0021757 	0.257284
0.0091806 	-0.00148759 	-0.00218955 	0.256957
0.00923077 	-0.00138873 	-0.00220341 	0.256629
0.00928094 	-0.0012882 	-0.00221854 	0.256294
0.0093311 	-0.00118398 	-0.00223654 	0.25594
0.00938127 	-0.00107975 	-0.00225453 	0.255587
0.00943144 	-0.000973694 	-0.0022685 	0.255231
0.00948161 	-0.000865294 	-0.00227729 	0.25487
0.00953177 	-0.000756893 	-0.00228609 	0.254509
0.00958194 	-0.000646448 	-0.00229033 	0.254149
0.00963211 	-0.000534738 	-0.00229176 	0.25379
0.00968227 	-0.000423028 	-0.00229318 	0.253431
0.00973244 	-0.00030869 	-0.00228914 	0.253063
0.00978261 	-0.000193877 	-0.00228411 	0.252694
0.00983278 	-7.85287e-05 	-0.00227711 	0.25232
0.00988294 	4.05665e-05 	-0.00225637 	0.251913
0.00993311 	0.000159662 	-0.00223562 	0.251506
0.00998328 	0.000282028 	-0.00222147 	0.251066
0.0100334 	0.000408376 	-0.00221534 	0.250584
0.0100836 	0.000534724 	-0.00220921 	0.250103
0.0101338 	0.000668273 	-0.00223696 	0.249541
0.0101839 	0.00080336 	-0.00227195 	0.248961
0.0102341 	0.000939975 	-0.00231 	0.248369
0.0102843 	0.00108134 	-0.00235753 	0.247735
0.0103344 	0.0012227 	-0.00240506 	0.247101
0.0103846 	0.00136457 	-0.0024211 	0.246506
0.0104348 	0.00150664 	-0.00242417 	0.245926
0.0104849 	0.00164778 	-0.00241607 	0.245366
0.0105351 	0.00178558 	-0.00236784 	0.244876
0.0105853 	0.00192337 	-0.0023196 	0.244386
0.0106355 	0.002057 	-0.00227844 	0.243909
0.0106856 	0.00218938 	-0.00223937 	0.243436
0.0107358 	0.00231978 	-0.00221325 	0.242945
0.010786 	0.00244675 	-0.00220942 	0.242423
0.0108361 	0.00257369 	-0.00220575 	0.2419
0.0108863 	0.00269692 	-0.00222716 	0.241314
0.0109365 	0.00282014 	-0.00224857 	0.240728
0.0109866 	0.00295395 	-0.00228004 	0.240096
0.0110368 	0.00309258 	-0.00231609 	0.239443
0.011087 	0.00325766 	-0.00234234 	0.23875
0.0111371 	0.00346113 	-0.00235437 	0.237997
0.0111873 	0.00368437 	-0.00235369 	0.237219
0.0112375 	0.0040046 	-0.0022907 	0.23631
0.0112876 	0.00432483 	-0.00222772 	0.235401
0.0113378 	0.00474711 	-0.00209696 	0.234318
0.011388 	0.00517253 	-0.00196413 	0.23323
0.0114381 	0.00554629 	-0.00187629 	0.232117
0.0114883 	0.00590793 	-0.00179902 	0.230999
0.0115385 	0.0061077 	-0.00181576 	0.230004
0.0115886 	0.00623389 	-0.00187525 	0.229064
0.0116388 	0.00626232 	-0.00195042 	0.228214
0.011689 	0.00622624 	-0.00203595 	0.227423
0.0117391 	0.00619389 	-0.00207741 	0.226624
0.0117893 	0.00616454 	-0.00208344 	0.225818
0.0118395 	0.00617284 	-0.00205141 	0.224959
0.0118896 	0.00621294 	-0.00198725 	0.224056
0.0119398 	0.00627875 	-0.0019241 	0.223097
0.01199 	0.00636434 	-0.00186175 	0.222097
0.0120401 	0.00646041 	-0.00183417 	0.221045
0.0120903 	0.00656282 	-0.0018276 	0.219963
0.0121405 	0.00669237 	-0.00182887 	0.218813
0.0121906 	0.00683269 	-0.00183325 	0.217635
0.0122408 	0.00703959 	-0.00180002 	0.216338
0.012291 	0.00725905 	-0.00175968 	0.215019
0.0123411 	0.00755559 	-0.00168237 	0.213521
0.0123913 	0.00784781 	-0.00160801 	0.211996
0.0124415 	0.0081219 	-0.00154608 	0.210357
0.0124916 	0.00832684 	-0.00150265 	0.208694
0.0125418 	0.00843438 	-0.00148525 	0.206996
0.012592 	0.00841592 	-0.00146773 	0.205267
0.0126421 	0.00833532 	-0.00145015 	0.203522
0.0126923 	0.00819836 	-0.00141039 	0.201724
0.0127425 	0.00808117 	-0.00137457 	0.199925
0.0127926 	0.00802447 	-0.00135218 	0.19813
0.0128428 	0.00803863 	-0.00134468 	0.196339
0.012893 	0.00809704 	-0.00134647 	0.194552
0.0129431 	0.00820892 	-0.00132382 	0.192674
0.0129933 	0.0083201 	-0.00128728 	0.190728
0.0130435 	0.00842939 	-0.00122965 	0.188679
0.0130936 	0.00852005 	-0.00117002 	0.186482
0.0131438 	0.00859973 	-0.00111489 	0.184206
0.013194 	0.00866163 	-0.00107229 	0.181811
0.0132441 	0.0087023 	-0.00103804 	0.179285
0.0132943 	0.00872788 	-0.00100574 	0.176665
0.0133445 	0.00873122 	-0.000971979 	0.173905
0.0133946 	0.00871277 	-0.000933726 	0.170974
0.0134448 	0.00868379 	-0.000893788 	0.167929
0.013495 	0.00864561 	-0.000852734 	0.164763
0.0135452 	0.00860214 	-0.000815598 	0.161419
0.0135953 	0.00855582 	-0.000780015 	0.157958
0.0136455 	0.00850553 	-0.000745006 	0.154371
0.0136957 	0.00844814 	-0.00070851 	0.150619
0.0137458 	0.00837857 	-0.000670454 	0.146657
0.013796 	0.00829809 	-0.000632192 	0.142521
0.0138462 	0.00820568 	-0.000594212 	0.1382
0.0138963 	0.00810036 	-0.000556973 	0.133681
0.0139465 	0.00797692 	-0.000520632 	0.128888
0.0139967 	0.00783841 	-0.000485149 	0.123869
0.0140468 	0.00768504 	-0.0004511 	0.118613
0.014097 	0.00751745 	-0.00041863 	0.113107
0.0141472 	0.00733647 	-0.000387258 	0.107334
0.0141973 	0.00714178 	-0.000355664 	0.10128
0.0142475 	0.00692558 	-0.000322687 	0.0948884
0.0142977 	0.00668198 	-0.000289343 	0.0882121
0.0143478 	0.00640271 	-0.000256777 	0.0812848
0.014398 	0.00608092 	-0.000225314 	0.0741616
0.0144482 	0.00571152 	-0.000194944 	0.0669245
0.0144983 	0.00529197 	-0.000165976 	0.0596803
0.0145485 	0.0048243 	-0.000138972 	0.052551
0.0145987 	0.00431706 	-0.000114262 	0.0456533
0.0146488 	0.00378557 	-9.18622e-05 	0.0390735
0.014699 	0.00325052 	-7.16693e-05 	0.0328463
0.0147492 	0.00273659 	-5.36391e-05 	0.0269403
0.0147993 	0.00227367 	-3.81355e-05 	0.0212408
0.0148495 	0.00190302 	-2.39162e-05 	0.0155462
0.0148997 	0.00157945 	-1.26381e-05 	0.00973608
0.0149498 	0.00102357 	-5.36582e-06 	0.00421176
0.015 	0 	0 	0
