0 	0 	0 	0
5.01672e-05 	-0.00068951 	3.10974e-06 	0.0163742
0.000100334 	-0.00160944 	5.47855e-06 	0.0307316
0.000150502 	-0.00250392 	7.51065e-06 	0.0441028
0.000200669 	-0.00324139 	9.14287e-06 	0.0568229
0.000250836 	-0.00384645 	1.08891e-05 	0.0688388
0.000301003 	-0.0043578 	1.30283e-05 	0.0800928
0.000351171 	-0.0047948 	1.57298e-05 	0.0905775
0.000401338 	-0.00516899 	1.90844e-05 	0.1003
0.000451505 	-0.00548827 	2.31025e-05 	0.109275
0.000501672 	-0.00575867 	2.77606e-05 	0.11753
0.000551839 	-0.00598561 	3.28563e-05 	0.125109
0.000602007 	-0.00617472 	3.81838e-05 	0.132071
0.000652174 	-0.00633204 	4.37426e-05 	0.138478
0.000702341 	-0.00646365 	4.96173e-05 	0.144385
0.000752508 	-0.00657506 	5.58342e-05 	0.149839
0.000802676 	-0.00667055 	6.23798e-05 	0.154878
0.000852843 	-0.00675149 	6.91248e-05 	0.159486
0.00090301 	-0.00682212 	7.60388e-05 	0.163761
0.000953177 	-0.00688381 	8.32597e-05 	0.167738
0.00100334 	-0.00693749 	9.07549e-05 	0.171447
0.00105351 	-0.00698383 	9.83648e-05 	0.174914
0.00110368 	-0.00702317 	0.00010583 	0.17816
0.00115385 	-0.00705431 	0.000112964 	0.181155
0.00120401 	-0.00708008 	0.000120058 	0.183982
0.00125418 	-0.00710117 	0.000127309 	0.186657
0.00130435 	-0.00711819 	0.000134844 	0.189194
0.00135452 	-0.00713072 	0.000142819 	0.191567
0.00140468 	-0.00713987 	0.000150915 	0.193812
0.00145485 	-0.00714637 	0.000159076 	0.195958
0.00150502 	-0.00715043 	0.000167283 	0.198013
0.00155518 	-0.00715099 	0.000175751 	0.199938
0.00160535 	-0.00714981 	0.000184451 	0.201792
0.00165552 	-0.00714723 	0.000193366 	0.203581
0.00170569 	-0.00714329 	0.00020259 	0.205283
0.00175585 	-0.00713895 	0.00021204 	0.206916
0.00180602 	-0.00713452 	0.000221647 	0.208501
0.00185619 	-0.00713027 	0.000231478 	0.210018
0.00190635 	-0.00712642 	0.00024156 	0.211474
0.00195652 	-0.00712284 	0.000251805 	0.212893
0.00200669 	-0.00711973 	0.000262355 	0.214248
0.00205686 	-0.00711701 	0.000273087 	0.215558
0.00210702 	-0.00711454 	0.000283939 	0.216838
0.00215719 	-0.00711293 	0.000294972 	0.218049
0.00220736 	-0.0071118 	0.000306053 	0.219235
0.00225753 	-0.00711145 	0.000317208 	0.220381
0.00230769 	-0.00711216 	0.000328515 	0.221481
0.00235786 	-0.00711331 	0.000339891 	0.222562
0.00240803 	-0.00711511 	0.000351542 	0.223586
0.00245819 	-0.00711666 	0.000363222 	0.224592
0.00250836 	-0.00711768 	0.000374963 	0.22556
0.00255853 	-0.00711758 	0.000386627 	0.226496
0.0026087 	-0.00711671 	0.000398237 	0.22741
0.00265886 	-0.0071145 	0.000409903 	0.228284
0.00270903 	-0.00711198 	0.000421581 	0.229148
0.0027592 	-0.00710942 	0.000433706 	0.229965
0.00280936 	-0.00710701 	0.000445911 	0.230776
0.00285953 	-0.00710543 	0.000458544 	0.231549
0.0029097 	-0.00710379 	0.000471275 	0.232311
0.00295987 	-0.007102 	0.000484252 	0.233042
0.00301003 	-0.00709898 	0.000497371 	0.233759
0.0030602 	-0.00709394 	0.000510724 	0.234451
0.00311037 	-0.00708637 	0.000524364 	0.235126
0.00316054 	-0.00707552 	0.000538376 	0.235781
0.0032107 	-0.0070619 	0.000552766 	0.236419
0.00326087 	-0.00704501 	0.000567602 	0.237039
0.00331104 	-0.00702604 	0.000582368 	0.237644
0.0033612 	-0.0070045 	0.000597047 	0.23823
0.00341137 	-0.00698161 	0.000609754 	0.238804
0.00346154 	-0.00695667 	0.000619474 	0.239359
0.00351171 	-0.00693063 	0.000629147 	0.239905
0.00356187 	-0.00690219 	0.00063872 	0.24043
0.00361204 	-0.00687008 	0.000651974 	0.240954
0.00366221 	-0.00682234 	0.0006809 	0.241475
0.00371237 	-0.00677294 	0.000710047 	0.241997
0.00376254 	-0.00666935 	0.000746388 	0.242587
0.00381271 	-0.00656576 	0.000782729 	0.243177
0.00386288 	-0.0063953 	0.000776887 	0.243914
0.00391304 	-0.0062112 	0.000762441 	0.24468
0.00396321 	-0.00598377 	0.000714257 	0.245586
0.00401338 	-0.00572648 	0.00064282 	0.246587
0.00406355 	-0.00547752 	0.000596945 	0.24758
0.00411371 	-0.00524683 	0.000607107 	0.248556
0.00416388 	-0.00501615 	0.00061727 	0.249531
0.00421405 	-0.00487847 	0.000740718 	0.250275
0.00426421 	-0.00474139 	0.00086489 	0.251017
0.00431438 	-0.00463491 	0.000950519 	0.251656
0.00436455 	-0.00454622 	0.00101375 	0.252235
0.00441472 	-0.0044608 	0.00105216 	0.252778
0.00446488 	-0.00438642 	0.00100695 	0.253202
0.00451505 	-0.00431203 	0.00096174 	0.253625
0.00456522 	-0.0042333 	0.000924826 	0.253966
0.00461538 	-0.00415335 	0.00089022 	0.254285
0.00466555 	-0.00407316 	0.000871434 	0.254597
0.00471572 	-0.00399234 	0.000891046 	0.254892
0.00476589 	-0.00391153 	0.000910658 	0.255188
0.00481605 	-0.00384121 	0.000934506 	0.255474
0.00486622 	-0.00377428 	0.000959716 	0.255757
0.00491639 	-0.00370886 	0.000982531 	0.256034
0.00496656 	-0.00365049 	0.000994125 	0.256286
0.00501672 	-0.00359213 	0.00100572 	0.256539
0.00506689 	-0.00353549 	0.00101536 	0.256772
0.00511706 	-0.00348027 	0.00102339 	0.256991
0.00516722 	-0.00342505 	0.00103143 	0.257209
0.00521739 	-0.00337213 	0.00103939 	0.2574
0.00526756 	-0.00331953 	0.00104735 	0.257588
0.00531773 	-0.00326726 	0.00105517 	0.257772
0.00536789 	-0.00321678 	0.00106229 	0.257934
0.00541806 	-0.0031663 	0.0010694 	0.258095
0.00546823 	-0.00311665 	0.00107633 	0.258247
0.00551839 	-0.00306832 	0.00108294 	0.258384
0.00556856 	-0.00301999 	0.00108955 	0.258522
0.00561873 	-0.00297272 	0.00109574 	0.258647
0.0056689 	-0.00292627 	0.00110161 	0.258763
0.00571906 	-0.00287983 	0.00110747 	0.258879
0.00576923 	-0.00283362 	0.00111265 	0.258982
0.0058194 	-0.00278753 	0.00111753 	0.259079
0.00586957 	-0.00274143 	0.00112241 	0.259176
0.00591973 	-0.00269376 	0.00112665 	0.259259
0.0059699 	-0.00264562 	0.00113069 	0.259339
0.00602007 	-0.00259747 	0.00113473 	0.259419
0.00607023 	-0.00254621 	0.00113821 	0.259487
0.0061204 	-0.00249413 	0.00114154 	0.259552
0.00617057 	-0.00244206 	0.00114487 	0.259617
0.00622074 	-0.00238685 	0.00114741 	0.259673
0.0062709 	-0.00233067 	0.0011497 	0.259726
0.00632107 	-0.0022745 	0.001152 	0.259778
0.00637124 	-0.00221689 	0.00115189 	0.259824
0.0064214 	-0.00215862 	0.00115067 	0.259867
0.00647157 	-0.00210035 	0.00114945 	0.25991
0.00652174 	-0.00204336 	0.00114382 	0.259953
0.00657191 	-0.00198746 	0.0011345 	0.259997
0.00662207 	-0.00193155 	0.00112517 	0.260041
0.00667224 	-0.00187646 	0.0011155 	0.260091
0.00672241 	-0.00182288 	0.00110518 	0.260155
0.00677258 	-0.0017693 	0.00109486 	0.260218
0.00682274 	-0.00171464 	0.00108697 	0.260283
0.00687291 	-0.00165017 	0.0011011 	0.260358
0.00692308 	-0.00158569 	0.00111523 	0.260433
0.00697324 	-0.00152122 	0.00112936 	0.260509
0.00702341 	-0.00144581 	0.00116748 	0.260525
0.00707358 	-0.00136748 	0.00121199 	0.260526
0.00712375 	-0.00128915 	0.00125651 	0.260527
0.00717391 	-0.00122128 	0.00127914 	0.260447
0.00722408 	-0.00116783 	0.00127162 	0.260256
0.00727425 	-0.00111437 	0.0012641 	0.260064
0.00732441 	-0.00106091 	0.00125657 	0.259872
0.00737458 	-0.00103291 	0.00119382 	0.259601
0.00742475 	-0.00100514 	0.00113057 	0.259329
0.00747492 	-0.000977363 	0.00106731 	0.259057
0.00752508 	-0.000939132 	0.00102639 	0.258833
0.00757525 	-0.000890441 	0.00100781 	0.258657
0.00762542 	-0.000841751 	0.000989224 	0.25848
0.00767559 	-0.00079289 	0.000970991 	0.258305
0.00772575 	-0.000725365 	0.000991282 	0.258219
0.00777592 	-0.000657841 	0.00101157 	0.258134
0.00782609 	-0.000590316 	0.00103186 	0.258048
0.00787625 	-0.000526711 	0.00104798 	0.257984
0.00792642 	-0.00046595 	0.00106106 	0.257934
0.00797659 	-0.000405188 	0.00107415 	0.257885
0.00802676 	-0.000345684 	0.00108519 	0.257834
0.00807692 	-0.000290895 	0.00108856 	0.25778
0.00812709 	-0.000236105 	0.00109193 	0.257726
0.00817726 	-0.000181316 	0.00109531 	0.257672
0.00822742 	-0.000124501 	0.00107001 	0.257599
0.00827759 	-6.74625e-05 	0.00104155 	0.257524
0.00832776 	-1.04241e-05 	0.0010131 	0.25745
0.00837793 	4.63668e-05 	0.000962232 	0.25733
0.00842809 	0.000103024 	0.000899264 	0.257187
0.00847826 	0.000159681 	0.000836296 	0.257043
0.00852843 	0.000212812 	0.000796893 	0.256844
0.0085786 	0.000261724 	0.000785678 	0.256576
0.00862876 	0.000310636 	0.000774464 	0.256309
0.00867893 	0.000359128 	0.000780113 	0.256025
0.0087291 	0.000406716 	0.000822016 	0.255707
0.00877926 	0.000454304 	0.00086392 	0.255389
0.00882943 	0.000504631 	0.000897009 	0.255085
0.0088796 	0.000563879 	0.000901389 	0.254824
0.00892977 	0.000623127 	0.00090577 	0.254563
0.00897993 	0.000684732 	0.000901732 	0.254315
0.0090301 	0.000755386 	0.000865373 	0.254114
0.00908027 	0.00082604 	0.000829013 	0.253914
0.00913043 	0.00089757 	0.000793067 	0.253718
0.0091806 	0.000972004 	0.000758492 	0.253539
0.00923077 	0.00104644 	0.000723917 	0.25336
0.00928094 	0.00112034 	0.000694212 	0.253178
0.0093311 	0.00119305 	0.000675389 	0.25299
0.00938127 	0.00126576 	0.000656566 	0.252801
0.00943144 	0.001337 	0.000638162 	0.252606
0.00948161 	0.00140637 	0.000620296 	0.252403
0.00953177 	0.00147573 	0.00060243 	0.252199
0.00958194 	0.0015423 	0.000581294 	0.251988
0.00963211 	0.00160713 	0.000558135 	0.251773
0.00968227 	0.00167196 	0.000534976 	0.251558
0.00973244 	0.00173229 	0.000511508 	0.251333
0.00978261 	0.00179181 	0.000487983 	0.251108
0.00983278 	0.00185068 	0.000464504 	0.250881
0.00988294 	0.00190495 	0.000441351 	0.250645
0.00993311 	0.00195921 	0.000418198 	0.250409
0.00998328 	0.00201102 	0.000394953 	0.250169
0.0100334 	0.00205983 	0.000371597 	0.249925
0.0100836 	0.00210864 	0.000348241 	0.24968
0.0101338 	0.00215199 	0.000324927 	0.249429
0.0101839 	0.00219417 	0.000301622 	0.249177
0.0102341 	0.00223435 	0.000278504 	0.248923
0.0102843 	0.00226834 	0.000255964 	0.248661
0.0103344 	0.00230232 	0.000233425 	0.2484
0.0103846 	0.00232994 	0.000211246 	0.248126
0.0104348 	0.00235494 	0.000189216 	0.247846
0.0104849 	0.00237789 	0.000167308 	0.247559
0.0105351 	0.00239349 	0.000145841 	0.247248
0.0105853 	0.00240909 	0.000124375 	0.246937
0.0106355 	0.00241664 	0.000104216 	0.246596
0.0106856 	0.0024218 	8.44455e-05 	0.246245
0.0107358 	0.00242244 	6.5703e-05 	0.245879
0.010786 	0.0024153 	4.87297e-05 	0.245485
0.0108361 	0.00240808 	3.16821e-05 	0.245091
0.0108863 	0.00238799 	2.99536e-06 	0.244652
0.0109365 	0.00236789 	-2.56914e-05 	0.244212
0.0109866 	0.00234974 	-6.95794e-05 	0.243749
0.0110368 	0.00233248 	-0.000120402 	0.243274
0.011087 	0.00232736 	-0.000166358 	0.242793
0.0111371 	0.00233987 	-0.000205255 	0.242303
0.0111873 	0.00235175 	-0.000233537 	0.241807
0.0112375 	0.00236052 	-0.000209773 	0.241279
0.0112876 	0.00236928 	-0.00018601 	0.24075
0.0113378 	0.00221083 	-0.000112914 	0.240031
0.011388 	0.00204725 	-3.83051e-05 	0.239305
0.0114381 	0.00161878 	-3.82165e-05 	0.238272
0.0114883 	0.00112811 	-5.56301e-05 	0.237167
0.0115385 	0.000571154 	-0.000137112 	0.235959
0.0115886 	-1.59418e-05 	-0.000247723 	0.234706
0.0116388 	-0.000489022 	-0.000327218 	0.233555
0.011689 	-0.000886868 	-0.000386179 	0.232471
0.0117391 	-0.00117317 	-0.000405962 	0.231467
0.0117893 	-0.00136975 	-0.000394232 	0.230527
0.0118395 	-0.00149166 	-0.00037669 	0.229612
0.0118896 	-0.00155047 	-0.000354237 	0.228719
0.0119398 	-0.00158854 	-0.000349823 	0.22781
0.01199 	-0.00161066 	-0.00035928 	0.22689
0.0120401 	-0.0016388 	-0.000371412 	0.225936
0.0120903 	-0.00167057 	-0.00038516 	0.224962
0.0121405 	-0.00170826 	-0.000390055 	0.223946
0.0121906 	-0.0017483 	-0.000391434 	0.222914
0.0122408 	-0.00179225 	-0.000391407 	0.221828
0.012291 	-0.00183694 	-0.000391116 	0.220733
0.0123411 	-0.00188349 	-0.000391519 	0.219568
0.0123913 	-0.00193012 	-0.000391984 	0.218389
0.0124415 	-0.0019771 	-0.000392714 	0.21715
0.0124916 	-0.00202429 	-0.000393278 	0.215878
0.0125418 	-0.00207174 	-0.000393608 	0.21456
0.012592 	-0.00211991 	-0.000393177 	0.213186
0.0126421 	-0.00216842 	-0.000392371 	0.211784
0.0126923 	-0.00221852 	-0.000389732 	0.210296
0.0127425 	-0.00226928 	-0.000386507 	0.208778
0.0127926 	-0.00232161 	-0.000381932 	0.20719
0.0128428 	-0.00237545 	-0.000377233 	0.205538
0.012893 	-0.00243024 	-0.000372456 	0.203846
0.0129431 	-0.00248735 	-0.000369939 	0.20204
0.0129933 	-0.00254512 	-0.000368424 	0.200181
0.0130435 	-0.00260384 	-0.00036842 	0.198241
0.0130936 	-0.00266282 	-0.000367594 	0.196174
0.0131438 	-0.00272163 	-0.000365452 	0.194031
0.013194 	-0.00277984 	-0.000360415 	0.191765
0.0132441 	-0.00283641 	-0.000352724 	0.189361
0.0132943 	-0.00289138 	-0.00034407 	0.186866
0.0133445 	-0.0029435 	-0.000334992 	0.184241
0.0133946 	-0.00299192 	-0.00032731 	0.181464
0.0134448 	-0.0030389 	-0.000320283 	0.178577
0.013495 	-0.00308487 	-0.000313812 	0.175564
0.0135452 	-0.00313738 	-0.000306276 	0.172326
0.0135953 	-0.00320132 	-0.000297719 	0.168929
0.0136455 	-0.00327966 	-0.000288219 	0.16536
0.0136957 	-0.00338017 	-0.000277872 	0.161571
0.0137458 	-0.00350692 	-0.000267576 	0.157517
0.013796 	-0.00364849 	-0.000257274 	0.153255
0.0138462 	-0.00380006 	-0.000246657 	0.148778
0.0138963 	-0.00395521 	-0.000235252 	0.144077
0.0139465 	-0.00410239 	-0.000222509 	0.139069
0.0139967 	-0.00423659 	-0.000208954 	0.133808
0.0140468 	-0.00435448 	-0.00019482 	0.128286
0.014097 	-0.00445185 	-0.000180314 	0.122487
0.0141472 	-0.00452378 	-0.000165593 	0.116395
0.0141973 	-0.00456469 	-0.000150685 	0.109995
0.0142475 	-0.00456343 	-0.000135369 	0.10321
0.0142977 	-0.00452241 	-0.000119732 	0.0960769
0.0143478 	-0.00444049 	-0.000104122 	0.0885925
0.014398 	-0.00431715 	-8.88784e-05 	0.0807793
0.0144482 	-0.00415321 	-7.42304e-05 	0.0726942
0.0144983 	-0.00395095 	-6.03881e-05 	0.0644324
0.0145485 	-0.00371374 	-4.7582e-05 	0.0561241
0.0145987 	-0.00344482 	-3.59807e-05 	0.0479225
0.0146488 	-0.00314602 	-2.56642e-05 	0.0399838
0.014699 	-0.00281627 	-1.67263e-05 	0.0324465
0.0147492 	-0.00244905 	-9.29353e-06 	0.0254243
0.0147993 	-0.00202739 	-3.37186e-06 	0.0190198
0.0148495 	-0.00151381 	1.37379e-08 	0.013356
0.0148997 	-0.000899632 	1.43145e-06 	0.00850071
0.0149498 	-0.000328721 	1.69595e-06 	0.00421356
0.015 	0 	0 	0
