-0.0075 	0 	0 	0
-0.0075 	-1.27155e-35 	-1.71588e-36 	1.84963e-31
-0.00745622 	-1.0445e-06 	-1.40949e-07 	0.0151936
-0.00745622 	-1.0445e-06 	-1.40949e-07 	0.0151936
-0.00741165 	-1.71117e-06 	-5.96746e-07 	0.029592
-0.00741165 	-1.71117e-06 	-5.96746e-07 	0.029592
-0.00736628 	-2.28571e-06 	-1.41162e-06 	0.043293
-0.00736628 	-2.28571e-06 	-1.41162e-06 	0.043293
-0.0073201 	-2.88368e-06 	-2.61602e-06 	0.0563198
-0.0073201 	-2.88368e-06 	-2.61602e-06 	0.0563198
-0.00727309 	-3.4804e-06 	-4.20924e-06 	0.068696
-0.00727309 	-3.4804e-06 	-4.20924e-06 	0.068696
-0.00722524 	-4.04221e-06 	-6.20321e-06 	0.0804424
-0.00722524 	-4.04221e-06 	-6.20321e-06 	0.0804424
-0.00717653 	-4.55707e-06 	-8.60854e-06 	0.0915678
-0.00717653 	-4.55707e-06 	-8.60854e-06 	0.0915678
-0.00712695 	-5.02096e-06 	-1.14444e-05 	0.10206
-0.00712695 	-5.02096e-06 	-1.14444e-05 	0.10206
-0.00707647 	-5.43271e-06 	-1.47461e-05 	0.111888
-0.00707647 	-5.43271e-06 	-1.47461e-05 	0.111888
-0.0070251 	-5.79234e-06 	-1.85706e-05 	0.121026
-0.0070251 	-5.79234e-06 	-1.85706e-05 	0.121026
-0.0069728 	-6.10071e-06 	-2.29903e-05 	0.129466
-0.0069728 	-6.10071e-06 	-2.29903e-05 	0.129466
-0.00691956 	-6.35943e-06 	-2.80791e-05 	0.137227
-0.00691956 	-6.35943e-06 	-2.80791e-05 	0.137227
-0.00686537 	-6.57078e-06 	-3.39022e-05 	0.144348
-0.00686537 	-6.57078e-06 	-3.39022e-05 	0.144348
-0.00681021 	-6.73769e-06 	-4.05259e-05 	0.150883
-0.00681021 	-6.73769e-06 	-4.05259e-05 	0.150883
-0.00675406 	-6.86332e-06 	-4.80206e-05 	0.156895
-0.00675406 	-6.86332e-06 	-4.80206e-05 	0.156895
-0.0066969 	-6.95051e-06 	-5.64509e-05 	0.162438
-0.0066969 	-6.95051e-06 	-5.64509e-05 	0.162438
-0.00663871 	-7.00189e-06 	-6.58614e-05 	0.167557
-0.00663871 	-7.00189e-06 	-6.58614e-05 	0.167557
-0.00657949 	-7.02038e-06 	-7.62561e-05 	0.172295
-0.00657949 	-7.02038e-06 	-7.62561e-05 	0.172295
-0.0065192 	-7.00918e-06 	-8.76012e-05 	0.176692
-0.0065192 	-7.00918e-06 	-8.76012e-05 	0.176692
-0.00645783 	-6.97143e-06 	-9.9847e-05 	0.180791
-0.00645783 	-6.97143e-06 	-9.9847e-05 	0.180791
-0.00639535 	-6.91002e-06 	-0.000112941 	0.18463
-0.00639535 	-6.91002e-06 	-0.000112941 	0.18463
-0.00633176 	-6.82734e-06 	-0.000126831 	0.188243
-0.00633176 	-6.82734e-06 	-0.000126831 	0.188243
-0.00626703 	-6.72543e-06 	-0.000141462 	0.191656
-0.00626703 	-6.72543e-06 	-0.000141462 	0.191656
-0.00620114 	-6.60617e-06 	-0.000156778 	0.194892
-0.00620114 	-6.60617e-06 	-0.000156778 	0.194892
-0.00613406 	-6.47122e-06 	-0.000172721 	0.197972
-0.00613406 	-6.47122e-06 	-0.000172721 	0.197972
-0.00606579 	-6.32217e-06 	-0.000189229 	0.200914
-0.00606579 	-6.32217e-06 	-0.000189229 	0.200914
-0.00599629 	-6.16048e-06 	-0.000206236 	0.203734
-0.00599629 	-6.16048e-06 	-0.000206236 	0.203734
-0.00592554 	-5.98726e-06 	-0.000223675 	0.206449
-0.00592554 	-5.98726e-06 	-0.000223675 	0.206449
-0.00585352 	-5.80327e-06 	-0.000241469 	0.209072
-0.00585352 	-5.80327e-06 	-0.000241469 	0.209072
-0.00578022 	-5.60902e-06 	-0.000259527 	0.211616
-0.00578022 	-5.60902e-06 	-0.000259527 	0.211616
-0.00570559 	-5.40496e-06 	-0.000277753 	0.214091
-0.00570559 	-5.40496e-06 	-0.000277753 	0.214091
-0.00562963 	-5.19151e-06 	-0.000296049 	0.216504
-0.00562963 	-5.19151e-06 	-0.000296049 	0.216504
-0.00555231 	-4.96904e-06 	-0.000314314 	0.218862
-0.00555231 	-4.96904e-06 	-0.000314314 	0.218862
-0.0054736 	-4.73787e-06 	-0.000332449 	0.221172
-0.0054736 	-4.73787e-06 	-0.000332449 	0.221172
-0.00539348 	-4.49824e-06 	-0.000350349 	0.223436
-0.00539348 	-4.49824e-06 	-0.000350349 	0.223436
-0.00531193 	-4.25033e-06 	-0.000367911 	0.225661
-0.00531193 	-4.25033e-06 	-0.000367911 	0.225661
-0.00522891 	-3.99427e-06 	-0.000385035 	0.227847
-0.00522891 	-3.99427e-06 	-0.000385035 	0.227847
-0.0051444 	-3.73013e-06 	-0.00040162 	0.229998
-0.0051444 	-3.73013e-06 	-0.00040162 	0.229998
-0.00505838 	-3.45789e-06 	-0.000417571 	0.232114
-0.00505838 	-3.45789e-06 	-0.000417571 	0.232114
-0.00497081 	-3.17749e-06 	-0.000432799 	0.234197
-0.00497081 	-3.17749e-06 	-0.000432799 	0.234197
-0.00488168 	-2.88878e-06 	-0.000447217 	0.236246
-0.00488168 	-2.88878e-06 	-0.000447217 	0.236246
-0.00479094 	-2.59154e-06 	-0.000460745 	0.23826
-0.00479094 	-2.59154e-06 	-0.000460745 	0.23826
-0.00469858 	-2.2855e-06 	-0.000473306 	0.240238
-0.00469858 	-2.2855e-06 	-0.000473306 	0.240238
-0.00460456 	-1.97031e-06 	-0.000484831 	0.242179
-0.00460456 	-1.97031e-06 	-0.000484831 	0.242179
-0.00450886 	-1.6455e-06 	-0.000495266 	0.24408
-0.00450886 	-1.6455e-06 	-0.000495266 	0.24408
-0.00441144 	-1.3104e-06 	-0.000504594 	0.245942
-0.00441144 	-1.3104e-06 	-0.000504594 	0.245942
-0.00431227 	-9.64193e-07 	-0.000512826 	0.24776
-0.00431227 	-9.64193e-07 	-0.000512826 	0.24776
-0.00421133 	-6.05862e-07 	-0.000520007 	0.249534
-0.00421133 	-6.05862e-07 	-0.000520007 	0.249534
-0.00410857 	-2.34505e-07 	-0.000526202 	0.251261
-0.00410857 	-2.34505e-07 	-0.000526202 	0.251261
-0.00400397 	1.50204e-07 	-0.000531496 	0.252939
-0.00400397 	1.50204e-07 	-0.000531496 	0.252939
-0.0038975 	5.48033e-07 	-0.000535976 	0.254568
-0.0038975 	5.48033e-07 	-0.000535976 	0.254568
-0.00378912 	9.5885e-07 	-0.000539726 	0.256151
-0.00378912 	9.5885e-07 	-0.000539726 	0.256151
-0.00367879 	1.38313e-06 	-0.000542812 	0.25769
-0.00367879 	1.38313e-06 	-0.000542812 	0.25769
-0.00356649 	1.82144e-06 	-0.000545292 	0.259184
-0.00356649 	1.82144e-06 	-0.000545292 	0.259184
-0.00345217 	2.27372e-06 	-0.00054722 	0.260632
-0.00345217 	2.27372e-06 	-0.00054722 	0.260632
-0.0033358 	2.73919e-06 	-0.000548653 	0.262031
-0.0033358 	2.73919e-06 	-0.000548653 	0.262031
-0.00321735 	3.2168e-06 	-0.000549655 	0.263379
-0.00321735 	3.2168e-06 	-0.000549655 	0.263379
-0.00309677 	3.70524e-06 	-0.000550293 	0.264674
-0.00309677 	3.70524e-06 	-0.000550293 	0.264674
-0.00297403 	4.203e-06 	-0.000550638 	0.265913
-0.00297403 	4.203e-06 	-0.000550638 	0.265913
-0.00284909 	4.70823e-06 	-0.000550763 	0.267093
-0.00284909 	4.70823e-06 	-0.000550763 	0.267093
-0.0027219 	5.21887e-06 	-0.000550741 	0.268213
-0.0027219 	5.21887e-06 	-0.000550741 	0.268213
-0.00259244 	5.7327e-06 	-0.000550645 	0.269269
-0.00259244 	5.7327e-06 	-0.000550645 	0.269269
-0.00246065 	6.2473e-06 	-0.000550543 	0.27026
-0.00246065 	6.2473e-06 	-0.000550543 	0.27026
-0.00232651 	6.76005e-06 	-0.000550495 	0.271182
-0.00232651 	6.76005e-06 	-0.000550495 	0.271182
-0.00218995 	7.26799e-06 	-0.00055055 	0.272035
-0.00218995 	7.26799e-06 	-0.00055055 	0.272035
-0.00205095 	7.76785e-06 	-0.000550745 	0.272816
-0.00205095 	7.76785e-06 	-0.000550745 	0.272816
-0.00190946 	8.25584e-06 	-0.000551105 	0.273523
-0.00190946 	8.25584e-06 	-0.000551105 	0.273523
-0.00176543 	8.72745e-06 	-0.000551638 	0.274157
-0.00176543 	8.72745e-06 	-0.000551638 	0.274157
-0.00161881 	9.17741e-06 	-0.000552333 	0.274715
-0.00161881 	9.17741e-06 	-0.000552333 	0.274715
-0.00146957 	9.59993e-06 	-0.000553163 	0.275198
-0.00146957 	9.59993e-06 	-0.000553163 	0.275198
-0.00131765 	9.98903e-06 	-0.000554085 	0.275607
-0.00131765 	9.98903e-06 	-0.000554085 	0.275607
-0.001163 	1.03383e-05 	-0.000555047 	0.27594
-0.001163 	1.03383e-05 	-0.000555047 	0.27594
-0.00100559 	1.06403e-05 	-0.000555992 	0.276199
-0.00100559 	1.06403e-05 	-0.000555992 	0.276199
-0.000845345 	1.08861e-05 	-0.000556886 	0.276382
-0.000845345 	1.08861e-05 	-0.000556886 	0.276382
-0.000682232 	1.10652e-05 	-0.000557652 	0.276488
-0.000682232 	1.10652e-05 	-0.000557652 	0.276488
-0.000516194 	1.11657e-05 	-0.000558206 	0.276515
-0.000516194 	1.11657e-05 	-0.000558206 	0.276515
-0.000347178 	1.11746e-05 	-0.000558535 	0.276462
-0.000347178 	1.11746e-05 	-0.000558535 	0.276462
-0.000175132 	1.10806e-05 	-0.000558513 	0.276327
-0.000175132 	1.10806e-05 	-0.000558513 	0.276327
0 	1.08772e-05 	-0.000558136 	0.276106
0 	1.08772e-05 	-0.000558136 	0.276106
0 	1.08772e-05 	-0.000558136 	0.276106
0 	1.08772e-05 	-0.000558136 	0.276106
0.000175132 	1.05649e-05 	-0.000557451 	0.275803
0.000175132 	8.77287e-06 	-0.000462125 	0.27249
0.000347178 	1.01547e-05 	-0.000556371 	0.275424
0.000347178 	9.93862e-06 	-0.000462991 	0.272176
0.000516194 	9.66031e-06 	-0.000554973 	0.274974
0.000516194 	1.0933e-05 	-0.000463652 	0.271785
0.000682232 	9.09502e-06 	-0.000553259 	0.274456
0.000682232 	1.17715e-05 	-0.000464082 	0.271321
0.000845345 	8.47442e-06 	-0.000551183 	0.273874
0.000845345 	1.24714e-05 	-0.000464072 	0.270787
0.00100559 	7.8122e-06 	-0.000548793 	0.27323
0.00100559 	1.30492e-05 	-0.000463718 	0.270189
0.001163 	7.12019e-06 	-0.000546106 	0.272528
0.001163 	1.35203e-05 	-0.000463031 	0.269528
0.00131765 	6.40858e-06 	-0.000543139 	0.271769
0.00131765 	1.38988e-05 	-0.000462021 	0.268807
0.00146957 	5.6861e-06 	-0.000539906 	0.270955
0.00146957 	1.41973e-05 	-0.000460696 	0.26803
0.00161881 	4.96019e-06 	-0.000536421 	0.270089
0.00161881 	1.44266e-05 	-0.000459064 	0.267198
0.00176543 	4.23704e-06 	-0.000532693 	0.269172
0.00176543 	1.45964e-05 	-0.000457134 	0.266313
0.00190946 	3.52182e-06 	-0.00052873 	0.268206
0.00190946 	1.47147e-05 	-0.000454909 	0.265377
0.00205095 	2.81887e-06 	-0.000524538 	0.267191
0.00205095 	1.47887e-05 	-0.000452393 	0.264391
0.00218995 	2.13174e-06 	-0.000520119 	0.266129
0.00218995 	1.48245e-05 	-0.000449587 	0.263356
0.00232651 	1.46332e-06 	-0.000515476 	0.265021
0.00232651 	1.48274e-05 	-0.00044649 	0.262274
0.00246065 	8.15883e-07 	-0.000510606 	0.263868
0.00246065 	1.48017e-05 	-0.000443101 	0.261145
0.00259244 	1.91255e-07 	-0.000505507 	0.262669
0.00259244 	1.4751e-05 	-0.000439415 	0.25997
0.0027219 	-4.09159e-07 	-0.000500176 	0.261426
0.0027219 	1.46781e-05 	-0.000435426 	0.25875
0.00284909 	-9.8429e-07 	-0.000494605 	0.260139
0.00284909 	1.45856e-05 	-0.000431124 	0.257485
0.00297403 	-1.53336e-06 	-0.000488788 	0.258807
0.00297403 	1.44752e-05 	-0.0004265 	0.256176
0.00309677 	-2.05583e-06 	-0.000482715 	0.257432
0.00309677 	1.43484e-05 	-0.000421538 	0.254822
0.00321735 	-2.55135e-06 	-0.000476378 	0.256012
0.00321735 	1.42065e-05 	-0.000416224 	0.253423
0.0033358 	-3.01971e-06 	-0.000469766 	0.254547
0.0033358 	1.40504e-05 	-0.000410545 	0.251979
0.00345217 	1.38809e-05 	-0.00040449 	0.250489
0.00345217 	-3.46081e-06 	-0.000462871 	0.253036
0.00356649 	-3.87461e-06 	-0.000455686 	0.251479
0.00356649 	1.36989e-05 	-0.000398064 	0.248951
0.00367879 	-4.26111e-06 	-0.000448196 	0.249875
0.00367879 	1.35057e-05 	-0.000391261 	0.247367
0.00378912 	-4.62037e-06 	-0.000440382 	0.248223
0.00378912 	1.33034e-05 	-0.000384065 	0.245735
0.0038975 	-4.95244e-06 	-0.000432219 	0.246521
0.0038975 	1.3094e-05 	-0.000376454 	0.244057
0.00400397 	-5.25732e-06 	-0.000423667 	0.244765
0.00400397 	1.28795e-05 	-0.00036837 	0.242326
0.00410857 	1.26618e-05 	-0.000359712 	0.240529
0.00410857 	-5.53525e-06 	-0.000414661 	0.242951
0.00421133 	-5.78702e-06 	-0.000405125 	0.241071
0.00421133 	1.24406e-05 	-0.000350374 	0.238654
0.00431227 	-6.01387e-06 	-0.000394976 	0.239119
0.00431227 	1.22141e-05 	-0.000340279 	0.236696
0.00441144 	-6.21679e-06 	-0.000384145 	0.237089
0.00441144 	1.19799e-05 	-0.000329383 	0.234649
0.00450886 	-6.39612e-06 	-0.000372599 	0.234973
0.00450886 	1.17355e-05 	-0.000317692 	0.232509
0.00460456 	-6.55192e-06 	-0.000360336 	0.232766
0.00460456 	1.14788e-05 	-0.000305244 	0.230274
0.00469858 	-6.68438e-06 	-0.000347375 	0.230464
0.00469858 	1.1208e-05 	-0.000292092 	0.227939
0.00479094 	-6.79387e-06 	-0.000333742 	0.228062
0.00479094 	1.09211e-05 	-0.000278294 	0.225501
0.00488168 	-6.88082e-06 	-0.000319466 	0.225555
0.00488168 	1.06164e-05 	-0.000263908 	0.222954
0.00497081 	-6.94566e-06 	-0.000304586 	0.222939
0.00497081 	1.02919e-05 	-0.000249001 	0.220295
0.00505838 	-6.98888e-06 	-0.000289154 	0.22021
0.00505838 	9.94573e-06 	-0.000233649 	0.217519
0.0051444 	-7.01096e-06 	-0.000273236 	0.217364
0.0051444 	9.57614e-06 	-0.00021794 	0.214625
0.00522891 	-7.01244e-06 	-0.000256912 	0.214396
0.00522891 	9.18138e-06 	-0.000201978 	0.211607
0.00531193 	-6.99386e-06 	-0.000240282 	0.211305
0.00531193 	8.75995e-06 	-0.000185882 	0.208465
0.00539348 	-6.95578e-06 	-0.000223459 	0.208087
0.00539348 	8.3106e-06 	-0.000169787 	0.205197
0.0054736 	-6.89877e-06 	-0.000206566 	0.204739
0.0054736 	7.83237e-06 	-0.000153835 	0.201799
0.00555231 	-6.8234e-06 	-0.000189737 	0.201257
0.00555231 	7.32457e-06 	-0.000138172 	0.198272
0.00562963 	-6.73022e-06 	-0.000173106 	0.197637
0.00562963 	6.78679e-06 	-0.00012294 	0.194611
0.00570559 	-6.61981e-06 	-0.000156807 	0.193876
0.00570559 	6.2189e-06 	-0.000108276 	0.190814
0.00578022 	-6.49272e-06 	-0.000140965 	0.189967
0.00578022 	5.62102e-06 	-9.4298e-05 	0.186878
0.00585352 	-6.34951e-06 	-0.000125698 	0.185906
0.00585352 	4.99362e-06 	-8.11126e-05 	0.182797
0.00592554 	-6.19075e-06 	-0.000111109 	0.181687
0.00592554 	4.33745e-06 	-6.88047e-05 	0.178567
0.00599629 	-6.01703e-06 	-9.72881e-05 	0.1773
0.00599629 	3.65366e-06 	-5.74381e-05 	0.174179
0.00606579 	-5.82906e-06 	-8.4309e-05 	0.172738
0.00606579 	2.94375e-06 	-4.70566e-05 	0.169626
0.00613406 	-5.62761e-06 	-7.22348e-05 	0.167989
0.00613406 	2.20968e-06 	-3.7685e-05 	0.164896
0.00620114 	1.45372e-06 	-2.93312e-05 	0.159973
0.00620114 	-5.41336e-06 	-6.11141e-05 	0.163038
0.00626703 	-5.18682e-06 	-5.09831e-05 	0.157865
0.00626703 	6.78736e-07 	-2.19917e-05 	0.154838
0.00633176 	-1.11079e-07 	-1.56536e-05 	0.149477
0.00633176 	-4.9487e-06 	-4.18706e-05 	0.152456
0.00639535 	-9.10116e-07 	-1.02885e-05 	0.143874
0.00639535 	-4.70007e-06 	-3.37893e-05 	0.146794
0.00645783 	-4.44226e-06 	-2.67307e-05 	0.140863
0.00645783 	-1.71145e-06 	-5.85091e-06 	0.138013
0.0065192 	-4.17679e-06 	-2.06704e-05 	0.134647
0.0065192 	-2.50662e-06 	-2.28257e-06 	0.131876
0.00657949 	-3.90537e-06 	-1.55707e-05 	0.128128
0.00657949 	-3.28532e-06 	4.84507e-07 	0.125446
0.00663871 	-3.63023e-06 	-1.13806e-05 	0.12129
0.00663871 	-4.03541e-06 	2.52477e-06 	0.118706
0.0066969 	-3.3542e-06 	-8.02265e-06 	0.114115
0.0066969 	-4.74307e-06 	3.92322e-06 	0.111634
0.00675406 	-5.39336e-06 	4.76952e-06 	0.104197
0.00675406 	-3.07967e-06 	-5.40518e-06 	0.10657
0.00681021 	-5.96869e-06 	5.15378e-06 	0.0963664
0.00681021 	-2.80823e-06 	-3.42849e-06 	0.0986229
0.00686537 	-6.44643e-06 	5.16615e-06 	0.0881579
0.00686537 	-2.54198e-06 	-1.99761e-06 	0.0902808
0.00691956 	-6.80068e-06 	4.89429e-06 	0.0796379
0.00691956 	-2.28382e-06 	-1.0295e-06 	0.0816084
0.0069728 	-7.00662e-06 	4.42522e-06 	0.0709238
0.0069728 	-2.03641e-06 	-4.32018e-07 	0.0727228
0.0070251 	-1.80105e-06 	-1.09556e-07 	0.0637923
0.0070251 	-7.04476e-06 	3.84077e-06 	0.0621806
0.00707647 	-1.577e-06 	2.90765e-08 	0.0550173
0.00707647 	-6.90537e-06 	3.21141e-06 	0.0536021
0.00712695 	-1.362e-06 	6.18782e-08 	0.0465954
0.00712695 	-6.59113e-06 	2.59195e-06 	0.045377
0.00717653 	-1.15358e-06 	4.6459e-08 	0.038683
0.00717653 	-6.11634e-06 	2.01893e-06 	0.0376541
0.00722524 	-9.50737e-07 	1.80805e-08 	0.0313728
0.00722524 	-5.50293e-06 	1.51165e-06 	0.0305212
0.00727309 	-4.77608e-06 	1.07714e-06 	0.0240092
0.00727309 	-7.55833e-07 	-6.24815e-09 	0.0246968
0.0073201 	-3.96213e-06 	7.17047e-07 	0.0181098
0.0073201 	-5.77305e-07 	-2.04737e-08 	0.0186462
0.00736628 	-3.0901e-06 	4.24853e-07 	0.0127944
0.00736628 	-4.354e-07 	-2.826e-08 	0.0131908
0.00741165 	-3.35084e-07 	-2.31324e-08 	0.00829329
0.00741165 	-2.16424e-06 	2.09926e-07 	0.00802679
0.00745622 	-2.17091e-07 	-1.36382e-08 	0.00391509
0.00745622 	-1.14132e-06 	7.01886e-08 	0.00376972
0.0075 	0 	0 	0
0.0075 	0 	0 	0
