-0.0075 	0 	0 	0
-0.0075 	8.90968e-22 	-3.06193e-22 	1.3957e-18
-0.00745622 	-5.75321e-06 	1.97717e-06 	-0.00901236
-0.00745622 	-5.75321e-06 	1.97717e-06 	-0.00901236
-0.00741165 	-1.01588e-05 	7.07713e-06 	-0.018227
-0.00741165 	-1.01588e-05 	7.07713e-06 	-0.018227
-0.00736628 	-1.30989e-05 	1.56292e-05 	-0.027634
-0.00736628 	-1.30989e-05 	1.56292e-05 	-0.027634
-0.0073201 	-1.44824e-05 	2.75853e-05 	-0.0371804
-0.0073201 	-1.44824e-05 	2.75853e-05 	-0.0371804
-0.00727309 	-1.42363e-05 	4.27678e-05 	-0.0468115
-0.00727309 	-1.42363e-05 	4.27678e-05 	-0.0468115
-0.00722524 	-1.23411e-05 	6.10039e-05 	-0.0564735
-0.00722524 	-1.23411e-05 	6.10039e-05 	-0.0564735
-0.00717653 	-8.85985e-06 	8.2112e-05 	-0.0661156
-0.00717653 	-8.85985e-06 	8.2112e-05 	-0.0661156
-0.00712695 	-3.95e-06 	0.000105888 	-0.0756925
-0.00712695 	-3.95e-06 	0.000105888 	-0.0756925
-0.00707647 	2.137e-06 	0.00013211 	-0.0851663
-0.00707647 	2.137e-06 	0.00013211 	-0.0851663
-0.0070251 	9.06472e-06 	0.000160543 	-0.0945077
-0.0070251 	9.06472e-06 	0.000160543 	-0.0945077
-0.0069728 	1.64278e-05 	0.000190951 	-0.103696
-0.0069728 	1.64278e-05 	0.000190951 	-0.103696
-0.00691956 	2.3772e-05 	0.000223097 	-0.112717
-0.00691956 	2.3772e-05 	0.000223097 	-0.112717
-0.00686537 	3.06163e-05 	0.000256759 	-0.121564
-0.00686537 	3.06163e-05 	0.000256759 	-0.121564
-0.00681021 	3.64752e-05 	0.000291725 	-0.130232
-0.00681021 	3.64752e-05 	0.000291725 	-0.130232
-0.00675406 	4.08851e-05 	0.000327804 	-0.138717
-0.00675406 	4.08851e-05 	0.000327804 	-0.138717
-0.0066969 	4.34319e-05 	0.000364825 	-0.147013
-0.0066969 	4.34319e-05 	0.000364825 	-0.147013
-0.00663871 	4.37808e-05 	0.000402625 	-0.155114
-0.00663871 	4.37808e-05 	0.000402625 	-0.155114
-0.00657949 	4.17057e-05 	0.000441037 	-0.16301
-0.00657949 	4.17057e-05 	0.000441037 	-0.16301
-0.0065192 	3.71177e-05 	0.000479876 	-0.170688
-0.0065192 	3.71177e-05 	0.000479876 	-0.170688
-0.00645783 	3.00867e-05 	0.00051893 	-0.178131
-0.00645783 	3.00867e-05 	0.00051893 	-0.178131
-0.00639535 	2.08531e-05 	0.000557953 	-0.185316
-0.00639535 	2.08531e-05 	0.000557953 	-0.185316
-0.00633176 	9.82469e-06 	0.000596665 	-0.19222
-0.00633176 	9.82469e-06 	0.000596665 	-0.19222
-0.00626703 	-2.44357e-06 	0.000634758 	-0.198819
-0.00626703 	-2.44357e-06 	0.000634758 	-0.198819
-0.00620114 	-1.52854e-05 	0.000671905 	-0.205088
-0.00620114 	-1.52854e-05 	0.000671905 	-0.205088
-0.00613406 	-2.79718e-05 	0.000707773 	-0.211004
-0.00613406 	-2.79718e-05 	0.000707773 	-0.211004
-0.00606579 	-3.97656e-05 	0.000742031 	-0.216546
-0.00606579 	-3.97656e-05 	0.000742031 	-0.216546
-0.00599629 	-4.99777e-05 	0.000774365 	-0.221699
-0.00599629 	-4.99777e-05 	0.000774365 	-0.221699
-0.00592554 	-5.80166e-05 	0.000804485 	-0.226449
-0.00592554 	-5.80166e-05 	0.000804485 	-0.226449
-0.00585352 	-6.34268e-05 	0.000832133 	-0.230789
-0.00585352 	-6.34268e-05 	0.000832133 	-0.230789
-0.00578022 	-6.59135e-05 	0.000857092 	-0.234717
-0.00578022 	-6.59135e-05 	0.000857092 	-0.234717
-0.00570559 	-6.53514e-05 	0.000879188 	-0.238236
-0.00570559 	-6.53514e-05 	0.000879188 	-0.238236
-0.00562963 	-6.17787e-05 	0.000898298 	-0.241354
-0.00562963 	-6.17787e-05 	0.000898298 	-0.241354
-0.00555231 	-5.53785e-05 	0.000914348 	-0.244084
-0.00555231 	-5.53785e-05 	0.000914348 	-0.244084
-0.0054736 	-4.64524e-05 	0.000927312 	-0.246444
-0.0054736 	-4.64524e-05 	0.000927312 	-0.246444
-0.00539348 	-3.53918e-05 	0.000937208 	-0.248456
-0.00539348 	-3.53918e-05 	0.000937208 	-0.248456
-0.00531193 	-2.26504e-05 	0.000944093 	-0.250144
-0.00531193 	-2.26504e-05 	0.000944093 	-0.250144
-0.00522891 	-8.7225e-06 	0.000948068 	-0.251537
-0.00522891 	-8.7225e-06 	0.000948068 	-0.251537
-0.0051444 	5.88462e-06 	0.000949292 	-0.252664
-0.0051444 	5.88462e-06 	0.000949292 	-0.252664
-0.00505838 	2.0696e-05 	0.000947964 	-0.253557
-0.00505838 	2.0696e-05 	0.000947964 	-0.253557
-0.00497081 	3.52834e-05 	0.000944294 	-0.254248
-0.00497081 	3.52834e-05 	0.000944294 	-0.254248
-0.00488168 	4.92452e-05 	0.000938498 	-0.25477
-0.00488168 	4.92452e-05 	0.000938498 	-0.25477
-0.00479094 	6.22254e-05 	0.000930787 	-0.255149
-0.00479094 	6.22254e-05 	0.000930787 	-0.255149
-0.00469858 	7.39436e-05 	0.000921357 	-0.255412
-0.00469858 	7.39436e-05 	0.000921357 	-0.255412
-0.00460456 	8.41991e-05 	0.000910392 	-0.255583
-0.00460456 	8.41991e-05 	0.000910392 	-0.255583
-0.00450886 	9.28719e-05 	0.000898064 	-0.255683
-0.00450886 	9.28719e-05 	0.000898064 	-0.255683
-0.00441144 	9.99173e-05 	0.000884525 	-0.255728
-0.00441144 	9.99173e-05 	0.000884525 	-0.255728
-0.00431227 	0.000105356 	0.000869906 	-0.255733
-0.00431227 	0.000105356 	0.000869906 	-0.255733
-0.00421133 	0.000109262 	0.000854317 	-0.255708
-0.00421133 	0.000109262 	0.000854317 	-0.255708
-0.00410857 	0.000111746 	0.000837849 	-0.255661
-0.00410857 	0.000111746 	0.000837849 	-0.255661
-0.00400397 	0.000112947 	0.000820573 	-0.255598
-0.00400397 	0.000112947 	0.000820573 	-0.255598
-0.0038975 	0.000113022 	0.000802518 	-0.255524
-0.0038975 	0.000113022 	0.000802518 	-0.255524
-0.00378912 	0.000112124 	0.000783665 	-0.25544
-0.00378912 	0.000112124 	0.000783665 	-0.25544
-0.00367879 	0.000110379 	0.000763971 	-0.25535
-0.00367879 	0.000110379 	0.000763971 	-0.25535
-0.00356649 	0.000107861 	0.000743412 	-0.255255
-0.00356649 	0.000107861 	0.000743412 	-0.255255
-0.00345217 	0.000104605 	0.000721947 	-0.255158
-0.00345217 	0.000104605 	0.000721947 	-0.255158
-0.0033358 	0.000100681 	0.000699521 	-0.255059
-0.0033358 	0.000100681 	0.000699521 	-0.255059
-0.00321735 	9.62369e-05 	0.00067617 	-0.254962
-0.00321735 	9.62369e-05 	0.00067617 	-0.254962
-0.00309677 	9.14495e-05 	0.000652016 	-0.254867
-0.00309677 	9.14495e-05 	0.000652016 	-0.254867
-0.00297403 	8.64672e-05 	0.00062713 	-0.254777
-0.00297403 	8.64672e-05 	0.00062713 	-0.254777
-0.00284909 	8.14279e-05 	0.000601546 	-0.254691
-0.00284909 	8.14279e-05 	0.000601546 	-0.254691
-0.0027219 	7.65303e-05 	0.000575332 	-0.25461
-0.0027219 	7.65303e-05 	0.000575332 	-0.25461
-0.00259244 	7.20291e-05 	0.000548569 	-0.254534
-0.00259244 	7.20291e-05 	0.000548569 	-0.254534
-0.00246065 	6.8198e-05 	0.000521308 	-0.254463
-0.00246065 	6.8198e-05 	0.000521308 	-0.254463
-0.00232651 	6.53458e-05 	0.000493575 	-0.254398
-0.00232651 	6.53458e-05 	0.000493575 	-0.254398
-0.00218995 	6.38286e-05 	0.00046536 	-0.254338
-0.00218995 	6.38286e-05 	0.00046536 	-0.254338
-0.00205095 	6.40357e-05 	0.000436615 	-0.254283
-0.00205095 	6.40357e-05 	0.000436615 	-0.254283
-0.00190946 	6.63589e-05 	0.000407254 	-0.254234
-0.00190946 	6.63589e-05 	0.000407254 	-0.254234
-0.00176543 	7.11578e-05 	0.000377162 	-0.25419
-0.00176543 	7.11578e-05 	0.000377162 	-0.25419
-0.00161881 	7.87478e-05 	0.000346198 	-0.254152
-0.00161881 	7.87478e-05 	0.000346198 	-0.254152
-0.00146957 	8.93873e-05 	0.000314199 	-0.25412
-0.00146957 	8.93873e-05 	0.000314199 	-0.25412
-0.00131765 	0.000103254 	0.000280986 	-0.254094
-0.00131765 	0.000103254 	0.000280986 	-0.254094
-0.001163 	0.000120421 	0.000246371 	-0.254074
-0.001163 	0.000120421 	0.000246371 	-0.254074
-0.00100559 	0.000140829 	0.000210161 	-0.25406
-0.00100559 	0.000140829 	0.000210161 	-0.25406
-0.000845345 	0.000164263 	0.000172151 	-0.254053
-0.000845345 	0.000164263 	0.000172151 	-0.254053
-0.000682232 	0.000190335 	0.00013213 	-0.254054
-0.000682232 	0.000190335 	0.00013213 	-0.254054
-0.000516194 	0.000218445 	8.99024e-05 	-0.254063
-0.000516194 	0.000218445 	8.99024e-05 	-0.254063
-0.000347178 	0.00024773 	4.53088e-05 	-0.25408
-0.000347178 	0.00024773 	4.53088e-05 	-0.25408
-0.000175132 	0.000277046 	-1.7292e-06 	-0.254106
-0.000175132 	0.000277046 	-1.7292e-06 	-0.254106
0 	0.000304855 	-5.09537e-05 	-0.254143
0 	0.000304855 	-5.09537e-05 	-0.254143
0.000175132 	0.00032929 	-0.000101507 	-0.254189
0.000175132 	0.00032929 	-0.000101507 	-0.254189
0.000347178 	0.000348714 	-0.000152393 	-0.254244
0.000347178 	0.000348714 	-0.000152393 	-0.254244
0.000516194 	0.000362077 	-0.000203029 	-0.254308
0.000516194 	0.000362077 	-0.000203029 	-0.254308
0.000682232 	0.000368781 	-0.000253104 	-0.254381
0.000682232 	0.000368781 	-0.000253104 	-0.254381
0.000845345 	0.000368604 	-0.000302329 	-0.254462
0.000845345 	0.000368604 	-0.000302329 	-0.254462
0.00100559 	0.000361683 	-0.000350394 	-0.254551
0.00100559 	0.000361683 	-0.000350394 	-0.254551
0.001163 	0.000348357 	-0.000397153 	-0.254648
0.001163 	0.000348357 	-0.000397153 	-0.254648
0.00131765 	0.000328977 	-0.000442701 	-0.254754
0.00131765 	0.000328977 	-0.000442701 	-0.254754
0.00146957 	0.000303977 	-0.000487119 	-0.254869
0.00146957 	0.000303977 	-0.000487119 	-0.254869
0.00161881 	0.00027405 	-0.000530445 	-0.254992
0.00161881 	0.00027405 	-0.000530445 	-0.254992
0.00176543 	0.000240167 	-0.000572829 	-0.255125
0.00176543 	0.000240167 	-0.000572829 	-0.255125
0.00190946 	0.000203511 	-0.000614483 	-0.255264
0.00190946 	0.000203511 	-0.000614483 	-0.255264
0.00205095 	0.000165384 	-0.00065561 	-0.255411
0.00205095 	0.000165384 	-0.00065561 	-0.255411
0.00218995 	0.0001271 	-0.000696389 	-0.255564
0.00218995 	0.0001271 	-0.000696389 	-0.255564
0.00232651 	8.98936e-05 	-0.000736983 	-0.255722
0.00232651 	8.98936e-05 	-0.000736983 	-0.255722
0.00246065 	5.48476e-05 	-0.000777525 	-0.255885
0.00246065 	5.48476e-05 	-0.000777525 	-0.255885
0.00259244 	2.28514e-05 	-0.000818115 	-0.256052
0.00259244 	2.28514e-05 	-0.000818115 	-0.256052
0.0027219 	-5.41227e-06 	-0.000858822 	-0.256223
0.0027219 	-5.41227e-06 	-0.000858822 	-0.256223
0.00284909 	-2.94617e-05 	-0.000899682 	-0.256398
0.00284909 	-2.94617e-05 	-0.000899682 	-0.256398
0.00297403 	-4.90002e-05 	-0.000940681 	-0.256577
0.00297403 	-4.90002e-05 	-0.000940681 	-0.256577
0.00309677 	-6.39002e-05 	-0.000981755 	-0.256758
0.00309677 	-6.39002e-05 	-0.000981755 	-0.256758
0.00321735 	-7.41904e-05 	-0.00102281 	-0.256939
0.00321735 	-7.41904e-05 	-0.00102281 	-0.256939
0.0033358 	-8.00601e-05 	-0.00106375 	-0.257119
0.0033358 	-8.00601e-05 	-0.00106375 	-0.257119
0.00345217 	-8.1925e-05 	-0.00110423 	-0.257291
0.00345217 	-8.1925e-05 	-0.00110423 	-0.257291
0.00356649 	-8.05381e-05 	-0.00114366 	-0.257451
0.00356649 	-8.05381e-05 	-0.00114366 	-0.257451
0.00367879 	-7.66515e-05 	-0.00118194 	-0.2576
0.00367879 	-7.66515e-05 	-0.00118194 	-0.2576
0.00378912 	-7.06341e-05 	-0.00121944 	-0.257736
0.00378912 	-7.06341e-05 	-0.00121944 	-0.257736
0.0038975 	-6.27912e-05 	-0.00125595 	-0.257856
0.0038975 	-6.27912e-05 	-0.00125595 	-0.257856
0.00400397 	-5.35126e-05 	-0.00129106 	-0.257954
0.00400397 	-5.35126e-05 	-0.00129106 	-0.257954
0.00410857 	-4.31734e-05 	-0.00132456 	-0.25802
0.00410857 	-4.31734e-05 	-0.00132456 	-0.25802
0.00421133 	-3.22818e-05 	-0.00135612 	-0.258042
0.00421133 	-3.22818e-05 	-0.00135612 	-0.258042
0.00431227 	-2.15681e-05 	-0.00138526 	-0.258003
0.00431227 	-2.15681e-05 	-0.00138526 	-0.258003
0.00441144 	-1.19709e-05 	-0.00141141 	-0.257881
0.00441144 	-1.19709e-05 	-0.00141141 	-0.257881
0.00450886 	-4.58847e-06 	-0.00143395 	-0.25765
0.00450886 	-4.58847e-06 	-0.00143395 	-0.25765
0.00460456 	-6.12464e-07 	-0.00145224 	-0.25728
0.00460456 	-6.12464e-07 	-0.00145224 	-0.25728
0.00469858 	-1.241e-06 	-0.00146563 	-0.256741
0.00469858 	-1.241e-06 	-0.00146563 	-0.256741
0.00479094 	-7.58016e-06 	-0.00147353 	-0.255996
0.00479094 	-7.58016e-06 	-0.00147353 	-0.255996
0.00488168 	-2.05394e-05 	-0.00147542 	-0.255014
0.00488168 	-2.05394e-05 	-0.00147542 	-0.255014
0.00497081 	-4.07503e-05 	-0.00147088 	-0.25376
0.00497081 	-4.07503e-05 	-0.00147088 	-0.25376
0.00505838 	-6.8512e-05 	-0.0014596 	-0.2522
0.00505838 	-6.8512e-05 	-0.0014596 	-0.2522
0.0051444 	-0.000103708 	-0.00144141 	-0.250303
0.0051444 	-0.000103708 	-0.00144141 	-0.250303
0.00522891 	-0.000145765 	-0.00141633 	-0.248046
0.00522891 	-0.000145765 	-0.00141633 	-0.248046
0.00531193 	-0.000193688 	-0.00138453 	-0.24541
0.00531193 	-0.000193688 	-0.00138453 	-0.24541
0.00539348 	-0.000246101 	-0.00134633 	-0.242381
0.00539348 	-0.000246101 	-0.00134633 	-0.242381
0.0054736 	-0.000301326 	-0.00130218 	-0.238949
0.0054736 	-0.000301326 	-0.00130218 	-0.238949
0.00555231 	-0.000357465 	-0.00125265 	-0.235109
0.00555231 	-0.000357465 	-0.00125265 	-0.235109
0.00562963 	-0.000412514 	-0.00119839 	-0.230863
0.00562963 	-0.000412514 	-0.00119839 	-0.230863
0.00570559 	-0.000464478 	-0.00114013 	-0.226214
0.00570559 	-0.000464478 	-0.00114013 	-0.226214
0.00578022 	-0.000511484 	-0.00107863 	-0.221172
0.00578022 	-0.000511484 	-0.00107863 	-0.221172
0.00585352 	-0.000551884 	-0.00101468 	-0.215748
0.00585352 	-0.000551884 	-0.00101468 	-0.215748
0.00592554 	-0.00058435 	-0.000949072 	-0.209955
0.00592554 	-0.00058435 	-0.000949072 	-0.209955
0.00599629 	-0.000607931 	-0.000882553 	-0.20381
0.00599629 	-0.000607931 	-0.000882553 	-0.20381
0.00606579 	-0.000622086 	-0.000815844 	-0.197329
0.00606579 	-0.000622086 	-0.000815844 	-0.197329
0.00613406 	-0.000626694 	-0.000749616 	-0.190531
0.00613406 	-0.000626694 	-0.000749616 	-0.190531
0.00620114 	-0.000622033 	-0.000684482 	-0.183439
0.00620114 	-0.000622033 	-0.000684482 	-0.183439
0.00626703 	-0.000608746 	-0.000620989 	-0.176075
0.00626703 	-0.000608746 	-0.000620989 	-0.176075
0.00633176 	-0.000587775 	-0.000559621 	-0.168464
0.00633176 	-0.000587775 	-0.000559621 	-0.168464
0.00639535 	-0.000560285 	-0.000500795 	-0.160632
0.00639535 	-0.000560285 	-0.000500795 	-0.160632
0.00645783 	-0.000527582 	-0.000444859 	-0.152607
0.00645783 	-0.000527582 	-0.000444859 	-0.152607
0.0065192 	-0.000491033 	-0.000392101 	-0.144419
0.0065192 	-0.000491033 	-0.000392101 	-0.144419
0.00657949 	-0.000451989 	-0.000342743 	-0.136101
0.00657949 	-0.000451989 	-0.000342743 	-0.136101
0.00663871 	-0.000411721 	-0.000296949 	-0.127686
0.00663871 	-0.000411721 	-0.000296949 	-0.127686
0.0066969 	-0.000371365 	-0.000254824 	-0.119212
0.0066969 	-0.000371365 	-0.000254824 	-0.119212
0.00675406 	-0.000331887 	-0.000216416 	-0.110715
0.00675406 	-0.000331887 	-0.000216416 	-0.110715
0.00681021 	-0.000294055 	-0.000181716 	-0.102235
0.00681021 	-0.000294055 	-0.000181716 	-0.102235
0.00686537 	-0.000258443 	-0.000150671 	-0.0938098
0.00686537 	-0.000258443 	-0.000150671 	-0.0938098
0.00691956 	-0.000225429 	-0.000123183 	-0.0854797
0.00691956 	-0.000225429 	-0.000123183 	-0.0854797
0.0069728 	-0.000195204 	-9.91143e-05 	-0.0772807
0.0069728 	-0.000195204 	-9.91143e-05 	-0.0772807
0.0070251 	-0.000167793 	-7.82929e-05 	-0.0692436
0.0070251 	-0.000167793 	-7.82929e-05 	-0.0692436
0.00707647 	-0.000143087 	-6.05178e-05 	-0.0613922
0.00707647 	-0.000143087 	-6.05178e-05 	-0.0613922
0.00712695 	-0.000120878 	-4.55681e-05 	-0.0537432
0.00712695 	-0.000120878 	-4.55681e-05 	-0.0537432
0.00717653 	-0.000100896 	-3.32103e-05 	-0.0463061
0.00717653 	-0.000100896 	-3.32103e-05 	-0.0463061
0.00722524 	-8.28451e-05 	-2.3205e-05 	-0.0390843
0.00722524 	-8.28451e-05 	-2.3205e-05 	-0.0390843
0.00727309 	-6.64265e-05 	-1.53136e-05 	-0.0320765
0.00727309 	-6.64265e-05 	-1.53136e-05 	-0.0320765
0.0073201 	-5.13586e-05 	-9.30552e-06 	-0.0252781
0.0073201 	-5.13586e-05 	-9.30552e-06 	-0.0252781
0.00736628 	-3.73891e-05 	-4.96598e-06 	-0.0186822
0.00736628 	-3.73891e-05 	-4.96598e-06 	-0.0186822
0.00741165 	-2.42935e-05 	-2.11427e-06 	-0.0122807
0.00741165 	-2.42935e-05 	-2.11427e-06 	-0.0122807
0.00745622 	-1.18844e-05 	-5.48055e-07 	-0.00606526
0.00745622 	-1.18844e-05 	-5.48055e-07 	-0.00606526
0.0075 	0 	0 	0
0.0075 	0 	0 	0
