-0.0075 	0 	0 	0
-0.0075 	-4.72137e-21 	-3.33469e-22 	1.42876e-18
-0.00745622 	3.04871e-05 	2.1533e-06 	-0.00922587
-0.00745622 	3.04871e-05 	2.1533e-06 	-0.00922587
-0.00741165 	5.99661e-05 	7.58033e-06 	-0.0186447
-0.00741165 	5.99661e-05 	7.58033e-06 	-0.0186447
-0.00736628 	8.87025e-05 	1.65722e-05 	-0.0282437
-0.00736628 	8.87025e-05 	1.65722e-05 	-0.0282437
-0.0073201 	0.000116846 	2.90308e-05 	-0.0379657
-0.0073201 	0.000116846 	2.90308e-05 	-0.0379657
-0.00727309 	0.000144543 	4.46939e-05 	-0.0477517
-0.00727309 	0.000144543 	4.46939e-05 	-0.0477517
-0.00722524 	0.0001719 	6.33382e-05 	-0.0575437
-0.00722524 	0.0001719 	6.33382e-05 	-0.0575437
-0.00717653 	0.000198979 	8.47378e-05 	-0.0672872
-0.00717653 	0.000198979 	8.47378e-05 	-0.0672872
-0.00712695 	0.000225784 	0.000108665 	-0.0769346
-0.00712695 	0.000225784 	0.000108665 	-0.0769346
-0.00707647 	0.000252271 	0.000134896 	-0.0864472
-0.00707647 	0.000252271 	0.000134896 	-0.0864472
-0.0070251 	0.000278346 	0.000163222 	-0.0957969
-0.0070251 	0.000278346 	0.000163222 	-0.0957969
-0.0069728 	0.000303868 	0.000193456 	-0.104965
-0.0069728 	0.000303868 	0.000193456 	-0.104965
-0.00691956 	0.000328652 	0.000225443 	-0.113943
-0.00691956 	0.000328652 	0.000225443 	-0.113943
-0.00686537 	0.000352465 	0.000259055 	-0.122727
-0.00686537 	0.000352465 	0.000259055 	-0.122727
-0.00681021 	0.000375023 	0.000294197 	-0.131314
-0.00681021 	0.000375023 	0.000294197 	-0.131314
-0.00675406 	0.000395989 	0.000330796 	-0.139705
-0.00675406 	0.000395989 	0.000330796 	-0.139705
-0.0066969 	0.000414981 	0.000368803 	-0.147895
-0.0066969 	0.000414981 	0.000368803 	-0.147895
-0.00663871 	0.00043158 	0.000408176 	-0.155879
-0.00663871 	0.00043158 	0.000408176 	-0.155879
-0.00657949 	0.000445349 	0.000448872 	-0.16365
-0.00657949 	0.000445349 	0.000448872 	-0.16365
-0.0065192 	0.000455852 	0.000490836 	-0.171193
-0.0065192 	0.000455852 	0.000490836 	-0.171193
-0.00645783 	0.000462691 	0.000533991 	-0.178492
-0.00645783 	0.000462691 	0.000533991 	-0.178492
-0.00639535 	0.000465534 	0.000578236 	-0.18553
-0.00639535 	0.000465534 	0.000578236 	-0.18553
-0.00633176 	0.000464152 	0.000623443 	-0.192284
-0.00633176 	0.000464152 	0.000623443 	-0.192284
-0.00626703 	0.000458452 	0.000669457 	-0.198735
-0.00626703 	0.000458452 	0.000669457 	-0.198735
-0.00620114 	0.000448502 	0.000716101 	-0.204863
-0.00620114 	0.000448502 	0.000716101 	-0.204863
-0.00613406 	0.000434541 	0.000763173 	-0.21065
-0.00613406 	0.000434541 	0.000763173 	-0.21065
-0.00606579 	0.000416991 	0.000810451 	-0.21608
-0.00606579 	0.000416991 	0.000810451 	-0.21608
-0.00599629 	0.000396443 	0.000857694 	-0.221142
-0.00599629 	0.000396443 	0.000857694 	-0.221142
-0.00592554 	0.000373633 	0.000904642 	-0.225827
-0.00592554 	0.000373633 	0.000904642 	-0.225827
-0.00585352 	0.000349416 	0.000951017 	-0.230131
-0.00585352 	0.000349416 	0.000951017 	-0.230131
-0.00578022 	0.000324717 	0.000996526 	-0.234051
-0.00578022 	0.000324717 	0.000996526 	-0.234051
-0.00570559 	0.00030049 	0.00104086 	-0.237592
-0.00570559 	0.00030049 	0.00104086 	-0.237592
-0.00562963 	0.000277661 	0.00108371 	-0.24076
-0.00562963 	0.000277661 	0.00108371 	-0.24076
-0.00555231 	0.000257083 	0.00112475 	-0.243566
-0.00555231 	0.000257083 	0.00112475 	-0.243566
-0.0054736 	0.000239491 	0.00116368 	-0.246025
-0.0054736 	0.000239491 	0.00116368 	-0.246025
-0.00539348 	0.000225468 	0.00120018 	-0.248153
-0.00539348 	0.000225468 	0.00120018 	-0.248153
-0.00531193 	0.000215414 	0.00123398 	-0.249971
-0.00531193 	0.000215414 	0.00123398 	-0.249971
-0.00522891 	0.000209533 	0.00126481 	-0.2515
-0.00522891 	0.000209533 	0.00126481 	-0.2515
-0.0051444 	0.000207815 	0.00129245 	-0.252766
-0.0051444 	0.000207815 	0.00129245 	-0.252766
-0.00505838 	0.000210061 	0.00131675 	-0.253794
-0.00505838 	0.000210061 	0.00131675 	-0.253794
-0.00497081 	0.000215913 	0.0013376 	-0.254613
-0.00497081 	0.000215913 	0.0013376 	-0.254613
-0.00488168 	0.000224861 	0.0013549 	-0.25525
-0.00488168 	0.000224861 	0.0013549 	-0.25525
-0.00479094 	0.00023627 	0.00136859 	-0.255728
-0.00479094 	0.00023627 	0.00136859 	-0.255728
-0.00469858 	0.000249442 	0.00137866 	-0.256074
-0.00469858 	0.000249442 	0.00137866 	-0.256074
-0.00460456 	0.00026367 	0.00138514 	-0.256311
-0.00460456 	0.00026367 	0.00138514 	-0.256311
-0.00450886 	0.000278276 	0.00138808 	-0.25646
-0.00450886 	0.000278276 	0.00138808 	-0.25646
-0.00441144 	0.000292654 	0.00138754 	-0.25654
-0.00441144 	0.000292654 	0.00138754 	-0.25654
-0.00431227 	0.000306297 	0.0013836 	-0.256566
-0.00431227 	0.000306297 	0.0013836 	-0.256566
-0.00421133 	0.000318809 	0.00137635 	-0.256551
-0.00421133 	0.000318809 	0.00137635 	-0.256551
-0.00410857 	0.000329896 	0.00136585 	-0.256506
-0.00410857 	0.000329896 	0.00136585 	-0.256506
-0.00400397 	0.000339349 	0.00135218 	-0.256437
-0.00400397 	0.000339349 	0.00135218 	-0.256437
-0.0038975 	0.000347013 	0.00133533 	-0.256352
-0.0038975 	0.000347013 	0.00133533 	-0.256352
-0.00378912 	0.000352744 	0.00131522 	-0.256253
-0.00378912 	0.000352744 	0.00131522 	-0.256253
-0.00367879 	0.000356371 	0.00129187 	-0.256143
-0.00367879 	0.000356371 	0.00129187 	-0.256143
-0.00356649 	0.000357679 	0.0012653 	-0.256025
-0.00356649 	0.000357679 	0.0012653 	-0.256025
-0.00345217 	0.000356448 	0.00123522 	-0.255899
-0.00345217 	0.000356448 	0.00123522 	-0.255899
-0.0033358 	0.000352332 	0.00120149 	-0.255765
-0.0033358 	0.000352332 	0.00120149 	-0.255765
-0.00321735 	0.000344757 	0.00116435 	-0.255626
-0.00321735 	0.000344757 	0.00116435 	-0.255626
-0.00309677 	0.000333131 	0.00112399 	-0.255486
-0.00309677 	0.000333131 	0.00112399 	-0.255486
-0.00297403 	0.000317046 	0.00108059 	-0.255348
-0.00297403 	0.000317046 	0.00108059 	-0.255348
-0.00284909 	0.000296297 	0.00103437 	-0.255215
-0.00284909 	0.000296297 	0.00103437 	-0.255215
-0.0027219 	0.000270855 	0.000985581 	-0.255089
-0.0027219 	0.000270855 	0.000985581 	-0.255089
-0.00259244 	0.000240843 	0.000934493 	-0.25497
-0.00259244 	0.000240843 	0.000934493 	-0.25497
-0.00246065 	0.000206533 	0.000881387 	-0.25486
-0.00246065 	0.000206533 	0.000881387 	-0.25486
-0.00232651 	0.000168343 	0.00082655 	-0.254758
-0.00232651 	0.000168343 	0.00082655 	-0.254758
-0.00218995 	0.000126846 	0.000770275 	-0.254666
-0.00218995 	0.000126846 	0.000770275 	-0.254666
-0.00205095 	8.27557e-05 	0.000712886 	-0.254583
-0.00205095 	8.27557e-05 	0.000712886 	-0.254583
-0.00190946 	3.6881e-05 	0.000654774 	-0.254509
-0.00190946 	3.6881e-05 	0.000654774 	-0.254509
-0.00176543 	-9.97136e-06 	0.000596328 	-0.254445
-0.00176543 	-9.97136e-06 	0.000596328 	-0.254445
-0.00161881 	-5.70522e-05 	0.000537885 	-0.25439
-0.00161881 	-5.70522e-05 	0.000537885 	-0.25439
-0.00146957 	-0.000103621 	0.000479781 	-0.254345
-0.00146957 	-0.000103621 	0.000479781 	-0.254345
-0.00131765 	-0.000148888 	0.00042242 	-0.254308
-0.00131765 	-0.000148888 	0.00042242 	-0.254308
-0.001163 	-0.000192028 	0.000366202 	-0.254282
-0.001163 	-0.000192028 	0.000366202 	-0.254282
-0.00100559 	-0.000232196 	0.000311459 	-0.254266
-0.00100559 	-0.000232196 	0.000311459 	-0.254266
-0.000845345 	-0.000268516 	0.000258542 	-0.254261
-0.000845345 	-0.000268516 	0.000258542 	-0.254261
-0.000682232 	-0.000300134 	0.000207794 	-0.254266
-0.000682232 	-0.000300134 	0.000207794 	-0.254266
-0.000516194 	-0.000326266 	0.0001595 	-0.254283
-0.000516194 	-0.000326266 	0.0001595 	-0.254283
-0.000347178 	-0.000346223 	0.000113907 	-0.254311
-0.000347178 	-0.000346223 	0.000113907 	-0.254311
-0.000175132 	-0.000359436 	7.12025e-05 	-0.25435
-0.000175132 	-0.000359436 	7.12025e-05 	-0.25435
0 	-0.000365467 	3.16606e-05 	-0.254399
0 	-0.000365467 	3.16606e-05 	-0.254399
0.000175132 	-0.000364207 	-4.29558e-06 	-0.254459
0.000175132 	-0.000364207 	-4.29558e-06 	-0.254459
0.000347178 	-0.000356066 	-3.65221e-05 	-0.254526
0.000347178 	-0.000356066 	-3.65221e-05 	-0.254526
0.000516194 	-0.000341744 	-6.53616e-05 	-0.2546
0.000516194 	-0.000341744 	-6.53616e-05 	-0.2546
0.000682232 	-0.000321971 	-9.13364e-05 	-0.254679
0.000682232 	-0.000321971 	-9.13364e-05 	-0.254679
0.000845345 	-0.000297464 	-0.000114936 	-0.254762
0.000845345 	-0.000297464 	-0.000114936 	-0.254762
0.00100559 	-0.000268825 	-0.000136693 	-0.25485
0.00100559 	-0.000268825 	-0.000136693 	-0.25485
0.001163 	-0.000236531 	-0.000157198 	-0.254941
0.001163 	-0.000236531 	-0.000157198 	-0.254941
0.00131765 	-0.000201101 	-0.000176949 	-0.255036
0.00131765 	-0.000201101 	-0.000176949 	-0.255036
0.00146957 	-0.00016312 	-0.000196401 	-0.255135
0.00146957 	-0.00016312 	-0.000196401 	-0.255135
0.00161881 	-0.000123141 	-0.000216045 	-0.255237
0.00161881 	-0.000123141 	-0.000216045 	-0.255237
0.00176543 	-8.17083e-05 	-0.00023633 	-0.255343
0.00176543 	-8.17083e-05 	-0.00023633 	-0.255343
0.00190946 	-3.941e-05 	-0.000257611 	-0.255454
0.00190946 	-3.941e-05 	-0.000257611 	-0.255454
0.00205095 	3.11167e-06 	-0.000280172 	-0.25557
0.00205095 	3.11167e-06 	-0.000280172 	-0.25557
0.00218995 	4.51897e-05 	-0.000304244 	-0.25569
0.00218995 	4.51897e-05 	-0.000304244 	-0.25569
0.00232651 	8.61434e-05 	-0.000329984 	-0.255816
0.00232651 	8.61434e-05 	-0.000329984 	-0.255816
0.00246065 	0.000125286 	-0.000357481 	-0.255948
0.00246065 	0.000125286 	-0.000357481 	-0.255948
0.00259244 	0.000161934 	-0.000386762 	-0.256085
0.00259244 	0.000161934 	-0.000386762 	-0.256085
0.0027219 	0.000195419 	-0.0004178 	-0.256229
0.0027219 	0.000195419 	-0.0004178 	-0.256229
0.00284909 	0.000225098 	-0.000450519 	-0.256379
0.00284909 	0.000225098 	-0.000450519 	-0.256379
0.00297403 	0.000250374 	-0.000484794 	-0.256535
0.00297403 	0.000250374 	-0.000484794 	-0.256535
0.00309677 	0.000270717 	-0.000520457 	-0.256697
0.00309677 	0.000270717 	-0.000520457 	-0.256697
0.00321735 	0.000285695 	-0.000557305 	-0.256862
0.00321735 	0.000285695 	-0.000557305 	-0.256862
0.0033358 	0.000295026 	-0.000595122 	-0.257029
0.0033358 	0.000295026 	-0.000595122 	-0.257029
0.00345217 	0.000298676 	-0.000633632 	-0.257193
0.00345217 	0.000298676 	-0.000633632 	-0.257193
0.00356649 	0.000296997 	-0.000672399 	-0.257349
0.00356649 	0.000296997 	-0.000672399 	-0.257349
0.00367879 	0.00029069 	-0.000710957 	-0.257495
0.00367879 	0.00029069 	-0.000710957 	-0.257495
0.00378912 	0.000280281 	-0.000749184 	-0.257629
0.00378912 	0.000280281 	-0.000749184 	-0.257629
0.0038975 	0.000265745 	-0.00078712 	-0.25775
0.0038975 	0.000265745 	-0.00078712 	-0.25775
0.00400397 	0.000246873 	-0.000824524 	-0.257853
0.00400397 	0.000246873 	-0.000824524 	-0.257853
0.00410857 	0.000223597 	-0.000861039 	-0.257931
0.00410857 	0.000223597 	-0.000861039 	-0.257931
0.00421133 	0.000195932 	-0.000896381 	-0.257975
0.00421133 	0.000195932 	-0.000896381 	-0.257975
0.00431227 	0.000164001 	-0.000930209 	-0.257971
0.00431227 	0.000164001 	-0.000930209 	-0.257971
0.00441144 	0.000128122 	-0.00096208 	-0.257902
0.00441144 	0.000128122 	-0.00096208 	-0.257902
0.00450886 	8.88592e-05 	-0.00099149 	-0.257746
0.00450886 	8.88592e-05 	-0.00099149 	-0.257746
0.00460456 	4.70358e-05 	-0.00101789 	-0.257476
0.00460456 	4.70358e-05 	-0.00101789 	-0.257476
0.00469858 	3.71149e-06 	-0.0010407 	-0.257063
0.00469858 	3.71149e-06 	-0.0010407 	-0.257063
0.00479094 	-3.98608e-05 	-0.00105939 	-0.256474
0.00479094 	-3.98608e-05 	-0.00105939 	-0.256474
0.00488168 	-8.23043e-05 	-0.0010734 	-0.255676
0.00488168 	-8.23043e-05 	-0.0010734 	-0.255676
0.00497081 	-0.00012226 	-0.00108226 	-0.254634
0.00497081 	-0.00012226 	-0.00108226 	-0.254634
0.00505838 	-0.000158516 	-0.0010856 	-0.253312
0.00505838 	-0.000158516 	-0.0010856 	-0.253312
0.0051444 	-0.000190001 	-0.00108311 	-0.251675
0.0051444 	-0.000190001 	-0.00108311 	-0.251675
0.00522891 	-0.000215799 	-0.00107463 	-0.249693
0.00522891 	-0.000215799 	-0.00107463 	-0.249693
0.00531193 	-0.000235245 	-0.00106016 	-0.247339
0.00531193 	-0.000235245 	-0.00106016 	-0.247339
0.00539348 	-0.000247966 	-0.00103982 	-0.244593
0.00539348 	-0.000247966 	-0.00103982 	-0.244593
0.0054736 	-0.000253882 	-0.00101389 	-0.241436
0.0054736 	-0.000253882 	-0.00101389 	-0.241436
0.00555231 	-0.000253188 	-0.000982744 	-0.237857
0.00555231 	-0.000253188 	-0.000982744 	-0.237857
0.00562963 	-0.000246334 	-0.000946852 	-0.233849
0.00562963 	-0.000246334 	-0.000946852 	-0.233849
0.00570559 	-0.000233989 	-0.000906775 	-0.22941
0.00570559 	-0.000233989 	-0.000906775 	-0.22941
0.00578022 	-0.000216999 	-0.000863134 	-0.224543
0.00578022 	-0.000216999 	-0.000863134 	-0.224543
0.00585352 	-0.000196334 	-0.000816588 	-0.219255
0.00585352 	-0.000196334 	-0.000816588 	-0.219255
0.00592554 	-0.000173034 	-0.000767811 	-0.213557
0.00592554 	-0.000173034 	-0.000767811 	-0.213557
0.00599629 	-0.000148149 	-0.000717466 	-0.207462
0.00599629 	-0.000148149 	-0.000717466 	-0.207462
0.00606579 	-0.000122692 	-0.000666192 	-0.200988
0.00606579 	-0.000122692 	-0.000666192 	-0.200988
0.00613406 	-9.75921e-05 	-0.000614594 	-0.194155
0.00613406 	-9.75921e-05 	-0.000614594 	-0.194155
0.00620114 	-7.36577e-05 	-0.000563232 	-0.186986
0.00620114 	-7.36577e-05 	-0.000563232 	-0.186986
0.00626703 	-5.15517e-05 	-0.00051262 	-0.179507
0.00626703 	-5.15517e-05 	-0.00051262 	-0.179507
0.00633176 	-3.17734e-05 	-0.000463223 	-0.171746
0.00633176 	-3.17734e-05 	-0.000463223 	-0.171746
0.00639535 	-1.46547e-05 	-0.000415457 	-0.163736
0.00639535 	-1.46547e-05 	-0.000415457 	-0.163736
0.00645783 	-3.66983e-07 	-0.000369685 	-0.15551
0.00645783 	-3.66983e-07 	-0.000369685 	-0.15551
0.0065192 	1.10637e-05 	-0.000326217 	-0.147104
0.0065192 	1.10637e-05 	-0.000326217 	-0.147104
0.00657949 	1.97346e-05 	-0.000285313 	-0.138557
0.00657949 	1.97346e-05 	-0.000285313 	-0.138557
0.00663871 	2.58405e-05 	-0.000247177 	-0.129909
0.00663871 	2.58405e-05 	-0.000247177 	-0.129909
0.0066969 	2.96472e-05 	-0.000211963 	-0.121202
0.0066969 	2.96472e-05 	-0.000211963 	-0.121202
0.00675406 	3.14662e-05 	-0.000179768 	-0.112478
0.00675406 	3.14662e-05 	-0.000179768 	-0.112478
0.00681021 	3.16318e-05 	-0.000150635 	-0.10378
0.00681021 	3.16318e-05 	-0.000150635 	-0.10378
0.00686537 	3.04812e-05 	-0.000124563 	-0.0951494
0.00686537 	3.04812e-05 	-0.000124563 	-0.0951494
0.00691956 	2.83397e-05 	-0.000101502 	-0.086629
0.00691956 	2.83397e-05 	-0.000101502 	-0.086629
0.0069728 	2.55082e-05 	-8.13587e-05 	-0.0782564
0.0069728 	2.55082e-05 	-8.13587e-05 	-0.0782564
0.0070251 	2.22541e-05 	-6.39973e-05 	-0.070063
0.0070251 	2.22541e-05 	-6.39973e-05 	-0.070063
0.00707647 	1.88063e-05 	-4.92464e-05 	-0.0620724
0.00707647 	1.88063e-05 	-4.92464e-05 	-0.0620724
0.00712695 	1.53537e-05 	-3.69085e-05 	-0.0543003
0.00712695 	1.53537e-05 	-3.69085e-05 	-0.0543003
0.00717653 	1.20474e-05 	-2.67708e-05 	-0.0467551
0.00717653 	1.20474e-05 	-2.67708e-05 	-0.0467551
0.00722524 	9.00533e-06 	-1.86146e-05 	-0.0394388
0.00722524 	9.00533e-06 	-1.86146e-05 	-0.0394388
0.00727309 	6.31738e-06 	-1.22233e-05 	-0.0323488
0.00727309 	6.31738e-06 	-1.22233e-05 	-0.0323488
0.0073201 	4.05078e-06 	-7.39022e-06 	-0.0254792
0.0073201 	4.05078e-06 	-7.39022e-06 	-0.0254792
0.00736628 	2.25442e-06 	-3.92363e-06 	-0.0188218
0.00736628 	2.25442e-06 	-3.92363e-06 	-0.0188218
0.00741165 	9.64328e-07 	-1.66136e-06 	-0.0123671
0.00741165 	9.64328e-07 	-1.66136e-06 	-0.0123671
0.00745622 	2.07494e-07 	-4.28283e-07 	-0.00610557
0.00745622 	2.07494e-07 	-4.28283e-07 	-0.00610557
0.0075 	0 	0 	0
0.0075 	0 	0 	0
