-0.0075 	0 	0 	0
-0.0075 	-1.90661e-21 	-3.35237e-22 	1.39912e-18
-0.00745622 	1.23114e-05 	2.16471e-06 	-0.00903446
-0.00745622 	1.23114e-05 	2.16471e-06 	-0.00903446
-0.00741165 	2.34762e-05 	7.69207e-06 	-0.0182656
-0.00741165 	2.34762e-05 	7.69207e-06 	-0.0182656
-0.00736628 	3.40166e-05 	1.69281e-05 	-0.02768
-0.00736628 	3.40166e-05 	1.69281e-05 	-0.02768
-0.0073201 	4.44291e-05 	2.98134e-05 	-0.0372212
-0.0073201 	4.44291e-05 	2.98134e-05 	-0.0372212
-0.00727309 	5.52426e-05 	4.61389e-05 	-0.0468318
-0.00727309 	5.52426e-05 	4.61389e-05 	-0.0468318
-0.00722524 	6.69753e-05 	6.5716e-05 	-0.056456
-0.00722524 	6.69753e-05 	6.5716e-05 	-0.056456
-0.00717653 	8.00968e-05 	8.83543e-05 	-0.0660418
-0.00717653 	8.00968e-05 	8.83543e-05 	-0.0660418
-0.00712695 	9.50067e-05 	0.000113856 	-0.0755442
-0.00712695 	9.50067e-05 	0.000113856 	-0.0755442
-0.00707647 	0.000112022 	0.000142023 	-0.0849273
-0.00707647 	0.000112022 	0.000142023 	-0.0849273
-0.0070251 	0.000131371 	0.000172667 	-0.0941649
-0.0070251 	0.000131371 	0.000172667 	-0.0941649
-0.0069728 	0.000153196 	0.000205613 	-0.103241
-0.0069728 	0.000153196 	0.000205613 	-0.103241
-0.00691956 	0.000177553 	0.0002407 	-0.112147
-0.00691956 	0.000177553 	0.0002407 	-0.112147
-0.00686537 	0.000204409 	0.000277781 	-0.120881
-0.00686537 	0.000204409 	0.000277781 	-0.120881
-0.00681021 	0.000233635 	0.000316713 	-0.129441
-0.00681021 	0.000233635 	0.000316713 	-0.129441
-0.00675406 	0.000264999 	0.000357352 	-0.137827
-0.00675406 	0.000264999 	0.000357352 	-0.137827
-0.0066969 	0.000298162 	0.000399551 	-0.146037
-0.0066969 	0.000298162 	0.000399551 	-0.146037
-0.00663871 	0.000332677 	0.000443147 	-0.154064
-0.00663871 	0.000332677 	0.000443147 	-0.154064
-0.00657949 	0.000367992 	0.000487956 	-0.161899
-0.00657949 	0.000367992 	0.000487956 	-0.161899
-0.0065192 	0.000403456 	0.000533762 	-0.16953
-0.0065192 	0.000403456 	0.000533762 	-0.16953
-0.00645783 	0.000438338 	0.000580313 	-0.17694
-0.00645783 	0.000438338 	0.000580313 	-0.17694
-0.00639535 	0.000471856 	0.000627317 	-0.184109
-0.00639535 	0.000471856 	0.000627317 	-0.184109
-0.00633176 	0.000503208 	0.000674444 	-0.191013
-0.00633176 	0.000503208 	0.000674444 	-0.191013
-0.00626703 	0.000531613 	0.000721328 	-0.19763
-0.00626703 	0.000531613 	0.000721328 	-0.19763
-0.00620114 	0.000556348 	0.000767576 	-0.203933
-0.00620114 	0.000556348 	0.000767576 	-0.203933
-0.00613406 	0.000576785 	0.000812778 	-0.209901
-0.00613406 	0.000576785 	0.000812778 	-0.209901
-0.00606579 	0.000592425 	0.000856515 	-0.215511
-0.00606579 	0.000592425 	0.000856515 	-0.215511
-0.00599629 	0.000602909 	0.000898378 	-0.220745
-0.00599629 	0.000602909 	0.000898378 	-0.220745
-0.00592554 	0.000608037 	0.000937974 	-0.22559
-0.00592554 	0.000608037 	0.000937974 	-0.22559
-0.00585352 	0.000607755 	0.00097494 	-0.230035
-0.00585352 	0.000607755 	0.00097494 	-0.230035
-0.00578022 	0.000602151 	0.00100895 	-0.234076
-0.00578022 	0.000602151 	0.00100895 	-0.234076
-0.00570559 	0.00059143 	0.00103973 	-0.237713
-0.00570559 	0.00059143 	0.00103973 	-0.237713
-0.00562963 	0.000575886 	0.00106706 	-0.240951
-0.00562963 	0.000575886 	0.00106706 	-0.240951
-0.00555231 	0.000555879 	0.00109076 	-0.243802
-0.00555231 	0.000555879 	0.00109076 	-0.243802
-0.0054736 	0.000531803 	0.00111074 	-0.246281
-0.0054736 	0.000531803 	0.00111074 	-0.246281
-0.00539348 	0.000504068 	0.00112695 	-0.248408
-0.00539348 	0.000504068 	0.00112695 	-0.248408
-0.00531193 	0.000473087 	0.00113939 	-0.250207
-0.00531193 	0.000473087 	0.00113939 	-0.250207
-0.00522891 	0.000439274 	0.00114813 	-0.251705
-0.00522891 	0.000439274 	0.00114813 	-0.251705
-0.0051444 	0.000403046 	0.00115327 	-0.252929
-0.0051444 	0.000403046 	0.00115327 	-0.252929
-0.00505838 	0.000364802 	0.001155 	-0.25391
-0.00505838 	0.000364802 	0.001155 	-0.25391
-0.00497081 	0.000324919 	0.00115352 	-0.254681
-0.00497081 	0.000324919 	0.00115352 	-0.254681
-0.00488168 	0.000283786 	0.00114904 	-0.255272
-0.00488168 	0.000283786 	0.00114904 	-0.255272
-0.00479094 	0.00024182 	0.00114178 	-0.255712
-0.00479094 	0.00024182 	0.00114178 	-0.255712
-0.00469858 	0.000199433 	0.00113197 	-0.256028
-0.00469858 	0.000199433 	0.00113197 	-0.256028
-0.00460456 	0.000157022 	0.00111984 	-0.256243
-0.00460456 	0.000157022 	0.00111984 	-0.256243
-0.00450886 	0.000114951 	0.00110562 	-0.256379
-0.00450886 	0.000114951 	0.00110562 	-0.256379
-0.00441144 	7.35386e-05 	0.00108951 	-0.256454
-0.00441144 	7.35386e-05 	0.00108951 	-0.256454
-0.00431227 	3.30539e-05 	0.0010717 	-0.256482
-0.00431227 	3.30539e-05 	0.0010717 	-0.256482
-0.00421133 	-6.28493e-06 	0.00105235 	-0.256475
-0.00421133 	-6.28493e-06 	0.00105235 	-0.256475
-0.00410857 	-4.42985e-05 	0.00103158 	-0.256442
-0.00410857 	-4.42985e-05 	0.00103158 	-0.256442
-0.00400397 	-8.08303e-05 	0.00100952 	-0.25639
-0.00400397 	-8.08303e-05 	0.00100952 	-0.25639
-0.0038975 	-0.000115732 	0.000986354 	-0.256323
-0.0038975 	-0.000115732 	0.000986354 	-0.256323
-0.00378912 	-0.000148775 	0.000962195 	-0.256245
-0.00378912 	-0.000148775 	0.000962195 	-0.256245
-0.00367879 	-0.000179537 	0.000937022 	-0.256155
-0.00367879 	-0.000179537 	0.000937022 	-0.256155
-0.00356649 	-0.000207528 	0.000911 	-0.256055
-0.00356649 	-0.000207528 	0.000911 	-0.256055
-0.00345217 	-0.000232288 	0.000884387 	-0.255947
-0.00345217 	-0.000232288 	0.000884387 	-0.255947
-0.0033358 	-0.000253349 	0.000857252 	-0.255832
-0.0033358 	-0.000253349 	0.000857252 	-0.255832
-0.00321735 	-0.000270292 	0.000829712 	-0.255713
-0.00321735 	-0.000270292 	0.000829712 	-0.255713
-0.00309677 	-0.000282844 	0.000801961 	-0.255593
-0.00309677 	-0.000282844 	0.000801961 	-0.255593
-0.00297403 	-0.000290897 	0.000774142 	-0.255473
-0.00297403 	-0.000290897 	0.000774142 	-0.255473
-0.00284909 	-0.000294482 	0.000746369 	-0.255356
-0.00284909 	-0.000294482 	0.000746369 	-0.255356
-0.0027219 	-0.000293782 	0.000718744 	-0.255243
-0.0027219 	-0.000293782 	0.000718744 	-0.255243
-0.00259244 	-0.000289143 	0.000691347 	-0.255136
-0.00259244 	-0.000289143 	0.000691347 	-0.255136
-0.00246065 	-0.000281094 	0.000664224 	-0.255036
-0.00246065 	-0.000281094 	0.000664224 	-0.255036
-0.00232651 	-0.000270323 	0.000637467 	-0.254944
-0.00232651 	-0.000270323 	0.000637467 	-0.254944
-0.00218995 	-0.000257437 	0.000611127 	-0.25486
-0.00218995 	-0.000257437 	0.000611127 	-0.25486
-0.00205095 	-0.000242766 	0.000585165 	-0.254785
-0.00205095 	-0.000242766 	0.000585165 	-0.254785
-0.00190946 	-0.000226504 	0.000559533 	-0.254716
-0.00190946 	-0.000226504 	0.000559533 	-0.254716
-0.00176543 	-0.000208869 	0.000534152 	-0.254654
-0.00176543 	-0.000208869 	0.000534152 	-0.254654
-0.00161881 	-0.000190222 	0.000508986 	-0.254598
-0.00161881 	-0.000190222 	0.000508986 	-0.254598
-0.00146957 	-0.00017104 	0.000483998 	-0.254549
-0.00146957 	-0.00017104 	0.000483998 	-0.254549
-0.00131765 	-0.000151844 	0.000459077 	-0.254508
-0.00131765 	-0.000151844 	0.000459077 	-0.254508
-0.001163 	-0.000133181 	0.000434093 	-0.254473
-0.001163 	-0.000133181 	0.000434093 	-0.254473
-0.00100559 	-0.000115592 	0.000408893 	-0.254445
-0.00100559 	-0.000115592 	0.000408893 	-0.254445
-0.000845345 	-9.96061e-05 	0.000383296 	-0.254425
-0.000845345 	-9.96061e-05 	0.000383296 	-0.254425
-0.000682232 	-8.57365e-05 	0.000357101 	-0.254413
-0.000682232 	-8.57365e-05 	0.000357101 	-0.254413
-0.000516194 	-7.44802e-05 	0.000330083 	-0.254409
-0.000516194 	-7.44802e-05 	0.000330083 	-0.254409
-0.000347178 	-6.63028e-05 	0.00030199 	-0.254413
-0.000347178 	-6.63028e-05 	0.00030199 	-0.254413
-0.000175132 	-6.16232e-05 	0.000272543 	-0.254426
-0.000175132 	-6.16232e-05 	0.000272543 	-0.254426
0 	-6.07913e-05 	0.000241566 	-0.254448
0 	-6.07913e-05 	0.000241566 	-0.254448
0.000175132 	-6.39523e-05 	0.00020917 	-0.25448
0.000175132 	-6.39523e-05 	0.00020917 	-0.25448
0.000347178 	-7.09384e-05 	0.000175526 	-0.25452
0.000347178 	-7.09384e-05 	0.000175526 	-0.25452
0.000516194 	-8.1411e-05 	0.000140572 	-0.25457
0.000516194 	-8.1411e-05 	0.000140572 	-0.25457
0.000682232 	-9.4994e-05 	0.000104117 	-0.254628
0.000682232 	-9.4994e-05 	0.000104117 	-0.254628
0.000845345 	-0.00011128 	6.59894e-05 	-0.254696
0.000845345 	-0.00011128 	6.59894e-05 	-0.254696
0.00100559 	-0.00012983 	2.60752e-05 	-0.254772
0.00100559 	-0.00012983 	2.60752e-05 	-0.254772
0.001163 	-0.000150124 	-1.56574e-05 	-0.254857
0.001163 	-0.000150124 	-1.56574e-05 	-0.254857
0.00131765 	-0.000171566 	-5.93357e-05 	-0.254952
0.00131765 	-0.000171566 	-5.93357e-05 	-0.254952
0.00146957 	-0.000193727 	-0.000105143 	-0.255058
0.00146957 	-0.000193727 	-0.000105143 	-0.255058
0.00161881 	-0.000216467 	-0.000152967 	-0.255176
0.00161881 	-0.000216467 	-0.000152967 	-0.255176
0.00176543 	-0.000239727 	-0.000202555 	-0.255305
0.00176543 	-0.000239727 	-0.000202555 	-0.255305
0.00190946 	-0.000263354 	-0.00025372 	-0.255445
0.00190946 	-0.000263354 	-0.00025372 	-0.255445
0.00205095 	-0.000287071 	-0.000306238 	-0.255594
0.00205095 	-0.000287071 	-0.000306238 	-0.255594
0.00218995 	-0.000310484 	-0.000359825 	-0.255752
0.00218995 	-0.000310484 	-0.000359825 	-0.255752
0.00232651 	-0.000333112 	-0.000414176 	-0.255919
0.00232651 	-0.000333112 	-0.000414176 	-0.255919
0.00246065 	-0.000354409 	-0.000468983 	-0.256095
0.00246065 	-0.000354409 	-0.000468983 	-0.256095
0.00259244 	-0.000373796 	-0.00052394 	-0.256277
0.00259244 	-0.000373796 	-0.00052394 	-0.256277
0.0027219 	-0.000390699 	-0.00057875 	-0.256467
0.0027219 	-0.000390699 	-0.00057875 	-0.256467
0.00284909 	-0.000404585 	-0.000633134 	-0.256662
0.00284909 	-0.000404585 	-0.000633134 	-0.256662
0.00297403 	-0.000415004 	-0.00068682 	-0.256863
0.00297403 	-0.000415004 	-0.00068682 	-0.256863
0.00309677 	-0.000421656 	-0.000739542 	-0.257068
0.00309677 	-0.000421656 	-0.000739542 	-0.257068
0.00321735 	-0.000424465 	-0.000791038 	-0.257275
0.00321735 	-0.000424465 	-0.000791038 	-0.257275
0.0033358 	-0.000423681 	-0.00084108 	-0.25748
0.0033358 	-0.000423681 	-0.00084108 	-0.25748
0.00345217 	-0.000419937 	-0.000889499 	-0.257678
0.00345217 	-0.000419937 	-0.000889499 	-0.257678
0.00356649 	-0.00041422 	-0.00093605 	-0.257865
0.00356649 	-0.00041422 	-0.00093605 	-0.257865
0.00367879 	-0.000407444 	-0.00098028 	-0.258036
0.00367879 	-0.000407444 	-0.00098028 	-0.258036
0.00378912 	-0.000399702 	-0.00102218 	-0.258189
0.00378912 	-0.000399702 	-0.00102218 	-0.258189
0.0038975 	-0.000390365 	-0.0010622 	-0.258325
0.0038975 	-0.000390365 	-0.0010622 	-0.258325
0.00400397 	-0.000379051 	-0.00110029 	-0.25844
0.00400397 	-0.000379051 	-0.00110029 	-0.25844
0.00410857 	-0.000365881 	-0.00113604 	-0.258525
0.00410857 	-0.000365881 	-0.00113604 	-0.258525
0.00421133 	-0.000351144 	-0.00116927 	-0.25857
0.00421133 	-0.000351144 	-0.00116927 	-0.25857
0.00431227 	-0.000335225 	-0.00119971 	-0.258561
0.00431227 	-0.000335225 	-0.00119971 	-0.258561
0.00441144 	-0.000318656 	-0.00122699 	-0.258478
0.00441144 	-0.000318656 	-0.00122699 	-0.258478
0.00450886 	-0.000302133 	-0.00125068 	-0.258298
0.00450886 	-0.000302133 	-0.00125068 	-0.258298
0.00460456 	-0.000286489 	-0.00127033 	-0.257993
0.00460456 	-0.000286489 	-0.00127033 	-0.257993
0.00469858 	-0.000272641 	-0.00128551 	-0.257533
0.00469858 	-0.000272641 	-0.00128551 	-0.257533
0.00479094 	-0.000261534 	-0.00129576 	-0.256884
0.00479094 	-0.000261534 	-0.00129576 	-0.256884
0.00488168 	-0.00025407 	-0.00130071 	-0.256011
0.00488168 	-0.00025407 	-0.00130071 	-0.256011
0.00497081 	-0.000251005 	-0.00130002 	-0.254877
0.00497081 	-0.000251005 	-0.00130002 	-0.254877
0.00505838 	-0.000252895 	-0.00129342 	-0.253446
0.00505838 	-0.000252895 	-0.00129342 	-0.253446
0.0051444 	-0.000260123 	-0.00128074 	-0.251681
0.0051444 	-0.000260123 	-0.00128074 	-0.251681
0.00522891 	-0.000272843 	-0.00126192 	-0.249554
0.00522891 	-0.000272843 	-0.00126192 	-0.249554
0.00531193 	-0.00029092 	-0.00123706 	-0.247038
0.00531193 	-0.00029092 	-0.00123706 	-0.247038
0.00539348 	-0.000313914 	-0.00120638 	-0.244114
0.00539348 	-0.000313914 	-0.00120638 	-0.244114
0.0054736 	-0.000341081 	-0.00117021 	-0.240765
0.0054736 	-0.000341081 	-0.00117021 	-0.240765
0.00555231 	-0.000371394 	-0.00112897 	-0.236982
0.00555231 	-0.000371394 	-0.00112897 	-0.236982
0.00562963 	-0.00040358 	-0.00108319 	-0.232762
0.00562963 	-0.00040358 	-0.00108319 	-0.232762
0.00570559 	-0.000436184 	-0.00103345 	-0.228106
0.00570559 	-0.000436184 	-0.00103345 	-0.228106
0.00578022 	-0.000467646 	-0.000980418 	-0.223021
0.00578022 	-0.000467646 	-0.000980418 	-0.223021
0.00585352 	-0.000496396 	-0.000924773 	-0.21752
0.00585352 	-0.000496396 	-0.000924773 	-0.21752
0.00592554 	-0.000520957 	-0.000867214 	-0.211619
0.00592554 	-0.000520957 	-0.000867214 	-0.211619
0.00599629 	-0.000540039 	-0.000808426 	-0.205338
0.00599629 	-0.000540039 	-0.000808426 	-0.205338
0.00606579 	-0.000552623 	-0.000749069 	-0.198698
0.00606579 	-0.000552623 	-0.000749069 	-0.198698
0.00613406 	-0.000558023 	-0.000689765 	-0.191726
0.00613406 	-0.000558023 	-0.000689765 	-0.191726
0.00620114 	-0.000555926 	-0.000631093 	-0.184448
0.00620114 	-0.000555926 	-0.000631093 	-0.184448
0.00626703 	-0.000546409 	-0.000573585 	-0.176895
0.00626703 	-0.000546409 	-0.000573585 	-0.176895
0.00633176 	-0.000529916 	-0.00051772 	-0.169097
0.00633176 	-0.000529916 	-0.00051772 	-0.169097
0.00639535 	-0.000507214 	-0.000463919 	-0.161086
0.00639535 	-0.000507214 	-0.000463919 	-0.161086
0.00645783 	-0.000479321 	-0.000412546 	-0.152897
0.00645783 	-0.000479321 	-0.000412546 	-0.152897
0.0065192 	-0.000447421 	-0.000363907 	-0.144563
0.0065192 	-0.000447421 	-0.000363907 	-0.144563
0.00657949 	-0.000412772 	-0.000318251 	-0.136119
0.00657949 	-0.000412772 	-0.000318251 	-0.136119
0.00663871 	-0.00037662 	-0.000275771 	-0.1276
0.00663871 	-0.00037662 	-0.000275771 	-0.1276
0.0066969 	-0.000340116 	-0.000236607 	-0.119045
0.0066969 	-0.000340116 	-0.000236607 	-0.119045
0.00675406 	-0.000304258 	-0.00020084 	-0.110489
0.00675406 	-0.000304258 	-0.00020084 	-0.110489
0.00681021 	-0.000269845 	-0.000168496 	-0.101969
0.00681021 	-0.000269845 	-0.000168496 	-0.101969
0.00686537 	-0.000237463 	-0.000139549 	-0.0935231
0.00686537 	-0.000237463 	-0.000139549 	-0.0935231
0.00691956 	-0.000207486 	-0.000113927 	-0.0851867
0.00691956 	-0.000207486 	-0.000113927 	-0.0851867
0.0069728 	-0.000180084 	-9.15145e-05 	-0.0769932
0.0069728 	-0.000180084 	-9.15145e-05 	-0.0769932
0.0070251 	-0.000155257 	-7.21545e-05 	-0.0689704
0.0070251 	-0.000155257 	-7.21545e-05 	-0.0689704
0.00707647 	-0.000132868 	-5.56593e-05 	-0.0611396
0.00707647 	-0.000132868 	-5.56593e-05 	-0.0611396
0.00712695 	-0.000112694 	-4.18183e-05 	-0.053515
0.00712695 	-0.000112694 	-4.18183e-05 	-0.053515
0.00717653 	-9.44635e-05 	-3.04069e-05 	-0.0461046
0.00717653 	-9.44635e-05 	-3.04069e-05 	-0.0461046
0.00722524 	-7.78904e-05 	-2.11945e-05 	-0.0389107
0.00722524 	-7.78904e-05 	-2.11945e-05 	-0.0389107
0.00727309 	-6.27e-05 	-1.39509e-05 	-0.0319316
0.00727309 	-6.27e-05 	-1.39509e-05 	-0.0319316
0.0073201 	-4.86444e-05 	-8.45606e-06 	-0.0251622
0.0073201 	-4.86444e-05 	-8.45606e-06 	-0.0251622
0.00736628 	-3.55103e-05 	-4.49767e-06 	-0.0185955
0.00736628 	-3.55103e-05 	-4.49767e-06 	-0.0185955
0.00741165 	-2.31193e-05 	-1.91234e-06 	-0.0122231
0.00741165 	-2.31193e-05 	-1.91234e-06 	-0.0122231
0.00745622 	-1.13304e-05 	-4.97309e-07 	-0.00603661
0.00745622 	-1.13304e-05 	-4.97309e-07 	-0.00603661
0.0075 	0 	0 	0
0.0075 	0 	0 	0
