/*--------------------------------*- C++ -*----------------------------------*\
| =========                 |                                                 |
| \\      /  F ield         | OpenFOAM: The Open Source CFD Toolbox           |
|  \\    /   O peration     | Version:  v1906                                 |
|   \\  /    A nd           | Web:      www.OpenFOAM.com                      |
|    \\/     M anipulation  |                                                 |
\*---------------------------------------------------------------------------*/
FoamFile
{
    version     2.0;
    format      ascii;
    class       volSymmTensorField;
    location    "97.2";
    object      UPrime2Mean;
}
// * * * * * * * * * * * * * * * * * * * * * * * * * * * * * * * * * * * * * //

dimensions      [0 2 -2 0 0 0 0];


internalField   nonuniform List<symmTensor> 
634
(
(2.56935e-06 5.25859e-09 6.86636e-07 1.83991e-09 2.87218e-08 7.35606e-06)
(1.64746e-06 -8.8048e-11 1.28969e-07 1.94745e-09 -3.85831e-08 5.35408e-06)
(2.57263e-06 -5.21098e-09 -6.95804e-07 1.82493e-09 3.1024e-08 7.10554e-06)
(1.65158e-06 2.2368e-12 -1.85724e-07 2.13269e-09 -4.87665e-08 5.25187e-06)
(1.03274e-05 2.48619e-08 9.89876e-07 7.70075e-09 5.4343e-08 1.4643e-05)
(5.95532e-06 -3.29978e-09 8.56485e-08 8.15695e-09 -5.84771e-08 1.31728e-05)
(1.03569e-05 -2.31706e-08 -1.00207e-06 7.40064e-09 5.27705e-08 1.36151e-05)
(5.99047e-06 5.39939e-09 -4.60281e-07 8.50635e-09 -7.18309e-08 1.2008e-05)
(1.27439e-05 5.14116e-08 -1.2315e-07 3.37349e-08 -3.20135e-08 2.13447e-05)
(6.22794e-06 -1.63158e-08 -5.48808e-07 3.54361e-08 5.60991e-08 2.62634e-05)
(1.28376e-05 -4.5209e-08 1.09621e-07 3.33522e-08 -4.78806e-08 2.0032e-05)
(6.31627e-06 1.60371e-08 -3.20811e-07 3.79656e-08 6.86287e-08 2.40615e-05)
(1.48276e-05 7.35387e-08 -6.85123e-07 7.48351e-08 -1.98864e-07 3.84915e-05)
(6.33935e-06 -2.7552e-08 -1.17078e-06 7.72743e-08 2.7598e-07 4.92874e-05)
(1.50251e-05 -6.04758e-08 6.87854e-07 7.38224e-08 -2.36607e-07 3.65575e-05)
(6.49512e-06 2.78067e-08 -3.81129e-07 8.22864e-08 3.32013e-07 4.57754e-05)
(1.83942e-05 9.48064e-08 -1.03461e-06 1.30464e-07 -3.37742e-07 5.78936e-05)
(7.4957e-06 -4.0631e-08 -1.7335e-06 1.33947e-07 4.93206e-07 7.4765e-05)
(1.87237e-05 -7.21162e-08 1.10424e-06 1.29069e-07 -4.05563e-07 5.46872e-05)
(7.73521e-06 3.94423e-08 -6.42772e-07 1.42599e-07 5.84556e-07 6.90757e-05)
(2.22662e-05 1.17795e-07 -1.39373e-06 2.02926e-07 -4.54016e-07 7.79017e-05)
(8.96339e-06 -5.4592e-08 -2.29564e-06 2.07527e-07 7.17953e-07 0.000101561)
(2.2759e-05 -8.30501e-08 1.5905e-06 2.00897e-07 -5.57501e-07 7.29665e-05)
(9.2976e-06 5.24809e-08 -9.76676e-07 2.20658e-07 8.39265e-07 9.28865e-05)
(2.59721e-05 1.4067e-07 -1.76111e-06 2.91622e-07 -5.52282e-07 9.843e-05)
(1.04855e-05 -6.99709e-08 -2.85777e-06 2.97635e-07 9.70925e-07 0.000129376)
(2.66618e-05 -9.1402e-08 2.14957e-06 2.88704e-07 -6.96693e-07 9.1505e-05)
(1.09185e-05 6.71905e-08 -1.3249e-06 3.16114e-07 1.12033e-06 0.000117113)
(2.92772e-05 1.6253e-07 -2.11114e-06 3.96601e-07 -6.42748e-07 0.000119175)
(1.1946e-05 -8.69316e-08 -3.40313e-06 4.04551e-07 1.26611e-06 0.000157579)
(3.01946e-05 -9.6456e-08 2.75543e-06 3.92532e-07 -8.32252e-07 0.000110196)
(1.24738e-05 8.39961e-08 -1.6553e-06 4.29306e-07 1.44392e-06 0.000141364)
(3.20654e-05 1.82813e-07 -2.41806e-06 5.18123e-07 -7.35792e-07 0.000139644)
(1.3289e-05 -1.05502e-07 -3.91054e-06 5.28516e-07 1.60965e-06 0.00018537)
(3.3233e-05 -9.79204e-08 3.37888e-06 5.12734e-07 -9.73691e-07 0.000128725)
(1.38976e-05 1.03249e-07 -1.95057e-06 5.60515e-07 1.81767e-06 0.000165064)
(3.43038e-05 2.00982e-07 -2.65902e-06 6.56502e-07 -8.39612e-07 0.00015934)
(1.44927e-05 -1.26082e-07 -4.35924e-06 6.69865e-07 2.00534e-06 0.000212015)
(3.57302e-05 -9.56715e-08 3.99319e-06 6.49774e-07 -1.12798e-06 0.00014672)
(1.51563e-05 1.25046e-07 -2.20571e-06 7.10152e-07 2.24336e-06 0.000187658)
(3.60288e-05 2.1656e-07 -2.82125e-06 8.11765e-07 -9.56102e-07 0.000177857)
(1.55603e-05 -1.48564e-07 -4.73815e-06 8.28423e-07 2.45094e-06 0.000236975)
(3.77087e-05 -8.95817e-08 4.57959e-06 8.03892e-07 -1.29554e-06 0.000163824)
(1.62435e-05 1.49173e-07 -2.42522e-06 8.78197e-07 2.71693e-06 0.000208722)
(3.73208e-05 2.29795e-07 -2.9042e-06 9.82862e-07 -1.07759e-06 0.000194938)
(1.65095e-05 -1.71982e-07 -5.04838e-06 1.00264e-06 2.93114e-06 0.000259948)
(3.92369e-05 -7.96444e-08 5.1238e-06 9.73648e-07 -1.46549e-06 0.000179772)
(1.71788e-05 1.75344e-07 -2.61603e-06 1.06304e-06 3.22281e-06 0.000227979)
(3.82657e-05 2.41505e-07 -2.91219e-06 1.16754e-06 -1.19236e-06 0.000210485)
(1.73597e-05 -1.96039e-07 -5.29927e-06 1.19097e-06 3.43097e-06 0.000280869)
(4.03922e-05 -6.66264e-08 5.61503e-06 1.15658e-06 -1.6245e-06 0.000194465)
(1.79918e-05 2.03788e-07 -2.78278e-06 1.26319e-06 3.74277e-06 0.000245307)
(3.89301e-05 2.52254e-07 -2.85186e-06 1.365e-06 -1.29859e-06 0.000224503)
(1.81247e-05 -2.21175e-07 -5.50502e-06 1.39314e-06 3.94701e-06 0.000299795)
(4.1238e-05 -5.16363e-08 6.04645e-06 1.35263e-06 -1.77374e-06 0.00020792)
(1.87083e-05 2.34704e-07 -2.92901e-06 1.47854e-06 4.26966e-06 0.000260705)
(3.93565e-05 2.6204e-07 -2.73194e-06 1.5767e-06 -1.40418e-06 0.000237083)
(1.88099e-05 -2.47581e-07 -5.6745e-06 1.61004e-06 4.4843e-06 0.000316836)
(4.18137e-05 -3.50107e-08 6.41421e-06 1.56355e-06 -1.92326e-06 0.000220214)
(1.93406e-05 2.67813e-07 -3.06009e-06 1.70976e-06 4.80453e-06 0.000274271)
(3.95746e-05 2.70737e-07 -2.5613e-06 1.80358e-06 -1.5129e-06 0.000248344)
(1.94163e-05 -2.74837e-07 -5.81147e-06 1.84243e-06 5.04301e-06 0.000332108)
(4.21488e-05 -1.65954e-08 6.71815e-06 1.79029e-06 -2.07738e-06 0.000231419)
(1.98894e-05 3.02963e-07 -3.18066e-06 1.95766e-06 5.34747e-06 0.000286156)
(3.96173e-05 2.78747e-07 -2.34949e-06 2.04551e-06 -1.62627e-06 0.000258364)
(1.99482e-05 -3.02837e-07 -5.92142e-06 2.09013e-06 5.61683e-06 0.000345683)
(4.22761e-05 3.08953e-09 6.95692e-06 2.03239e-06 -2.23682e-06 0.000241569)
(2.0357e-05 3.39971e-07 -3.29214e-06 2.22176e-06 5.89389e-06 0.000296487)
(3.9519e-05 2.86489e-07 -2.10367e-06 2.30227e-06 -1.74744e-06 0.000267227)
(2.04125e-05 -3.31573e-07 -6.01509e-06 2.35204e-06 6.20248e-06 0.000357593)
(4.22272e-05 2.3705e-08 7.1278e-06 2.28878e-06 -2.39882e-06 0.000250675)
(2.07507e-05 3.78723e-07 -3.39266e-06 2.50095e-06 6.44024e-06 0.00030539)
(3.93113e-05 2.94405e-07 -1.82523e-06 2.5743e-06 -1.88102e-06 0.000275023)
(2.08182e-05 -3.60514e-07 -6.11001e-06 2.62702e-06 6.79804e-06 0.000367841)
(4.20298e-05 4.54748e-08 7.23316e-06 2.55887e-06 -2.55756e-06 0.000258726)
(2.10798e-05 4.18715e-07 -3.47781e-06 2.79501e-06 6.987e-06 0.000312981)
(3.90207e-05 3.03544e-07 -1.52202e-06 2.86129e-06 -2.02029e-06 0.000281757)
(2.11741e-05 -3.89725e-07 -6.22193e-06 2.91539e-06 7.39671e-06 0.000376463)
(4.17071e-05 6.8772e-08 7.28587e-06 2.84352e-06 -2.71666e-06 0.000265748)
(2.13541e-05 4.59674e-07 -3.5396e-06 3.10447e-06 7.53402e-06 0.000319369)
(3.86672e-05 3.12861e-07 -1.21392e-06 3.16214e-06 -2.1406e-06 0.000287348)
(2.14817e-05 -4.183e-07 -6.34668e-06 3.21963e-06 7.98736e-06 0.000383582)
(4.12775e-05 9.33087e-08 7.30317e-06 3.14535e-06 -2.88156e-06 0.000271793)
(2.1584e-05 5.03455e-07 -3.56965e-06 3.43014e-06 8.08089e-06 0.000324718)
(3.82661e-05 3.21847e-07 -9.26707e-07 3.47808e-06 -2.24423e-06 0.000291813)
(2.17315e-05 -4.4677e-07 -6.44656e-06 3.53907e-06 8.57158e-06 0.000389403)
(4.07576e-05 1.17503e-07 7.2937e-06 3.46328e-06 -3.04925e-06 0.000276934)
(2.17768e-05 5.49753e-07 -3.57777e-06 3.77041e-06 8.62916e-06 0.000329278)
(3.78197e-05 3.28666e-07 -6.96131e-07 3.80834e-06 -2.37787e-06 0.000295344)
(2.1912e-05 -4.75521e-07 -6.47618e-06 3.8703e-06 9.17687e-06 0.000394145)
(4.01646e-05 1.39763e-07 7.26192e-06 3.79241e-06 -3.22015e-06 0.000281393)
(2.19337e-05 5.9478e-07 -3.60568e-06 4.12558e-06 9.16974e-06 0.000333186)
(3.7322e-05 3.28101e-07 -5.50422e-07 4.15196e-06 -2.56842e-06 0.000298262)
(2.2024e-05 -5.0293e-07 -6.42673e-06 4.21692e-06 9.79266e-06 0.000398076)
(3.95179e-05 1.62405e-07 7.22482e-06 4.13534e-06 -3.40534e-06 0.00028547)
(2.20529e-05 6.35488e-07 -3.70308e-06 4.50051e-06 9.67911e-06 0.00033643)
(3.67732e-05 3.27692e-07 -4.61e-07 4.50962e-06 -2.76951e-06 0.000300924)
(2.2078e-05 -5.3227e-07 -6.3164e-06 4.58683e-06 1.03795e-05 0.00040131)
(3.88429e-05 1.84017e-07 7.2014e-06 4.50026e-06 -3.5929e-06 0.000289205)
(2.21261e-05 6.74183e-07 -3.86126e-06 4.90182e-06 1.01842e-05 0.000339045)
(3.61857e-05 3.33967e-07 -3.36032e-07 4.88345e-06 -2.90622e-06 0.000303659)
(2.20805e-05 -5.69598e-07 -6.15079e-06 4.9685e-06 1.09413e-05 0.00040366)
(3.81743e-05 2.00345e-07 7.16634e-06 4.89477e-06 -3.76286e-06 0.000292376)
(2.2143e-05 7.25497e-07 -4.00817e-06 5.3173e-06 1.07135e-05 0.000340983)
(3.55863e-05 3.46871e-07 -1.35521e-07 5.27335e-06 -2.96662e-06 0.00030621)
(2.20297e-05 -6.04708e-07 -5.89916e-06 5.34682e-06 1.14426e-05 0.000404605)
(3.75256e-05 2.26577e-07 7.03078e-06 5.30745e-06 -3.93462e-06 0.000294939)
(2.20857e-05 7.94116e-07 -4.11044e-06 5.7186e-06 1.11309e-05 0.000342072)
(3.50059e-05 3.59284e-07 5.12068e-08 5.67365e-06 -2.99249e-06 0.000308161)
(2.19579e-05 -6.30893e-07 -5.567e-06 5.73056e-06 1.19099e-05 0.000403874)
(3.6871e-05 2.72613e-07 6.72039e-06 5.70378e-06 -4.09106e-06 0.0002965)
(2.19461e-05 8.66182e-07 -4.23854e-06 6.10533e-06 1.14074e-05 0.000342356)
(3.44496e-05 3.57024e-07 6.1677e-08 6.1006e-06 -3.07083e-06 0.000308734)
(2.19108e-05 -6.58562e-07 -5.26606e-06 6.14417e-06 1.24358e-05 0.000402526)
(3.61557e-05 3.21072e-07 6.31268e-06 6.07896e-06 -4.20207e-06 0.000295997)
(2.17298e-05 9.24447e-07 -4.49148e-06 6.52495e-06 1.17211e-05 0.000343004)
(3.39097e-05 3.41478e-07 -8.96583e-08 6.56702e-06 -3.28165e-06 0.000307495)
(2.18677e-05 -7.02088e-07 -5.19072e-06 6.5962e-06 1.30583e-05 0.000402394)
(3.53468e-05 3.29606e-07 6.06333e-06 6.48208e-06 -4.25305e-06 0.000293403)
(2.14301e-05 9.69886e-07 -4.8278e-06 7.02117e-06 1.22322e-05 0.000345102)
(3.34223e-05 3.07105e-07 -2.26172e-07 7.04671e-06 -3.54739e-06 0.000304987)
(2.1744e-05 -7.63857e-07 -5.30911e-06 7.06224e-06 1.36862e-05 0.000403987)
(3.44761e-05 3.0198e-07 6.08208e-06 6.96602e-06 -4.33131e-06 0.000292027)
(2.10696e-05 1.02022e-06 -4.95362e-06 7.55752e-06 1.28565e-05 0.000347304)
(3.30465e-05 2.94008e-07 -1.47191e-07 7.50223e-06 -3.68527e-06 0.000302878)
(2.14923e-05 -8.43081e-07 -5.49121e-06 7.52388e-06 1.42356e-05 0.000406932)
(3.36097e-05 2.85672e-07 6.20769e-06 7.51877e-06 -4.44081e-06 0.000293665)
(2.06591e-05 1.08042e-06 -4.78893e-06 8.07396e-06 1.33206e-05 0.000347797)
(3.27965e-05 3.40089e-07 8.1468e-08 7.93248e-06 -3.6124e-06 0.000302479)
(2.11935e-05 -9.23472e-07 -5.63188e-06 7.98474e-06 1.46809e-05 0.000409454)
(3.27937e-05 3.12667e-07 6.209e-06 8.06448e-06 -4.48203e-06 0.0002968)
(2.02374e-05 1.13411e-06 -4.52989e-06 8.56931e-06 1.36029e-05 0.000346871)
(3.2527e-05 4.16855e-07 2.24873e-09 8.39385e-06 -3.52507e-06 0.000303148)
(2.08685e-05 -9.59573e-07 -5.52612e-06 8.46747e-06 1.51649e-05 0.000410617)
(3.20085e-05 3.61513e-07 6.18746e-06 8.5518e-06 -4.51305e-06 0.000300535)
(1.98108e-05 1.18675e-06 -4.16119e-06 9.0857e-06 1.38546e-05 0.000346668)
(3.21123e-05 4.75951e-07 -2.35947e-07 8.95201e-06 -3.62471e-06 0.000303604)
(2.04881e-05 -9.59549e-07 -5.06966e-06 8.98636e-06 1.5649e-05 0.000409253)
(3.12026e-05 4.00048e-07 6.29006e-06 9.01366e-06 -4.64291e-06 0.000304145)
(1.9378e-05 1.25142e-06 -3.70957e-06 9.63897e-06 1.41378e-05 0.000347468)
(3.15851e-05 4.52712e-07 -3.81743e-07 9.58251e-06 -3.87339e-06 0.000302789)
(2.00749e-05 -9.52237e-07 -4.41338e-06 9.54961e-06 1.59867e-05 0.000405192)
(3.0407e-05 4.27451e-07 6.44871e-06 9.54407e-06 -4.85349e-06 0.000306168)
(1.89594e-05 1.30349e-06 -3.41716e-06 1.02005e-05 1.43971e-05 0.000347162)
(3.10387e-05 4.1135e-07 -6.91597e-07 1.02031e-05 -4.11947e-06 0.000301013)
(1.96989e-05 -9.84408e-07 -4.01339e-06 1.01513e-05 1.63594e-05 0.000400746)
(2.96956e-05 4.48914e-07 6.36558e-06 1.01939e-05 -5.11714e-06 0.000305407)
(1.85447e-05 1.34588e-06 -3.33922e-06 1.07626e-05 1.47055e-05 0.000344247)
(3.05181e-05 3.69846e-07 -1.05971e-06 1.07361e-05 -4.356e-06 0.00029956)
(1.94356e-05 -1.01894e-06 -3.76028e-06 1.07235e-05 1.69607e-05 0.000398239)
(2.89851e-05 4.82328e-07 5.99903e-06 1.08538e-05 -5.44069e-06 0.000301944)
(1.8111e-05 1.3929e-06 -3.33449e-06 1.13531e-05 1.515e-05 0.000340472)
(3.00014e-05 3.53805e-07 -1.27391e-06 1.12184e-05 -4.5694e-06 0.000298694)
(1.92543e-05 -1.05083e-06 -3.63424e-06 1.12249e-05 1.76127e-05 0.000396784)
(2.81854e-05 4.82907e-07 5.76674e-06 1.14013e-05 -5.64632e-06 0.00029675)
(1.76294e-05 1.45714e-06 -3.41695e-06 1.1983e-05 1.54861e-05 0.000337235)
(2.95437e-05 3.42977e-07 -1.15718e-06 1.17882e-05 -4.71641e-06 0.000296341)
(1.9035e-05 -1.05594e-06 -3.28281e-06 1.17252e-05 1.7997e-05 0.000392432)
(2.73115e-05 4.85186e-07 5.73682e-06 1.19205e-05 -5.68963e-06 0.000291049)
(1.70891e-05 1.50188e-06 -3.70263e-06 1.2616e-05 1.56449e-05 0.000332547)
(2.91635e-05 3.38146e-07 -7.47973e-07 1.24918e-05 -4.73826e-06 0.000292386)
(1.87162e-05 -1.05787e-06 -2.77341e-06 1.23346e-05 1.81105e-05 0.000384515)
(2.64359e-05 4.96071e-07 5.70639e-06 1.25351e-05 -5.72117e-06 0.000285301)
(1.65779e-05 1.53911e-06 -3.93931e-06 1.32863e-05 1.56865e-05 0.000326185)
(2.87977e-05 3.5869e-07 -4.40973e-07 1.32241e-05 -4.91145e-06 0.000290236)
(1.83257e-05 -1.09971e-06 -2.22148e-06 1.30298e-05 1.83743e-05 0.000377849)
(2.56173e-05 5.18268e-07 5.54083e-06 1.32688e-05 -6.05386e-06 0.000281431)
(1.61191e-05 1.59844e-06 -3.90239e-06 1.4013e-05 1.59319e-05 0.000320402)
(2.8395e-05 3.84407e-07 -4.72616e-07 1.38702e-05 -5.23658e-06 0.000288562)
(1.79238e-05 -1.14062e-06 -1.66441e-06 1.37051e-05 1.8755e-05 0.00037318)
(2.4888e-05 5.28704e-07 5.25584e-06 1.40146e-05 -6.38665e-06 0.000278005)
(1.56742e-05 1.65485e-06 -3.70405e-06 1.46905e-05 1.606e-05 0.000315372)
(2.79646e-05 4.07086e-07 -7.52648e-07 1.44607e-05 -5.46334e-06 0.000285205)
(1.75409e-05 -1.16773e-06 -1.13776e-06 1.43441e-05 1.91756e-05 0.00036925)
(2.42069e-05 5.14201e-07 4.95141e-06 1.46905e-05 -6.43524e-06 0.000274979)
(1.52159e-05 1.70794e-06 -3.36719e-06 1.52807e-05 1.60379e-05 0.000311525)
(2.75251e-05 4.00987e-07 -1.13211e-06 1.51138e-05 -5.61503e-06 0.0002811)
(1.71651e-05 -1.1795e-06 -5.92292e-07 1.50097e-05 1.94955e-05 0.000364732)
(2.35408e-05 4.89634e-07 4.7778e-06 1.53611e-05 -6.41517e-06 0.000273709)
(1.47404e-05 1.74596e-06 -2.81165e-06 1.59051e-05 1.61592e-05 0.000309564)
(2.71206e-05 4.07337e-07 -1.51342e-06 1.58897e-05 -5.87352e-06 0.000277125)
(1.67903e-05 -1.19505e-06 -1.44802e-07 1.5707e-05 1.97364e-05 0.000358632)
(2.28863e-05 4.62645e-07 4.66849e-06 1.60839e-05 -6.5343e-06 0.000272078)
(1.42811e-05 1.77676e-06 -2.38416e-06 1.66782e-05 1.62294e-05 0.000305303)
(2.67872e-05 4.12577e-07 -1.75057e-06 1.66748e-05 -6.1638e-06 0.000272811)
(1.64258e-05 -1.21026e-06 3.00506e-07 1.63608e-05 1.98637e-05 0.000350775)
(2.22347e-05 4.61928e-07 4.35987e-06 1.68015e-05 -6.61788e-06 0.000267717)
(1.38545e-05 1.78887e-06 -2.26915e-06 1.75196e-05 1.63981e-05 0.000299695)
(2.64078e-05 4.4098e-07 -2.04108e-06 1.7378e-05 -6.32711e-06 0.000267321)
(1.6077e-05 -1.22318e-06 8.19505e-07 1.70106e-05 1.98968e-05 0.00034237)
(2.157e-05 4.86081e-07 3.77972e-06 1.75151e-05 -6.56951e-06 0.000261993)
(1.34319e-05 1.79267e-06 -2.2232e-06 1.83429e-05 1.65252e-05 0.00029361)
(2.59022e-05 4.39118e-07 -2.51954e-06 1.8027e-05 -6.25342e-06 0.000261843)
(1.5739e-05 -1.23634e-06 1.45893e-06 1.77453e-05 2.00535e-05 0.000336502)
(2.09426e-05 4.73807e-07 3.41057e-06 1.82798e-05 -6.4773e-06 0.00025666)
(1.30034e-05 1.81804e-06 -2.10771e-06 1.91204e-05 1.66424e-05 0.000287936)
(2.52898e-05 3.97159e-07 -3.07745e-06 1.87795e-05 -6.01306e-06 0.000258763)
(1.54237e-05 -1.22296e-06 2.1898e-06 1.85727e-05 2.01581e-05 0.000332103)
(2.0362e-05 4.60999e-07 3.0937e-06 1.91099e-05 -6.49634e-06 0.000251602)
(1.25679e-05 1.85011e-06 -1.90708e-06 1.98569e-05 1.65517e-05 0.000282169)
(2.47896e-05 4.04161e-07 -3.36131e-06 1.96523e-05 -5.8299e-06 0.000257852)
(1.51551e-05 -1.17871e-06 2.99189e-06 1.94089e-05 2.01343e-05 0.000327287)
(1.97867e-05 4.61854e-07 2.76746e-06 1.9976e-05 -6.56039e-06 0.000246062)
(1.21628e-05 1.865e-06 -1.65034e-06 2.06046e-05 1.63099e-05 0.000275196)
(2.44318e-05 4.45538e-07 -3.63034e-06 2.05504e-05 -5.81636e-06 0.000255696)
(1.49783e-05 -1.13552e-06 3.95257e-06 2.0162e-05 2.00388e-05 0.000322449)
(1.92525e-05 4.31391e-07 2.8074e-06 2.08478e-05 -6.705e-06 0.000240534)
(1.18673e-05 1.87186e-06 -1.36559e-06 2.14269e-05 1.60663e-05 0.000267231)
(2.41799e-05 4.93679e-07 -4.16732e-06 2.13852e-05 -5.86657e-06 0.000250273)
(1.49188e-05 -1.1192e-06 5.07903e-06 2.08543e-05 1.98451e-05 0.000317487)
(1.87727e-05 3.82599e-07 3.05274e-06 2.17074e-05 -6.76987e-06 0.000235364)
(1.15883e-05 1.90097e-06 -1.07874e-06 2.2371e-05 1.58593e-05 0.000259033)
(2.39976e-05 5.01066e-07 -4.47231e-06 2.21113e-05 -5.79428e-06 0.00024367)
(1.49619e-05 -1.14378e-06 6.06106e-06 2.15744e-05 1.96034e-05 0.000311816)
(1.83407e-05 3.45798e-07 3.1561e-06 2.24841e-05 -6.47819e-06 0.000229883)
(1.1286e-05 1.93614e-06 -1.0073e-06 2.31814e-05 1.52468e-05 0.000250554)
(2.37928e-05 5.30841e-07 -4.58161e-06 2.28408e-05 -5.53686e-06 0.000237153)
(1.49408e-05 -1.13125e-06 6.82843e-06 2.24225e-05 1.94479e-05 0.00030604)
(1.79527e-05 3.44951e-07 3.15052e-06 2.31773e-05 -6.06469e-06 0.000224579)
(1.1037e-05 1.9526e-06 -1.19049e-06 2.39297e-05 1.45017e-05 0.00024228)
(2.35289e-05 5.84753e-07 -4.63816e-06 2.36969e-05 -5.36386e-06 0.000230672)
(1.48266e-05 -1.12337e-06 7.41495e-06 2.33834e-05 1.94548e-05 0.000302253)
(1.75856e-05 3.26157e-07 3.26984e-06 2.39653e-05 -5.80405e-06 0.000218669)
(1.08786e-05 1.98993e-06 -1.41102e-06 2.49128e-05 1.43025e-05 0.000237121)
(2.32424e-05 6.67581e-07 -4.9469e-06 2.46759e-05 -5.61653e-06 0.000226473)
(1.46879e-05 -1.12525e-06 8.11705e-06 2.4322e-05 1.92606e-05 0.00029908)
(1.72365e-05 2.73418e-07 3.58643e-06 2.50536e-05 -5.86786e-06 0.00021353)
(1.08313e-05 2.01964e-06 -1.6753e-06 2.60554e-05 1.43096e-05 0.000233711)
(2.29881e-05 6.92369e-07 -5.32629e-06 2.5662e-05 -5.92661e-06 0.00022041)
(1.45711e-05 -1.09049e-06 9.156e-06 2.51396e-05 1.89691e-05 0.000297048)
(1.69422e-05 2.92009e-07 3.71628e-06 2.6234e-05 -6.16463e-06 0.000209091)
(1.0776e-05 2.06068e-06 -1.73536e-06 2.70913e-05 1.39901e-05 0.000228284)
(2.27476e-05 7.01637e-07 -5.87148e-06 2.65561e-05 -6.06153e-06 0.00021217)
(1.44705e-05 -1.0236e-06 1.01007e-05 2.59347e-05 1.86238e-05 0.000294841)
(1.66792e-05 3.42103e-07 3.62485e-06 2.71225e-05 -6.43498e-06 0.000204503)
(1.06986e-05 2.08549e-06 -1.62551e-06 2.79199e-05 1.33934e-05 0.000221775)
(2.25231e-05 7.10353e-07 -6.25416e-06 2.74247e-05 -6.10318e-06 0.000205786)
(1.43474e-05 -9.59134e-07 1.06394e-05 2.68292e-05 1.81112e-05 0.000290792)
(1.64602e-05 4.17713e-07 3.33318e-06 2.78473e-05 -6.5926e-06 0.00020029)
(1.06637e-05 2.07611e-06 -1.33567e-06 2.87288e-05 1.29293e-05 0.000215439)
(2.22988e-05 7.14103e-07 -6.37168e-06 2.82808e-05 -6.09582e-06 0.000202512)
(1.41976e-05 -9.12304e-07 1.08158e-05 2.78362e-05 1.75889e-05 0.000284955)
(1.63361e-05 4.13451e-07 3.11359e-06 2.86979e-05 -6.56404e-06 0.000196609)
(1.06805e-05 2.05413e-06 -9.05467e-07 2.96252e-05 1.2383e-05 0.000211308)
(2.20307e-05 7.71315e-07 -6.45564e-06 2.91488e-05 -5.94929e-06 0.000201947)
(1.40761e-05 -8.49652e-07 1.10004e-05 2.8824e-05 1.69892e-05 0.000278761)
(1.62263e-05 3.36525e-07 3.19189e-06 2.96497e-05 -6.49369e-06 0.00019389)
(1.07421e-05 2.09319e-06 -3.70099e-07 3.06603e-05 1.16445e-05 0.000208929)
(2.17583e-05 8.57104e-07 -6.46903e-06 3.00166e-05 -5.57746e-06 0.000201849)
(1.40014e-05 -7.63572e-07 1.11459e-05 2.96755e-05 1.6224e-05 0.000275621)
(1.60844e-05 2.98757e-07 3.51064e-06 3.06112e-05 -6.61577e-06 0.000191735)
(1.08572e-05 2.17394e-06 2.54331e-07 3.16977e-05 1.07951e-05 0.000206633)
(2.14479e-05 8.78243e-07 -6.27988e-06 3.08201e-05 -5.14989e-06 0.000198921)
(1.39222e-05 -6.87441e-07 1.12192e-05 3.05078e-05 1.51938e-05 0.000272909)
(1.5959e-05 3.17623e-07 3.8348e-06 3.16211e-05 -6.8256e-06 0.000189318)
(1.09948e-05 2.21541e-06 5.0382e-07 3.26392e-05 9.97274e-06 0.000204107)
(2.10677e-05 8.51771e-07 -6.01578e-06 3.17049e-05 -4.99381e-06 0.000196709)
(1.38441e-05 -6.67942e-07 1.10774e-05 3.14395e-05 1.41348e-05 0.000270422)
(1.58698e-05 3.11063e-07 4.15585e-06 3.2526e-05 -6.85259e-06 0.000187102)
(1.11741e-05 2.24492e-06 3.74483e-07 3.35934e-05 9.20023e-06 0.000202841)
(2.06867e-05 8.64968e-07 -6.12121e-06 3.25918e-05 -5.08111e-06 0.000198606)
(1.38011e-05 -6.15149e-07 1.11386e-05 3.24767e-05 1.32263e-05 0.000270303)
(1.58343e-05 3.34233e-07 4.28154e-06 3.32891e-05 -6.76678e-06 0.000186417)
(1.1386e-05 2.31544e-06 4.77619e-07 3.46836e-05 8.83075e-06 0.000205868)
(2.0366e-05 8.9224e-07 -6.38431e-06 3.33754e-05 -5.37087e-06 0.000202676)
(1.38345e-05 -5.54529e-07 1.1289e-05 3.34742e-05 1.25679e-05 0.000273546)
(1.58732e-05 3.76789e-07 4.11854e-06 3.41036e-05 -6.81506e-06 0.000189395)
(1.16185e-05 2.351e-06 6.51997e-07 3.57399e-05 8.40451e-06 0.000211097)
(2.00526e-05 9.06358e-07 -6.39917e-06 3.42688e-05 -5.69833e-06 0.000207674)
(1.38708e-05 -5.19204e-07 1.12789e-05 3.42961e-05 1.16574e-05 0.000276107)
(1.58564e-05 3.6646e-07 4.29278e-06 3.50445e-05 -6.85693e-06 0.000193283)
(1.18882e-05 2.36211e-06 7.31986e-07 3.66316e-05 7.5984e-06 0.000215386)
(1.96702e-05 9.56039e-07 -6.16269e-06 3.51985e-05 -5.94207e-06 0.000210109)
(1.38881e-05 -4.88496e-07 1.11959e-05 3.51059e-05 1.0581e-05 0.000275937)
(1.57668e-05 3.27935e-07 4.93592e-06 3.5951e-05 -6.71739e-06 0.000195859)
(1.22614e-05 2.39423e-06 4.77505e-07 3.74639e-05 6.50106e-06 0.000218037)
(1.92446e-05 9.53882e-07 -5.80996e-06 3.59669e-05 -6.12487e-06 0.000211031)
(1.38703e-05 -4.08323e-07 1.13903e-05 3.59693e-05 9.28216e-06 0.000274966)
(1.56676e-05 3.00537e-07 5.50584e-06 3.67471e-05 -6.43099e-06 0.000197546)
(1.27068e-05 2.39637e-06 -4.9468e-08 3.83275e-05 5.37913e-06 0.000221869)
(1.8887e-05 9.9035e-07 -5.87361e-06 3.65712e-05 -6.23986e-06 0.00021505)
(1.38339e-05 -3.45954e-07 1.17075e-05 3.70316e-05 7.73674e-06 0.000275985)
(1.56022e-05 2.86897e-07 6.02725e-06 3.74968e-05 -6.50393e-06 0.0002006)
(1.32135e-05 2.33709e-06 -6.36589e-07 3.92144e-05 4.39313e-06 0.000228414)
(1.85537e-05 1.04884e-06 -6.45544e-06 3.72262e-05 -6.3951e-06 0.00022081)
(1.37494e-05 -2.95474e-07 1.17724e-05 3.80861e-05 6.29585e-06 0.000281097)
(1.5569e-05 2.94237e-07 6.43489e-06 3.82412e-05 -6.54213e-06 0.000203874)
(1.37391e-05 2.35505e-06 -7.35293e-07 4.0201e-05 3.53938e-06 0.000237708)
(1.82655e-05 1.05476e-06 -6.8496e-06 3.80725e-05 -6.57422e-06 0.000227254)
(1.36538e-05 -2.40628e-07 1.14826e-05 3.88581e-05 5.02594e-06 0.000289538)
(1.55849e-05 3.03732e-07 6.76737e-06 3.89583e-05 -6.42409e-06 0.000209123)
(1.41668e-05 2.40851e-06 -8.22063e-07 4.11684e-05 2.79913e-06 0.00024849)
(1.79521e-05 1.07036e-06 -7.11201e-06 3.88079e-05 -6.83881e-06 0.000235512)
(1.35938e-05 -2.35116e-07 1.08347e-05 3.96252e-05 3.65388e-06 0.000299072)
(1.56292e-05 3.27728e-07 6.89769e-06 3.97128e-05 -6.45803e-06 0.000217226)
(1.45071e-05 2.40789e-06 -1.24968e-06 4.20326e-05 1.67245e-06 0.000261251)
(1.76142e-05 1.11141e-06 -7.40205e-06 3.93877e-05 -6.95058e-06 0.000243348)
(1.35219e-05 -2.09068e-07 1.03712e-05 4.04533e-05 2.25667e-06 0.00030916)
(1.56753e-05 3.18621e-07 7.17361e-06 4.04165e-05 -6.38935e-06 0.000226179)
(1.48498e-05 2.40612e-06 -1.76319e-06 4.28074e-05 4.59699e-07 0.000275407)
(1.73033e-05 1.11449e-06 -7.68584e-06 3.99355e-05 -6.62942e-06 0.000250436)
(1.34145e-05 -1.64607e-07 1.02539e-05 4.12602e-05 6.86412e-07 0.000318084)
(1.57398e-05 2.95331e-07 7.60299e-06 4.10199e-05 -5.83773e-06 0.00023471)
(1.51887e-05 2.42295e-06 -2.11223e-06 4.35905e-05 -1.13243e-06 0.000290398)
(1.70365e-05 1.14342e-06 -7.92803e-06 4.04244e-05 -6.1116e-06 0.000256087)
(1.33013e-05 -9.72013e-08 1.0192e-05 4.20082e-05 -1.09802e-06 0.000325134)
(1.58946e-05 2.85893e-07 7.84372e-06 4.1612e-05 -5.00583e-06 0.000243441)
(1.55369e-05 2.41865e-06 -2.43822e-06 4.424e-05 -3.13766e-06 0.000304918)
(1.68047e-05 1.21918e-06 -8.26687e-06 4.06717e-05 -5.80198e-06 0.000261752)
(1.32063e-05 1.96531e-08 9.96338e-06 4.2344e-05 -3.07188e-06 0.000327809)
(1.6015e-05 2.90124e-07 7.80231e-06 4.19959e-05 -4.34337e-06 0.000252345)
(1.58992e-05 2.35986e-06 -3.08297e-06 4.44756e-05 -5.43245e-06 0.000317385)
(1.65574e-05 1.28059e-06 -8.81199e-06 4.0255e-05 -6.00531e-06 0.000266443)
(1.30515e-05 1.44281e-07 9.31471e-06 4.23108e-05 -5.75018e-06 0.000326187)
(1.61348e-05 2.87744e-07 7.33829e-06 4.12853e-05 -3.68297e-06 0.000258939)
(1.62471e-05 2.28116e-06 -4.19325e-06 4.42361e-05 -7.32852e-06 0.000329026)
(4.3855e-06 -1.75762e-08 -3.25869e-07 2.17842e-09 3.10728e-08 3.549e-06)
(9.15883e-07 3.21241e-09 -1.18094e-07 2.08593e-09 -2.01929e-08 3.10137e-06)
(4.33163e-06 1.74647e-08 2.61454e-07 2.12076e-09 2.34196e-08 2.49173e-06)
(8.93139e-07 -2.81048e-09 1.68145e-07 1.72606e-09 -1.78631e-08 3.69848e-06)
(1.70865e-05 -5.31696e-08 -6.62687e-07 7.17481e-09 4.7338e-08 9.88495e-06)
(3.50269e-06 1.17932e-08 -3.48463e-08 7.21166e-09 -3.04742e-08 1.19261e-05)
(1.66547e-05 4.39506e-08 6.81127e-07 6.70248e-09 2.96212e-08 7.51715e-06)
(3.32438e-06 -9.82983e-09 3.17491e-07 5.39e-09 -2.16291e-08 1.53701e-05)
(2.10326e-05 -9.42044e-08 -7.95207e-07 3.27307e-08 -3.66383e-08 1.78325e-05)
(3.87749e-06 1.91926e-08 2.95094e-07 3.22041e-08 4.19493e-09 2.28394e-05)
(1.99809e-05 8.66137e-08 1.34485e-06 3.1517e-08 -4.60408e-08 1.40614e-05)
(3.46225e-06 -1.81212e-08 2.43841e-07 2.57502e-08 2.72762e-08 3.09638e-05)
(2.46225e-05 -9.87282e-08 -1.09555e-06 7.14895e-08 -1.7721e-07 3.14857e-05)
(4.09763e-06 2.24851e-08 4.24343e-07 7.3591e-08 1.30156e-07 3.7887e-05)
(2.27886e-05 8.11986e-08 2.39877e-06 6.82832e-08 -1.56325e-07 2.43009e-05)
(3.39721e-06 -2.18314e-08 4.11181e-07 5.85986e-08 1.85994e-07 5.22932e-05)
(3.03929e-05 -1.14014e-07 -1.27055e-06 1.22571e-07 -3.00135e-07 4.73222e-05)
(4.91569e-06 2.38046e-08 4.75638e-07 1.2837e-07 2.63823e-07 5.57764e-05)
(2.76324e-05 8.81276e-08 3.45759e-06 1.1755e-07 -2.51415e-07 3.60011e-05)
(3.86938e-06 -2.46343e-08 7.0421e-07 1.03869e-07 3.75148e-07 7.72618e-05)
(3.63591e-05 -1.35711e-07 -1.2616e-06 1.8821e-07 -4.03952e-07 6.41562e-05)
(5.92206e-06 2.53827e-08 5.09846e-07 2.00764e-07 4.1658e-07 7.53666e-05)
(3.25939e-05 9.7835e-08 4.43182e-06 1.80678e-07 -3.28988e-07 4.8441e-05)
(4.4903e-06 -2.75892e-08 1.0368e-06 1.63667e-07 6.01785e-07 0.000104204)
(4.17668e-05 -1.59878e-07 -1.08238e-06 2.67539e-07 -4.92404e-07 8.15206e-05)
(6.96465e-06 2.60283e-08 5.39704e-07 2.90259e-07 5.99994e-07 9.58734e-05)
(3.69793e-05 1.07782e-07 5.29537e-06 2.56809e-07 -3.90695e-07 6.12991e-05)
(5.12846e-06 -2.98724e-08 1.38351e-06 2.37531e-07 8.75799e-07 0.000132027)
(4.6262e-05 -1.82008e-07 -7.50391e-07 3.60448e-07 -5.73304e-07 9.89504e-05)
(7.96934e-06 2.50836e-08 5.67744e-07 3.97086e-07 8.19853e-07 0.000116546)
(4.04869e-05 1.14305e-07 6.02971e-06 3.45854e-07 -4.43496e-07 7.42094e-05)
(5.72799e-06 -3.08685e-08 1.73339e-06 3.2573e-07 1.20022e-06 0.000159785)
(4.96849e-05 -1.9873e-07 -2.83929e-07 4.66983e-07 -6.54462e-07 0.00011596)
(8.89479e-06 2.19816e-08 5.93694e-07 5.21751e-07 1.07812e-06 0.000136648)
(4.29985e-05 1.14528e-07 6.61968e-06 4.47882e-07 -4.94474e-07 8.67663e-05)
(6.26258e-06 -3.02415e-08 2.07898e-06 4.2893e-07 1.57252e-06 0.000186601)
(5.20076e-05 -2.07182e-07 2.93902e-07 5.87343e-07 -7.41609e-07 0.000132114)
(9.71885e-06 1.62327e-08 6.16158e-07 6.64765e-07 1.37481e-06 0.000155529)
(4.45173e-05 1.06502e-07 7.05849e-06 5.6318e-07 -5.48997e-07 9.85956e-05)
(6.72216e-06 -2.76166e-08 2.41392e-06 5.48001e-07 1.98863e-06 0.000211745)
(5.33049e-05 -2.06359e-07 9.53638e-07 7.21939e-07 -8.37832e-07 0.000147097)
(1.0434e-05 7.48308e-09 6.33652e-07 8.26576e-07 1.70843e-06 0.000172737)
(4.51379e-05 9.02386e-08 7.35147e-06 6.92469e-07 -6.10296e-07 0.000109429)
(7.10904e-06 -2.29344e-08 2.73367e-06 6.83504e-07 2.44678e-06 0.000234757)
(5.37212e-05 -1.96941e-07 1.66163e-06 8.70379e-07 -9.41453e-07 0.000160768)
(1.10432e-05 -4.36237e-09 6.46436e-07 1.00635e-06 2.07443e-06 0.000188068)
(4.50137e-05 6.75079e-08 7.51343e-06 8.35263e-07 -6.77745e-07 0.000119133)
(7.43399e-06 -1.65614e-08 3.03622e-06 8.34607e-07 2.93924e-06 0.000255497)
(5.34293e-05 -1.79376e-07 2.38711e-06 1.03022e-06 -1.04507e-06 0.000173137)
(1.15565e-05 -1.90902e-08 6.56734e-07 1.20213e-06 2.46491e-06 0.000201569)
(4.43188e-05 4.01071e-08 7.56341e-06 9.88825e-07 -7.45513e-07 0.000127728)
(7.70999e-06 -8.78012e-09 3.3211e-06 9.99566e-07 3.45215e-06 0.000274066)
(5.2595e-05 -1.54465e-07 3.10178e-06 1.19883e-06 -1.14318e-06 0.000184292)
(1.19871e-05 -3.66166e-08 6.66809e-07 1.41236e-06 2.87256e-06 0.0002134)
(4.32139e-05 8.75195e-09 7.52227e-06 1.15074e-06 -8.08827e-07 0.000135339)
(7.9478e-06 3.2955e-10 3.58705e-06 1.17725e-06 3.97482e-06 0.000290651)
(5.13556e-05 -1.23393e-07 3.77589e-06 1.37583e-06 -1.23748e-06 0.000194317)
(1.23482e-05 -5.71718e-08 6.80061e-07 1.63654e-06 3.29364e-06 0.000223682)
(4.18285e-05 -2.59182e-08 7.41233e-06 1.32086e-06 -8.68835e-07 0.000142069)
(8.15399e-06 1.08238e-08 3.83102e-06 1.36772e-06 4.50448e-06 0.000305383)
(4.98203e-05 -8.67843e-08 4.3819e-06 1.5621e-06 -1.33125e-06 0.0002033)
(1.26505e-05 -8.08312e-08 7.00066e-07 1.87463e-06 3.72672e-06 0.000232547)
(4.02631e-05 -6.33846e-08 7.25569e-06 1.50017e-06 -9.28898e-07 0.000148018)
(8.33167e-06 2.25673e-08 4.05045e-06 1.57135e-06 5.04189e-06 0.000318385)
(4.80756e-05 -4.47033e-08 4.89716e-06 1.75787e-06 -1.42579e-06 0.000211349)
(1.29031e-05 -1.07205e-07 7.2913e-07 2.12641e-06 4.17031e-06 0.000240169)
(3.85937e-05 -1.03759e-07 7.07064e-06 1.68862e-06 -9.90446e-07 0.000153295)
(8.48304e-06 3.5356e-08 4.24386e-06 1.78779e-06 5.58366e-06 0.000329819)
(4.61907e-05 3.08774e-09 5.3042e-06 1.96253e-06 -1.52095e-06 0.000218573)
(1.31136e-05 -1.35872e-07 7.69611e-07 2.39117e-06 4.62213e-06 0.000246705)
(3.68767e-05 -1.47451e-07 6.87063e-06 1.88543e-06 -1.05395e-06 0.000157993)
(8.61043e-06 4.91532e-08 4.41012e-06 2.01623e-06 6.12514e-06 0.000339826)
(4.42231e-05 5.68105e-08 5.59205e-06 2.17521e-06 -1.61526e-06 0.000225042)
(1.32886e-05 -1.66673e-07 8.23664e-07 2.66776e-06 5.0799e-06 0.000252258)
(3.51555e-05 -1.94672e-07 6.66395e-06 2.09037e-06 -1.12009e-06 0.000162181)
(8.71629e-06 6.38482e-08 4.54929e-06 2.25596e-06 6.66345e-06 0.000348522)
(4.22232e-05 1.15695e-07 5.75976e-06 2.39508e-06 -1.70703e-06 0.000230712)
(1.34341e-05 -1.99264e-07 8.92055e-07 2.95493e-06 5.54067e-06 0.000256905)
(3.34644e-05 -2.45374e-07 6.45147e-06 2.30313e-06 -1.18826e-06 0.000165896)
(8.80317e-06 7.91447e-08 4.66276e-06 2.50646e-06 7.19597e-06 0.00035602)
(4.0239e-05 1.77566e-07 5.81701e-06 2.62152e-06 -1.7967e-06 0.000235496)
(1.35544e-05 -2.32993e-07 9.73422e-07 3.25169e-06 6.00097e-06 0.000260758)
(3.18323e-05 -2.99199e-07 6.22764e-06 2.52317e-06 -1.25648e-06 0.000169162)
(8.87382e-06 9.47831e-08 4.75221e-06 2.76756e-06 7.72168e-06 0.000362472)
(3.83124e-05 2.39967e-07 5.77448e-06 2.85389e-06 -1.88317e-06 0.00023951)
(1.36522e-05 -2.67327e-07 1.06423e-06 3.55754e-06 6.45766e-06 0.000263997)
(3.02828e-05 -3.5525e-07 5.98592e-06 2.74925e-06 -1.32216e-06 0.000172011)
(8.93072e-06 1.10778e-07 4.81874e-06 3.03882e-06 8.2392e-06 0.000368076)
(3.6472e-05 3.00787e-07 5.63797e-06 3.09157e-06 -1.95944e-06 0.000243091)
(1.37286e-05 -3.01678e-07 1.16086e-06 3.87204e-06 6.90877e-06 0.00026684)
(2.88313e-05 -4.1183e-07 5.72229e-06 2.98e-06 -1.38298e-06 0.000174478)
(8.97565e-06 1.27235e-07 4.86268e-06 3.31937e-06 8.74744e-06 0.000373035)
(3.47294e-05 3.59454e-07 5.41915e-06 3.33373e-06 -2.02247e-06 0.000246365)
(1.37833e-05 -3.35529e-07 1.26156e-06 4.19466e-06 7.35736e-06 0.000269437)
(2.74812e-05 -4.67382e-07 5.43487e-06 3.21484e-06 -1.43754e-06 0.000176585)
(9.00965e-06 1.44035e-07 4.8849e-06 3.60874e-06 9.24902e-06 0.000377493)
(3.30834e-05 4.1636e-07 5.13647e-06 3.58032e-06 -2.07407e-06 0.000249274)
(1.38152e-05 -3.68507e-07 1.36427e-06 4.52486e-06 7.79909e-06 0.000271854)
(2.62253e-05 -5.21084e-07 5.1221e-06 3.45393e-06 -1.4857e-06 0.000178341)
(9.03319e-06 1.60754e-07 4.88856e-06 3.90663e-06 9.73705e-06 0.000381544)
(3.15277e-05 4.71535e-07 4.80833e-06 3.83183e-06 -2.1166e-06 0.000251774)
(1.38233e-05 -4.00283e-07 1.46774e-06 4.86155e-06 8.22949e-06 0.000274086)
(2.50523e-05 -5.72251e-07 4.78157e-06 3.69808e-06 -1.52816e-06 0.000179757)
(9.0463e-06 1.77028e-07 4.87508e-06 4.2125e-06 1.02082e-05 0.000385262)
(3.00554e-05 5.24818e-07 4.44845e-06 4.0883e-06 -2.15134e-06 0.000253887)
(1.38064e-05 -4.30915e-07 1.57193e-06 5.20425e-06 8.65521e-06 0.000275955)
(2.39519e-05 -6.20714e-07 4.41167e-06 3.94749e-06 -1.56517e-06 0.000180851)
(9.0486e-06 1.92919e-07 4.84362e-06 4.5264e-06 1.06735e-05 0.000388552)
(2.86607e-05 5.7518e-07 4.06417e-06 4.34984e-06 -2.17904e-06 0.000255635)
(1.37645e-05 -4.602e-07 1.67538e-06 5.55368e-06 9.07519e-06 0.00027716)
(2.29164e-05 -6.66617e-07 4.01247e-06 4.20217e-06 -1.59718e-06 0.000181649)
(9.03971e-06 2.0853e-07 4.79464e-06 4.84855e-06 1.11345e-05 0.00039113)
(2.73391e-05 6.2169e-07 3.6579e-06 4.6165e-06 -2.20132e-06 0.000256994)
(1.36982e-05 -4.8758e-07 1.77494e-06 5.9109e-06 9.48227e-06 0.000277748)
(2.1941e-05 -7.10202e-07 3.58456e-06 4.4626e-06 -1.62576e-06 0.000182174)
(9.01953e-06 2.2372e-07 4.73147e-06 5.18191e-06 1.15769e-05 0.000392925)
(2.60878e-05 6.64313e-07 3.22996e-06 4.88854e-06 -2.21914e-06 0.000257928)
(1.3609e-05 -5.12598e-07 1.86534e-06 6.27637e-06 9.86683e-06 0.00027827)
(2.10227e-05 -7.51511e-07 3.12959e-06 4.72901e-06 -1.65302e-06 0.000182439)
(8.98818e-06 2.37933e-07 4.66316e-06 5.52282e-06 1.19796e-05 0.000394321)
(2.49049e-05 7.03461e-07 2.78023e-06 5.16616e-06 -2.23191e-06 0.000258467)
(1.3498e-05 -5.35248e-07 1.94334e-06 6.64913e-06 1.02453e-05 0.000279172)
(2.01589e-05 -7.90099e-07 2.65131e-06 5.00151e-06 -1.67984e-06 0.000182449)
(8.94577e-06 2.50813e-07 4.59849e-06 5.86945e-06 1.23661e-05 0.000395777)
(2.3789e-05 7.39748e-07 2.31052e-06 5.44943e-06 -2.23933e-06 0.000258703)
(1.33664e-05 -5.55498e-07 2.01103e-06 7.02837e-06 1.06285e-05 0.000280327)
(1.93476e-05 -8.25719e-07 2.15378e-06 5.27982e-06 -1.70492e-06 0.000182214)
(8.89283e-06 2.63931e-07 4.53949e-06 6.22766e-06 1.2746e-05 0.000397295)
(2.27388e-05 7.73381e-07 1.82632e-06 5.73859e-06 -2.24241e-06 0.000258719)
(1.3216e-05 -5.73041e-07 2.07155e-06 7.41383e-06 1.1011e-05 0.00028152)
(1.85871e-05 -8.58528e-07 1.64068e-06 5.56387e-06 -1.73207e-06 0.000181753)
(8.83025e-06 2.78137e-07 4.48199e-06 6.59096e-06 1.31107e-05 0.00039877)
(2.17524e-05 8.04207e-07 1.33509e-06 6.03373e-06 -2.24452e-06 0.000258558)
(1.30494e-05 -5.8765e-07 2.12521e-06 7.80529e-06 1.13827e-05 0.000282685)
(1.78762e-05 -8.88496e-07 1.11621e-06 5.85404e-06 -1.75206e-06 0.000181115)
(8.75937e-06 2.91929e-07 4.41906e-06 6.96953e-06 1.34558e-05 0.00040019)
(2.08282e-05 8.32205e-07 8.40692e-07 6.33538e-06 -2.24779e-06 0.000258211)
(1.28688e-05 -5.99256e-07 2.17086e-06 8.20255e-06 1.17388e-05 0.000283805)
(1.72136e-05 -9.15955e-07 5.8592e-07 6.15002e-06 -1.76157e-06 0.000180308)
(8.68187e-06 3.03627e-07 4.34852e-06 7.35494e-06 1.37937e-05 0.000401546)
(1.99653e-05 8.57127e-07 3.42912e-07 6.64338e-06 -2.25407e-06 0.000257626)
(1.2676e-05 -6.07589e-07 2.20846e-06 8.60539e-06 1.20811e-05 0.000284854)
(1.65997e-05 -9.4189e-07 5.44103e-08 6.45054e-06 -1.77443e-06 0.000179163)
(8.59919e-06 3.13719e-07 4.28462e-06 7.73437e-06 1.41323e-05 0.000402668)
(1.91633e-05 8.78884e-07 -1.61471e-07 6.95731e-06 -2.2528e-06 0.000256783)
(1.24726e-05 -6.13521e-07 2.23814e-06 9.0146e-06 1.24144e-05 0.000285831)
(1.60368e-05 -9.67495e-07 -4.77298e-07 6.75522e-06 -1.78545e-06 0.00017739)
(8.51183e-06 3.23907e-07 4.24301e-06 8.12971e-06 1.44372e-05 0.000403348)
(1.84196e-05 8.96631e-07 -6.76016e-07 7.2756e-06 -2.24026e-06 0.000255617)
(1.22602e-05 -6.1769e-07 2.26179e-06 9.42892e-06 1.27384e-05 0.000286661)
(1.55265e-05 -9.92895e-07 -1.00367e-06 7.06714e-06 -1.78616e-06 0.00017512)
(8.41823e-06 3.34832e-07 4.21337e-06 8.52896e-06 1.46766e-05 0.000403418)
(1.7733e-05 9.08577e-07 -1.19035e-06 7.59924e-06 -2.23038e-06 0.000253819)
(1.20393e-05 -6.18293e-07 2.28476e-06 9.84741e-06 1.30485e-05 0.000287042)
(1.50675e-05 -1.01778e-06 -1.51843e-06 7.38665e-06 -1.76363e-06 0.000173057)
(8.3156e-06 3.45459e-07 4.17436e-06 8.93129e-06 1.48854e-05 0.000402703)
(1.71078e-05 9.16051e-07 -1.68014e-06 7.93247e-06 -2.22694e-06 0.000250917)
(1.18105e-05 -6.12509e-07 2.30849e-06 1.02689e-05 1.33367e-05 0.000286591)
(1.46563e-05 -1.04157e-06 -2.0266e-06 7.71254e-06 -1.7469e-06 0.000171213)
(8.20242e-06 3.52319e-07 4.11462e-06 9.35803e-06 1.51063e-05 0.000401232)
(1.65473e-05 9.24603e-07 -2.14098e-06 8.27211e-06 -2.23057e-06 0.000247315)
(1.15774e-05 -6.01129e-07 2.31617e-06 1.06903e-05 1.35973e-05 0.00028573)
(1.42902e-05 -1.06498e-06 -2.52656e-06 8.04627e-06 -1.74893e-06 0.00016929)
(8.08435e-06 3.54495e-07 4.05128e-06 9.79647e-06 1.53441e-05 0.000399717)
(1.60469e-05 9.395e-07 -2.59453e-06 8.60889e-06 -2.22112e-06 0.000244188)
(1.13456e-05 -5.89441e-07 2.28183e-06 1.11134e-05 1.38478e-05 0.000285747)
(1.39688e-05 -1.08937e-06 -3.01458e-06 8.38438e-06 -1.75472e-06 0.000167109)
(7.9712e-06 3.50161e-07 4.0309e-06 1.02242e-05 1.55327e-05 0.00039887)
(1.55918e-05 9.56162e-07 -3.05198e-06 8.94369e-06 -2.21595e-06 0.000241425)
(1.11167e-05 -5.78718e-07 2.2047e-06 1.15455e-05 1.41054e-05 0.000286401)
(1.36921e-05 -1.11166e-06 -3.48354e-06 8.71992e-06 -1.74015e-06 0.000164672)
(7.8632e-06 3.43353e-07 4.05926e-06 1.06276e-05 1.56363e-05 0.000397781)
(1.51642e-05 9.59226e-07 -3.52177e-06 9.28671e-06 -2.21371e-06 0.000238647)
(1.08827e-05 -5.64929e-07 2.13656e-06 1.19909e-05 1.43483e-05 0.000287102)
(1.3462e-05 -1.12829e-06 -3.91787e-06 9.05356e-06 -1.70933e-06 0.000162062)
(7.75693e-06 3.40929e-07 4.13397e-06 1.10349e-05 1.57441e-05 0.000396305)
(1.47673e-05 9.56488e-07 -4.00295e-06 9.64585e-06 -2.20979e-06 0.000235552)
(1.06418e-05 -5.44272e-07 2.08419e-06 1.24431e-05 1.45743e-05 0.00028763)
(1.32832e-05 -1.14422e-06 -4.29164e-06 9.39288e-06 -1.69433e-06 0.000159411)
(7.65009e-06 3.43651e-07 4.24242e-06 1.15048e-05 1.59463e-05 0.000394791)
(1.44127e-05 9.61656e-07 -4.49955e-06 1.001e-05 -2.20558e-06 0.000232258)
(1.03966e-05 -5.16041e-07 2.02743e-06 1.28839e-05 1.47709e-05 0.000288018)
(1.31576e-05 -1.16837e-06 -4.59315e-06 9.74286e-06 -1.71201e-06 0.000156713)
(7.53984e-06 3.46013e-07 4.35087e-06 1.19971e-05 1.60888e-05 0.000392747)
(1.41136e-05 9.83265e-07 -5.01254e-06 1.03653e-05 -2.20085e-06 0.000229097)
(1.01518e-05 -4.83223e-07 1.95319e-06 1.33043e-05 1.49356e-05 0.000288318)
(1.30788e-05 -1.20319e-06 -4.863e-06 1.01093e-05 -1.73811e-06 0.000153745)
(7.42598e-06 3.45539e-07 4.4479e-06 1.24514e-05 1.61015e-05 0.000390135)
(1.38639e-05 1.01449e-06 -5.52782e-06 1.07324e-05 -2.19325e-06 0.000226392)
(9.91082e-06 -4.47484e-07 1.86479e-06 1.37227e-05 1.50823e-05 0.000288576)
(1.30325e-05 -1.24435e-06 -5.13202e-06 1.0486e-05 -1.75567e-06 0.000150412)
(7.31352e-06 3.38023e-07 4.53896e-06 1.28722e-05 1.60833e-05 0.000387635)
(1.36455e-05 1.02801e-06 -5.9755e-06 1.11054e-05 -2.21041e-06 0.000223355)
(9.67442e-06 -4.10566e-07 1.77623e-06 1.41647e-05 1.52392e-05 0.000289002)
(1.30069e-05 -1.28257e-06 -5.39817e-06 1.08606e-05 -1.76387e-06 0.000146765)
(7.20687e-06 3.20232e-07 4.62595e-06 1.33216e-05 1.61174e-05 0.000385718)
(1.34301e-05 1.02462e-06 -6.30769e-06 1.14726e-05 -2.22094e-06 0.00021957)
(9.44229e-06 -3.68777e-07 1.69919e-06 1.46287e-05 1.53936e-05 0.000289685)
(1.29936e-05 -1.30635e-06 -5.65942e-06 1.12185e-05 -1.77142e-06 0.000142919)
(7.10544e-06 2.99361e-07 4.73741e-06 1.38099e-05 1.61141e-05 0.000383729)
(1.32281e-05 1.02059e-06 -6.52878e-06 1.18425e-05 -2.21134e-06 0.000215314)
(9.21392e-06 -3.24974e-07 1.61888e-06 1.50942e-05 1.54794e-05 0.000290216)
(1.29994e-05 -1.32418e-06 -5.89711e-06 1.15653e-05 -1.75575e-06 0.000138983)
(7.00657e-06 2.78809e-07 4.86172e-06 1.43005e-05 1.5957e-05 0.000380898)
(1.30612e-05 1.01926e-06 -6.70947e-06 1.22317e-05 -2.20152e-06 0.000210634)
(8.98917e-06 -2.83534e-07 1.5213e-06 1.55303e-05 1.54644e-05 0.000290458)
(1.3042e-05 -1.34182e-06 -6.05171e-06 1.19298e-05 -1.70819e-06 0.000135008)
(6.90513e-06 2.47585e-07 4.9883e-06 1.47542e-05 1.56633e-05 0.00037761)
(1.29259e-05 1.02289e-06 -6.86465e-06 1.2622e-05 -2.18287e-06 0.000205791)
(8.76854e-06 -2.40103e-07 1.41714e-06 1.5911e-05 1.53544e-05 0.000290483)
(1.31025e-05 -1.35805e-06 -6.15366e-06 1.22997e-05 -1.6234e-06 0.000131093)
(6.79386e-06 1.9671e-07 5.1504e-06 1.51345e-05 1.53015e-05 0.000374549)
(1.28088e-05 1.03428e-06 -6.98865e-06 1.29908e-05 -2.1463e-06 0.000201611)
(8.55549e-06 -1.85979e-07 1.34794e-06 1.62283e-05 1.52055e-05 0.000290443)
(1.31432e-05 -1.36928e-06 -6.2316e-06 1.26642e-05 -1.53493e-06 0.000127948)
(6.6693e-06 1.45001e-07 5.37409e-06 1.54321e-05 1.49445e-05 0.000372441)
(1.27009e-05 1.04279e-06 -7.07738e-06 1.33467e-05 -2.11084e-06 0.000198406)
(8.35696e-06 -1.19474e-07 1.32466e-06 1.65708e-05 1.50715e-05 0.000290733)
(1.3182e-05 -1.36504e-06 -6.30704e-06 1.30238e-05 -1.4808e-06 0.000125368)
(6.56064e-06 9.90762e-08 5.61218e-06 1.57503e-05 1.46276e-05 0.000370887)
(1.26167e-05 1.05107e-06 -7.16112e-06 1.37412e-05 -2.06503e-06 0.000195463)
(8.17707e-06 -5.76995e-08 1.25647e-06 1.69744e-05 1.48957e-05 0.000291374)
(1.33049e-05 -1.38581e-06 -6.34424e-06 1.34076e-05 -1.44139e-06 0.000122728)
(6.47946e-06 6.64591e-08 5.86104e-06 1.61652e-05 1.43925e-05 0.000368816)
(1.25424e-05 1.06587e-06 -7.20399e-06 1.41544e-05 -2.03887e-06 0.000192369)
(8.01e-06 -9.64985e-09 1.14057e-06 1.7429e-05 1.47118e-05 0.000292241)
(1.34723e-05 -1.41696e-06 -6.33302e-06 1.37891e-05 -1.41933e-06 0.000119588)
(6.41596e-06 4.68366e-08 6.08754e-06 1.6681e-05 1.4279e-05 0.000366353)
(1.24684e-05 1.08517e-06 -7.234e-06 1.45208e-05 -2.01258e-06 0.000189431)
(7.85632e-06 2.89582e-08 1.05077e-06 1.78875e-05 1.44559e-05 0.000292873)
(1.36134e-05 -1.43653e-06 -6.23136e-06 1.41411e-05 -1.422e-06 0.000116201)
(6.37482e-06 4.38054e-08 6.22111e-06 1.72633e-05 1.41674e-05 0.000363153)
(1.23934e-05 1.09698e-06 -7.28219e-06 1.48248e-05 -1.96271e-06 0.000186701)
(7.73386e-06 5.31261e-08 9.66216e-07 1.82729e-05 1.41494e-05 0.000292903)
(1.36883e-05 -1.44078e-06 -6.10376e-06 1.44957e-05 -1.45223e-06 0.000113009)
(6.35755e-06 7.11739e-08 6.29989e-06 1.77294e-05 1.39101e-05 0.000358581)
(1.23285e-05 1.09817e-06 -7.38385e-06 1.51406e-05 -1.86329e-06 0.000184067)
(7.64899e-06 5.04631e-08 7.96355e-07 1.85946e-05 1.37741e-05 0.000292441)
(1.37392e-05 -1.44661e-06 -6.026e-06 1.48687e-05 -1.52764e-06 0.000110407)
(6.35194e-06 7.74868e-08 6.31574e-06 1.80371e-05 1.34948e-05 0.000353081)
(1.22693e-05 1.08843e-06 -7.47954e-06 1.5462e-05 -1.68821e-06 0.000181963)
(7.56229e-06 5.97334e-08 6.6871e-07 1.88244e-05 1.33281e-05 0.000291518)
(1.38246e-05 -1.44343e-06 -6.03487e-06 1.52368e-05 -1.62169e-06 0.000108504)
(6.35232e-06 5.72647e-08 6.32616e-06 1.83037e-05 1.29653e-05 0.000347691)
(1.22203e-05 1.07301e-06 -7.50296e-06 1.57743e-05 -1.55936e-06 0.000179776)
(7.46165e-06 1.02674e-07 7.09309e-07 1.90099e-05 1.28811e-05 0.000290351)
(1.3972e-05 -1.43308e-06 -6.0005e-06 1.55469e-05 -1.67601e-06 0.000107288)
(6.35532e-06 2.51474e-08 6.3053e-06 1.85945e-05 1.24157e-05 0.000343235)
(1.2118e-05 1.06503e-06 -7.32368e-06 1.61295e-05 -1.4928e-06 0.000177035)
(7.33772e-06 1.42313e-07 8.73752e-07 1.92727e-05 1.25489e-05 0.000290186)
(1.41128e-05 -1.41343e-06 -5.90836e-06 1.5797e-05 -1.68595e-06 0.000107166)
(6.3649e-06 -1.8857e-09 6.21786e-06 1.88283e-05 1.18082e-05 0.000339253)
(1.19881e-05 1.07963e-06 -7.02946e-06 1.65273e-05 -1.47498e-06 0.00017428)
(7.20691e-06 1.48307e-07 9.73265e-07 1.96151e-05 1.2289e-05 0.000292004)
(1.42321e-05 -1.37e-06 -5.72336e-06 1.60405e-05 -1.68285e-06 0.000108366)
(6.38016e-06 -1.50386e-08 6.07562e-06 1.90064e-05 1.11411e-05 0.000335944)
(1.18944e-05 1.11723e-06 -6.76718e-06 1.68902e-05 -1.48237e-06 0.000173197)
(7.08509e-06 1.54247e-07 9.64467e-07 1.99524e-05 1.17561e-05 0.000295439)
(1.43318e-05 -1.29855e-06 -5.49472e-06 1.63767e-05 -1.63306e-06 0.000111121)
(6.41292e-06 -2.30694e-08 5.88164e-06 1.92215e-05 1.0485e-05 0.000334065)
(1.18468e-05 1.15806e-06 -6.58878e-06 1.71602e-05 -1.43279e-06 0.000173338)
(6.9825e-06 1.69679e-07 9.2369e-07 2.01278e-05 1.10026e-05 0.000298967)
(1.44518e-05 -1.24358e-06 -5.35639e-06 1.67736e-05 -1.52367e-06 0.00011432)
(6.46838e-06 -4.15582e-08 5.60194e-06 1.95028e-05 9.79629e-06 0.000333841)
(1.18419e-05 1.20385e-06 -6.60414e-06 1.73085e-05 -1.40325e-06 0.000174144)
(6.89555e-06 1.73625e-07 9.29332e-07 2.01629e-05 1.01858e-05 0.000301251)
(1.46388e-05 -1.22553e-06 -5.27106e-06 1.70998e-05 -1.5083e-06 0.000117132)
(6.53097e-06 -5.56296e-08 5.26365e-06 1.97271e-05 8.91826e-06 0.000333701)
(1.18476e-05 1.23178e-06 -6.84231e-06 1.7416e-05 -1.39024e-06 0.000176022)
(6.83009e-06 1.95909e-07 1.03185e-06 2.01812e-05 9.46654e-06 0.000302959)
(1.48169e-05 -1.1925e-06 -5.21633e-06 1.73238e-05 -1.60636e-06 0.000120048)
(6.58652e-06 -5.98851e-08 4.86803e-06 1.98561e-05 7.93266e-06 0.000333188)
(1.18388e-05 1.23261e-06 -7.08481e-06 1.75861e-05 -1.36327e-06 0.000177755)
(6.78577e-06 2.58857e-07 1.26457e-06 2.03155e-05 8.98591e-06 0.000305829)
(1.48746e-05 -1.09703e-06 -5.24813e-06 1.74363e-05 -1.68053e-06 0.000123316)
(6.63206e-06 -6.67435e-08 4.44417e-06 1.99654e-05 7.03064e-06 0.000333522)
(1.17673e-05 1.20529e-06 -7.0204e-06 1.78424e-05 -1.39278e-06 0.000178803)
(6.75084e-06 3.08766e-07 1.47835e-06 2.04714e-05 8.48907e-06 0.000308993)
(1.48672e-05 -9.92947e-07 -5.3315e-06 1.75372e-05 -1.72713e-06 0.00012714)
(6.67423e-06 -8.08493e-08 3.98926e-06 1.99948e-05 6.13993e-06 0.000335112)
(1.17273e-05 1.19156e-06 -6.87221e-06 1.80659e-05 -1.62411e-06 0.000181183)
(6.7207e-06 3.16488e-07 1.64154e-06 2.04979e-05 7.73018e-06 0.000311481)
(1.48372e-05 -9.59599e-07 -5.35535e-06 1.77819e-05 -1.83975e-06 0.000131985)
(6.72007e-06 -9.69733e-08 3.48787e-06 1.99631e-05 5.25314e-06 0.000338129)
(1.17471e-05 1.21513e-06 -6.81884e-06 1.82635e-05 -1.94673e-06 0.000185055)
(6.6952e-06 3.13591e-07 1.78526e-06 2.03968e-05 6.77628e-06 0.000313689)
(1.48028e-05 -9.48732e-07 -5.41683e-06 1.80076e-05 -1.97367e-06 0.000136932)
(6.76696e-06 -1.06222e-07 2.93486e-06 1.99386e-05 4.29751e-06 0.000342461)
(1.18106e-05 1.25306e-06 -6.76789e-06 1.84302e-05 -2.18407e-06 0.000189218)
(6.67917e-06 3.03412e-07 1.95371e-06 2.03126e-05 5.82571e-06 0.000316806)
(1.47624e-05 -9.40575e-07 -5.50185e-06 1.81334e-05 -2.11031e-06 0.000141963)
(6.81117e-06 -1.01976e-07 2.34168e-06 1.99039e-05 3.22467e-06 0.000347688)
(1.18811e-05 1.27446e-06 -6.6807e-06 1.84937e-05 -2.42226e-06 0.000194106)
(6.67204e-06 2.92918e-07 2.2207e-06 2.02871e-05 4.83777e-06 0.000319837)
(1.47815e-05 -9.36131e-07 -5.56022e-06 1.82572e-05 -2.1508e-06 0.000146966)
(6.84414e-06 -8.72465e-08 1.71078e-06 1.9819e-05 2.08709e-06 0.000353539)
(1.19446e-05 1.27947e-06 -6.64854e-06 1.85067e-05 -2.66671e-06 0.000199503)
(6.66874e-06 2.79304e-07 2.53975e-06 2.01652e-05 3.81731e-06 0.000322294)
(1.47916e-05 -9.16511e-07 -5.59032e-06 1.83253e-05 -2.09009e-06 0.000152203)
(6.84896e-06 -6.59742e-08 1.01277e-06 1.97115e-05 1.01614e-06 0.000360402)
(1.20048e-05 1.26505e-06 -6.60867e-06 1.85095e-05 -2.87405e-06 0.00020439)
(6.67247e-06 2.56124e-07 2.81943e-06 1.99643e-05 2.79457e-06 0.000325212)
(1.47698e-05 -8.80954e-07 -5.6084e-06 1.83216e-05 -1.95306e-06 0.000157762)
(6.81871e-06 -6.10346e-08 2.72029e-07 1.95602e-05 5.97619e-08 0.000368086)
(1.20583e-05 1.23885e-06 -6.54735e-06 1.85302e-05 -3.0672e-06 0.000208594)
(6.68207e-06 2.21122e-07 3.04407e-06 1.97941e-05 1.52483e-06 0.000327802)
(1.47168e-05 -8.22745e-07 -5.63554e-06 1.82581e-05 -1.78398e-06 0.000163313)
(6.76544e-06 -7.08482e-08 -3.32407e-07 1.92872e-05 -1.12482e-06 0.000374511)
(1.21029e-05 1.20992e-06 -6.51664e-06 1.84544e-05 -3.19543e-06 0.000211269)
(6.69601e-06 1.98641e-07 3.24564e-06 1.9464e-05 2.18063e-07 0.000327839)
(1.46741e-05 -7.68642e-07 -5.63802e-06 1.81297e-05 -1.63856e-06 0.000167584)
(6.71368e-06 -4.07834e-08 -7.41358e-07 1.87835e-05 -2.66879e-06 0.000378747)
(1.21539e-05 1.20065e-06 -6.61926e-06 1.80806e-05 -3.3021e-06 0.000211829)
(6.69292e-06 1.80886e-07 3.42686e-06 1.87919e-05 -9.73493e-07 0.000325546)
(1.46909e-05 -7.61346e-07 -5.50773e-06 1.79012e-05 -1.67021e-06 0.000170135)
(6.66863e-06 -3.26944e-09 -1.13021e-06 1.79108e-05 -4.16961e-06 0.000382795)
(1.22625e-05 1.27546e-06 -6.98961e-06 1.804e-05 -3.55824e-06 0.000210593)
(6.67056e-06 1.49707e-07 3.54976e-06 1.84181e-05 -1.88648e-06 0.00032308)
)
;

boundaryField
{
    leftWall
    {
        type            calculated;
        value           uniform (0 0 0 0 0 0);
    }
    rightWall
    {
        type            calculated;
        value           nonuniform 0();
    }
    leftSides_periodic0
    {
        type            cyclic;
    }
    leftSides_periodic1
    {
        type            cyclic;
    }
    rightSides_periodic0
    {
        type            cyclic;
    }
    rightSides_periodic1
    {
        type            cyclic;
    }
    leftInOut_periodic0
    {
        type            cyclic;
    }
    leftInOut_periodic1
    {
        type            cyclic;
    }
    rightInOut_periodic0
    {
        type            cyclic;
    }
    rightInOut_periodic1
    {
        type            cyclic;
    }
    procBoundary2to0
    {
        type            processor;
        value           nonuniform List<symmTensor> 
316
(
(9.04699e-07 -2.18522e-09 -3.19602e-08 6.34784e-10 -4.19953e-09 4.26804e-06)
(3.96449e-07 3.53155e-09 6.06683e-08 7.66786e-10 1.45179e-08 2.57995e-06)
(8.98937e-07 6.73001e-10 1.37849e-08 5.88073e-10 -2.89378e-09 2.92316e-06)
(3.77427e-07 -2.17332e-09 -4.30843e-08 7.11734e-10 1.60214e-08 3.46545e-06)
(3.81685e-06 -6.18711e-09 -3.75291e-07 3.2445e-09 -9.96872e-09 1.26903e-05)
(1.44206e-06 1.11725e-08 -2.44164e-09 3.9024e-09 2.38582e-08 1.14154e-05)
(3.76807e-06 9.60939e-11 2.40878e-07 3.01133e-09 -8.02929e-09 9.01064e-06)
(1.28965e-06 -6.10539e-09 2.26712e-07 3.50681e-09 2.96695e-08 1.71877e-05)
(5.10602e-06 -6.88782e-09 -7.44938e-07 1.2522e-08 -3.19234e-09 2.23333e-05)
(1.81794e-06 1.37248e-08 -5.66907e-08 1.47408e-08 -1.68466e-08 2.47153e-05)
(4.96923e-06 -4.26241e-09 5.86723e-07 1.15717e-08 -4.34086e-09 1.61683e-05)
(1.44664e-06 -4.42237e-09 5.82262e-07 1.3707e-08 6.90263e-10 3.86848e-05)
(6.44883e-06 -3.31643e-09 -1.13696e-06 2.83102e-08 3.47866e-08 3.79592e-05)
(2.34692e-06 1.06075e-08 -7.47052e-08 3.24645e-08 -6.77313e-08 4.34132e-05)
(6.17816e-06 -1.25931e-08 1.1011e-06 2.63509e-08 2.77154e-08 2.70969e-05)
(1.69434e-06 2.10457e-09 8.84714e-07 3.01497e-08 -3.50052e-08 6.82618e-05)
(8.48042e-06 -9.70355e-10 -1.55366e-06 4.87052e-08 7.89082e-08 5.64697e-05)
(3.18639e-06 9.58449e-09 -1.64448e-07 5.51228e-08 -9.67373e-08 6.57754e-05)
(8.03904e-06 -2.01656e-08 1.74888e-06 4.55171e-08 5.98806e-08 3.99195e-05)
(2.19064e-06 7.69928e-09 1.2364e-06 5.14794e-08 -3.99417e-08 0.000103103)
(1.07909e-05 8.30439e-10 -1.92278e-06 7.53275e-08 1.28522e-07 7.64622e-05)
(4.154e-06 1.05253e-08 -3.11697e-07 8.4506e-08 -1.04434e-07 9.08073e-05)
(1.01453e-05 -2.82355e-08 2.46353e-06 7.06635e-08 9.41915e-08 5.38136e-05)
(2.77205e-06 1.27598e-08 1.5983e-06 7.90617e-08 -1.6656e-08 0.000141381)
(1.31943e-05 3.18724e-09 -2.20393e-06 1.07813e-07 1.86846e-07 9.72629e-05)
(5.1726e-06 1.21379e-08 -4.95804e-07 1.20288e-07 -9.46158e-08 0.00011764)
(1.23149e-05 -3.68947e-08 3.20207e-06 1.01458e-07 1.33567e-07 6.83371e-05)
(3.3812e-06 1.78748e-08 1.93116e-06 1.1261e-07 3.16111e-08 0.00018163)
(1.55718e-05 7.3112e-09 -2.37709e-06 1.46137e-07 2.57247e-07 0.000118241)
(6.19171e-06 1.33231e-08 -7.00185e-07 1.62424e-07 -7.22651e-08 0.000145261)
(1.44347e-05 -4.63806e-08 3.93243e-06 1.37862e-07 1.81314e-07 8.30459e-05)
(3.98705e-06 2.35556e-08 2.21013e-06 1.52165e-07 9.97676e-08 0.000222413)
(1.78362e-05 1.42361e-08 -2.44126e-06 1.90457e-07 3.41766e-07 0.000138763)
(7.17324e-06 1.31373e-08 -9.10993e-07 2.1093e-07 -4.17477e-08 0.000172593)
(1.6424e-05 -5.68834e-08 4.63089e-06 1.80026e-07 2.40539e-07 9.74836e-05)
(4.56928e-06 3.01769e-08 2.42216e-06 1.97873e-07 1.83638e-07 0.000262357)
(1.99247e-05 2.44789e-08 -2.41199e-06 2.40833e-07 4.41778e-07 0.000158308)
(8.08967e-06 1.09167e-08 -1.11693e-06 2.65629e-07 -6.66214e-09 0.000198698)
(1.82263e-05 -6.84216e-08 5.28e-06 2.28029e-07 3.13052e-07 0.000111263)
(5.11505e-06 3.80327e-08 2.56526e-06 2.49806e-07 2.79865e-07 0.000300336)
(2.17996e-05 3.77687e-08 -2.31078e-06 2.97069e-07 5.57837e-07 0.000176574)
(8.92431e-06 6.44211e-09 -1.31066e-06 3.26256e-07 3.10724e-08 0.000222962)
(1.981e-05 -8.07048e-08 5.86914e-06 2.81887e-07 4.00174e-07 0.000124142)
(5.6179e-06 4.71954e-08 2.64712e-06 3.07886e-07 3.86428e-07 0.00033566)
(2.34456e-05 5.32691e-08 -2.16118e-06 3.58396e-07 6.86709e-07 0.000193477)
(9.67066e-06 -5.11044e-11 -1.48833e-06 3.92316e-07 7.13542e-08 0.000245159)
(2.11682e-05 -9.31474e-08 6.39483e-06 3.41058e-07 5.01275e-07 0.000136018)
(6.07573e-06 5.73201e-08 2.68364e-06 3.71571e-07 5.04297e-07 0.000368095)
(2.48625e-05 7.01042e-08 -1.9799e-06 4.24019e-07 8.23097e-07 0.000209055)
(1.03296e-05 -7.95382e-09 -1.64853e-06 4.63067e-07 1.16618e-07 0.000265382)
(2.2309e-05 -1.04968e-07 6.85616e-06 4.04753e-07 6.11627e-07 0.00014688)
(6.4884e-06 6.78926e-08 2.69585e-06 4.40044e-07 6.37753e-07 0.000397894)
(2.60544e-05 8.79994e-08 -1.77167e-06 4.93637e-07 9.62748e-07 0.000223362)
(1.09052e-05 -1.65404e-08 -1.79495e-06 5.3781e-07 1.72372e-07 0.000283873)
(2.32438e-05 -1.15862e-07 7.25325e-06 4.72564e-07 7.26754e-07 0.000156784)
(6.8561e-06 7.85201e-08 2.69828e-06 5.12881e-07 7.89448e-07 0.000425462)
(2.70285e-05 1.06669e-07 -1.5369e-06 5.67336e-07 1.10517e-06 0.000236454)
(1.14008e-05 -2.52955e-08 -1.93105e-06 6.16166e-07 2.42416e-07 0.000300846)
(2.39847e-05 -1.26058e-07 7.58056e-06 5.4454e-07 8.46035e-07 0.000165791)
(7.17929e-06 8.90479e-08 2.69661e-06 5.90321e-07 9.56746e-07 0.000450923)
(2.77962e-05 1.25504e-07 -1.27392e-06 6.45236e-07 1.25154e-06 0.000248375)
(1.1819e-05 -3.39415e-08 -2.05411e-06 6.98178e-07 3.25829e-07 0.000316421)
(2.45427e-05 -1.35543e-07 7.82826e-06 6.21022e-07 9.71209e-07 0.000173947)
(7.45925e-06 9.95369e-08 2.69338e-06 6.72654e-07 1.13559e-06 0.000474224)
(2.83716e-05 1.4404e-07 -9.84062e-07 7.2741e-07 1.40122e-06 0.000259154)
(1.21625e-05 -4.23269e-08 -2.1586e-06 7.84065e-07 4.19789e-07 0.000330656)
(2.493e-05 -1.44089e-07 7.99351e-06 7.02236e-07 1.10316e-06 0.000181282)
(7.69851e-06 1.09978e-07 2.69136e-06 7.59994e-07 1.32363e-06 0.000495325)
(2.87704e-05 1.62099e-07 -6.74093e-07 8.13958e-07 1.5528e-06 0.000268803)
(1.24359e-05 -5.02899e-08 -2.24082e-06 8.73963e-07 5.23686e-07 0.00034358)
(2.51619e-05 -1.51603e-07 8.07968e-06 7.88291e-07 1.24062e-06 0.000187802)
(7.90041e-06 1.20327e-07 2.69432e-06 8.52455e-07 1.51999e-06 0.000514207)
(2.90088e-05 1.79654e-07 -3.52682e-07 9.04876e-07 1.70523e-06 0.000277328)
(1.2645e-05 -5.77078e-08 -2.30072e-06 9.67879e-07 6.38707e-07 0.000355196)
(2.52552e-05 -1.58277e-07 8.09137e-06 8.79192e-07 1.38178e-06 0.000193497)
(8.06854e-06 1.30586e-07 2.70533e-06 9.49989e-07 1.72495e-06 0.000530875)
(2.91041e-05 1.96724e-07 -2.90961e-08 1.00022e-06 1.8594e-06 0.000284778)
(1.27964e-05 -6.46623e-08 -2.33967e-06 1.06576e-06 7.64565e-07 0.000365507)
(2.52269e-05 -1.64313e-07 8.03315e-06 9.75003e-07 1.52548e-06 0.000198372)
(8.20643e-06 1.40842e-07 2.72674e-06 1.05251e-06 1.93656e-06 0.000545364)
(2.90739e-05 2.13304e-07 2.86983e-07 1.10031e-06 2.01633e-06 0.000291231)
(1.28964e-05 -7.13953e-08 -2.35773e-06 1.16759e-06 8.99605e-07 0.000374554)
(2.50923e-05 -1.69589e-07 7.90949e-06 1.07587e-06 1.67149e-06 0.000202472)
(8.31713e-06 1.51318e-07 2.75892e-06 1.16021e-06 2.15001e-06 0.000557751)
(2.89343e-05 2.29951e-07 5.85868e-07 1.20566e-06 2.17352e-06 0.000296771)
(1.29511e-05 -7.80778e-08 -2.35186e-06 1.27383e-06 1.04113e-06 0.00038245)
(2.4865e-05 -1.74159e-07 7.72657e-06 1.182e-06 1.82015e-06 0.000205871)
(8.4031e-06 1.62079e-07 2.79873e-06 1.27361e-06 2.36322e-06 0.000568167)
(2.86973e-05 2.45856e-07 8.60129e-07 1.31682e-06 2.32732e-06 0.000301533)
(1.29667e-05 -8.48264e-08 -2.31862e-06 1.38535e-06 1.18707e-06 0.000389339)
(2.45573e-05 -1.78392e-07 7.4923e-06 1.2939e-06 1.97074e-06 0.000208657)
(8.46682e-06 1.73087e-07 2.84203e-06 1.39324e-06 2.5738e-06 0.000576782)
(2.83752e-05 2.59785e-07 1.10271e-06 1.43312e-06 2.47779e-06 0.000305737)
(1.29479e-05 -9.23329e-08 -2.25921e-06 1.5026e-06 1.33769e-06 0.000395323)
(2.41794e-05 -1.82095e-07 7.21311e-06 1.41215e-06 2.12479e-06 0.00021091)
(8.51113e-06 1.83916e-07 2.88818e-06 1.51892e-06 2.7844e-06 0.000583739)
(2.79817e-05 2.71779e-07 1.29911e-06 1.55344e-06 2.63013e-06 0.000309615)
(1.28983e-05 -9.87362e-08 -2.18049e-06 1.62504e-06 1.49054e-06 0.000400451)
(2.3742e-05 -1.85071e-07 6.89373e-06 1.53638e-06 2.28383e-06 0.000212671)
(8.53885e-06 1.94371e-07 2.93582e-06 1.64998e-06 3.00212e-06 0.000589172)
(2.75263e-05 2.82537e-07 1.432e-06 1.67885e-06 2.78628e-06 0.000313131)
(1.28217e-05 -1.02128e-07 -2.09167e-06 1.75079e-06 1.64591e-06 0.000404735)
(2.3257e-05 -1.87644e-07 6.54155e-06 1.66574e-06 2.44365e-06 0.000213911)
(8.55333e-06 2.04346e-07 2.98323e-06 1.78613e-06 3.22269e-06 0.000593264)
(2.70087e-05 2.92281e-07 1.5133e-06 1.8102e-06 2.94058e-06 0.000315937)
(1.27226e-05 -1.03866e-07 -1.99602e-06 1.87907e-06 1.80818e-06 0.000408196)
(2.27394e-05 -1.91077e-07 6.16596e-06 1.80143e-06 2.60426e-06 0.000214587)
(8.56002e-06 2.14043e-07 3.02887e-06 1.92817e-06 3.44386e-06 0.000596238)
(2.64279e-05 2.9867e-07 1.58357e-06 1.94848e-06 3.08609e-06 0.000317865)
(1.26047e-05 -1.06473e-07 -1.88557e-06 2.01141e-06 1.97575e-06 0.000410948)
(2.22013e-05 -1.96358e-07 5.76557e-06 1.94421e-06 2.75665e-06 0.000214829)
(8.56311e-06 2.24147e-07 3.0724e-06 2.07721e-06 3.66121e-06 0.000598274)
(2.57969e-05 3.0077e-07 1.66827e-06 2.09274e-06 3.22476e-06 0.000318988)
(1.24679e-05 -1.11867e-07 -1.75125e-06 2.14948e-06 2.14119e-06 0.000413199)
(2.16435e-05 -1.99724e-07 5.32745e-06 2.09361e-06 2.88869e-06 0.000214854)
(8.55914e-06 2.34178e-07 3.11716e-06 2.23293e-06 3.86901e-06 0.000599361)
(2.51301e-05 3.03163e-07 1.76218e-06 2.24454e-06 3.389e-06 0.000319407)
(1.231e-05 -1.17813e-07 -1.59623e-06 2.29734e-06 2.30031e-06 0.00041507)
(2.10609e-05 -1.99752e-07 4.86332e-06 2.24967e-06 3.01156e-06 0.000214615)
(8.5383e-06 2.44305e-07 3.15837e-06 2.39492e-06 4.06556e-06 0.000599276)
(2.44267e-05 3.11882e-07 1.81988e-06 2.40851e-06 3.55513e-06 0.000319064)
(1.2137e-05 -1.21309e-07 -1.42308e-06 2.45892e-06 2.45036e-06 0.000416471)
(2.04462e-05 -2.01639e-07 4.39824e-06 2.41344e-06 3.14982e-06 0.000213888)
(8.49798e-06 2.55436e-07 3.19931e-06 2.56645e-06 4.25048e-06 0.000597876)
(2.36849e-05 3.2642e-07 1.76968e-06 2.57498e-06 3.66509e-06 0.000317922)
(1.19599e-05 -1.26005e-07 -1.23639e-06 2.63104e-06 2.58652e-06 0.000417142)
(1.98023e-05 -2.06387e-07 3.91983e-06 2.58632e-06 3.30739e-06 0.000212429)
(8.45058e-06 2.67416e-07 3.24801e-06 2.7526e-06 4.42997e-06 0.000595142)
(2.29221e-05 3.36601e-07 1.55471e-06 2.73897e-06 3.70115e-06 0.00031614)
(1.17884e-05 -1.34015e-07 -1.05486e-06 2.80259e-06 2.72363e-06 0.000416853)
(1.91376e-05 -2.14486e-07 3.41259e-06 2.76392e-06 3.45647e-06 0.000210231)
(8.40185e-06 2.77252e-07 3.31039e-06 2.94863e-06 4.62253e-06 0.000591139)
(2.21753e-05 3.35741e-07 1.18193e-06 2.91163e-06 3.73223e-06 0.000314442)
(1.16227e-05 -1.36189e-07 -8.982e-07 2.96753e-06 2.87222e-06 0.000415568)
(1.84589e-05 -2.21969e-07 2.88571e-06 2.94192e-06 3.56955e-06 0.000207742)
(8.34334e-06 2.82615e-07 3.38416e-06 3.13885e-06 4.84315e-06 0.000586052)
(2.14638e-05 3.26751e-07 7.2097e-07 3.10606e-06 3.88593e-06 0.000313558)
(1.14572e-05 -1.28547e-07 -7.63256e-07 3.13305e-06 3.03988e-06 0.000413307)
(1.77839e-05 -2.31146e-07 2.34059e-06 3.12763e-06 3.69041e-06 0.000205645)
(8.27313e-06 2.86942e-07 3.44766e-06 3.3236e-06 5.07444e-06 0.000580318)
(2.0746e-05 3.18441e-07 2.22651e-07 3.31196e-06 4.07341e-06 0.000312626)
(1.12835e-05 -1.14078e-07 -6.17568e-07 3.30945e-06 3.20975e-06 0.000410349)
(1.71311e-05 -2.51126e-07 1.76404e-06 3.33494e-06 3.87019e-06 0.000204085)
(8.21162e-06 2.95034e-07 3.47098e-06 3.52407e-06 5.29712e-06 0.000574669)
(2.00021e-05 3.14219e-07 -2.56944e-07 3.51284e-06 4.19552e-06 0.000310845)
(1.10893e-05 -1.04783e-07 -4.35683e-07 3.50762e-06 3.3256e-06 0.000407359)
(1.65024e-05 -2.67402e-07 1.19819e-06 3.57164e-06 4.05576e-06 0.000202331)
(8.17659e-06 3.02209e-07 3.50015e-06 3.75113e-06 5.4814e-06 0.0005694)
(1.9255e-05 3.03089e-07 -6.44914e-07 3.71611e-06 4.27364e-06 0.000308637)
(1.0881e-05 -1.09618e-07 -2.48013e-07 3.72183e-06 3.39523e-06 0.000404492)
(1.59092e-05 -2.7251e-07 6.76129e-07 3.81128e-06 4.19896e-06 0.000199749)
(8.15323e-06 3.02107e-07 3.62516e-06 3.98977e-06 5.62668e-06 0.00056332)
(1.85184e-05 2.85559e-07 -8.50331e-07 3.93947e-06 4.37479e-06 0.000306499)
(1.0669e-05 -1.11998e-07 -1.21834e-07 3.93629e-06 3.45977e-06 0.000401294)
(1.5374e-05 -2.72829e-07 1.82241e-07 4.02132e-06 4.29094e-06 0.000196804)
(8.10382e-06 3.02269e-07 3.79171e-06 4.22688e-06 5.72737e-06 0.00055495)
(1.78275e-05 2.68077e-07 -1.0243e-06 4.18022e-06 4.46487e-06 0.000303434)
(1.04542e-05 -1.12893e-07 -3.64972e-08 4.16037e-06 3.55563e-06 0.000397601)
(1.49061e-05 -2.79581e-07 -3.76052e-07 4.23339e-06 4.38929e-06 0.000194578)
(8.03293e-06 3.04862e-07 3.96062e-06 4.47698e-06 5.79917e-06 0.000545103)
(1.71926e-05 2.49403e-07 -1.24085e-06 4.42388e-06 4.45386e-06 0.000299434)
(1.02387e-05 -1.27153e-07 9.26506e-08 4.40865e-06 3.66579e-06 0.000393732)
(1.4475e-05 -2.92803e-07 -1.18493e-06 4.48331e-06 4.53356e-06 0.000192905)
(7.96711e-06 3.14636e-07 4.05145e-06 4.74087e-06 5.84321e-06 0.000536293)
(1.65703e-05 2.305e-07 -1.50914e-06 4.67447e-06 4.3708e-06 0.000295685)
(1.00306e-05 -1.41834e-07 2.35145e-07 4.66791e-06 3.74048e-06 0.000389406)
(1.4038e-05 -3.11244e-07 -2.12053e-06 4.75918e-06 4.62498e-06 0.000190646)
(7.92464e-06 3.33029e-07 4.08173e-06 5.01353e-06 5.9083e-06 0.00052802)
(1.59558e-05 2.20786e-07 -1.73993e-06 4.95334e-06 4.41149e-06 0.000293373)
(9.8469e-06 -1.35142e-07 3.39162e-07 4.90604e-06 3.82306e-06 0.000384601)
(1.35892e-05 -3.68172e-07 -3.00943e-06 5.03879e-06 4.74042e-06 0.000187352)
(7.88212e-06 3.44417e-07 4.08845e-06 5.2904e-06 5.97372e-06 0.000518837)
(1.53889e-05 2.14232e-07 -1.89133e-06 5.23844e-06 4.62936e-06 0.000292875)
(9.68613e-06 -9.65048e-08 3.75572e-07 5.11736e-06 3.95529e-06 0.000379954)
(1.31733e-05 -4.33745e-07 -3.62313e-06 5.28245e-06 4.80038e-06 0.000182661)
(7.79937e-06 3.41171e-07 4.14388e-06 5.57949e-06 6.03265e-06 0.000508583)
(1.48389e-05 2.27781e-07 -2.11353e-06 5.479e-06 4.83254e-06 0.000291711)
(9.51877e-06 -5.73504e-08 3.90289e-07 5.3441e-06 4.10908e-06 0.000376215)
(1.28312e-05 -4.78832e-07 -3.94103e-06 5.52881e-06 4.85412e-06 0.000177505)
(7.67087e-06 3.18114e-07 4.28549e-06 5.87773e-06 6.09998e-06 0.000498392)
(1.42869e-05 2.52966e-07 -2.51344e-06 5.6986e-06 4.97742e-06 0.000288119)
(9.30744e-06 -4.26684e-08 4.31105e-07 5.63385e-06 4.24742e-06 0.000372548)
(1.25272e-05 -4.77268e-07 -4.10565e-06 5.82724e-06 4.84178e-06 0.000172038)
(7.55049e-06 2.9504e-07 4.42233e-06 6.16402e-06 6.2554e-06 0.000488716)
(1.38048e-05 2.74298e-07 -2.99858e-06 5.99232e-06 5.0737e-06 0.000282735)
(9.08184e-06 -4.81489e-08 6.05012e-07 5.9746e-06 4.26242e-06 0.000368752)
(1.22408e-05 -4.85898e-07 -4.32066e-06 6.17272e-06 4.84886e-06 0.000166917)
(7.46929e-06 2.86463e-07 4.52618e-06 6.44434e-06 6.42522e-06 0.000480113)
(1.34242e-05 3.03871e-07 -3.26986e-06 6.40562e-06 5.26333e-06 0.000277284)
(8.8694e-06 -6.04551e-08 9.27844e-07 6.31794e-06 4.15992e-06 0.000364852)
(1.19792e-05 -5.31478e-07 -4.73227e-06 6.52238e-06 4.91528e-06 0.000162632)
(7.41164e-06 2.83045e-07 4.63872e-06 6.75541e-06 6.45934e-06 0.000472691)
(1.30373e-05 3.24082e-07 -3.46574e-06 6.8234e-06 5.47944e-06 0.000271757)
(8.65092e-06 -6.51789e-08 1.23211e-06 6.62435e-06 4.07299e-06 0.000360135)
(1.1749e-05 -5.7599e-07 -5.27941e-06 6.84295e-06 5.01189e-06 0.000158989)
(7.35315e-06 2.8174e-07 4.81518e-06 7.09991e-06 6.38996e-06 0.000465009)
(1.26334e-05 3.43771e-07 -3.6769e-06 7.13182e-06 5.61469e-06 0.00026594)
(8.41051e-06 -4.19486e-08 1.37477e-06 6.88625e-06 4.06316e-06 0.000354213)
(1.15621e-05 -6.10486e-07 -5.8073e-06 7.14743e-06 5.13966e-06 0.000155476)
(7.30057e-06 2.76751e-07 4.99815e-06 7.46912e-06 6.28323e-06 0.000456757)
(1.22368e-05 3.42204e-07 -3.98951e-06 7.38047e-06 5.6894e-06 0.000260181)
(8.17369e-06 -4.96333e-09 1.44252e-06 7.13365e-06 4.13712e-06 0.000347829)
(1.14185e-05 -6.36422e-07 -6.26297e-06 7.46643e-06 5.28767e-06 0.000152191)
(7.28301e-06 2.75644e-07 5.02054e-06 7.83504e-06 6.2229e-06 0.000447504)
(1.18846e-05 3.32994e-07 -4.38808e-06 7.6741e-06 5.74385e-06 0.00025406)
(7.96783e-06 1.60745e-08 1.49697e-06 7.42837e-06 4.16266e-06 0.000343419)
(1.13156e-05 -6.67161e-07 -6.67345e-06 7.81885e-06 5.46352e-06 0.000149321)
(7.26536e-06 2.67574e-07 4.93588e-06 8.15979e-06 6.13427e-06 0.000437818)
(1.15941e-05 3.20086e-07 -4.71633e-06 8.04209e-06 5.78928e-06 0.000246999)
(7.80018e-06 1.32056e-09 1.56833e-06 7.80368e-06 4.08624e-06 0.00034054)
(1.126e-05 -7.13297e-07 -7.05442e-06 8.1746e-06 5.60407e-06 0.000146145)
(7.23064e-06 2.52451e-07 4.95032e-06 8.49319e-06 5.98327e-06 0.000429168)
(1.13811e-05 3.02975e-07 -4.98011e-06 8.44861e-06 5.83814e-06 0.000238773)
(7.64734e-06 -1.8048e-08 1.73188e-06 8.17071e-06 4.00397e-06 0.00033749)
(1.12461e-05 -7.5574e-07 -7.38058e-06 8.52853e-06 5.67376e-06 0.000142262)
(7.2022e-06 2.28952e-07 5.06561e-06 8.85421e-06 5.84585e-06 0.000421291)
(1.1237e-05 2.83361e-07 -5.23249e-06 8.8522e-06 5.76359e-06 0.000230104)
(7.49246e-06 -1.93851e-08 2.00029e-06 8.48837e-06 3.96797e-06 0.000334831)
(1.12701e-05 -7.94036e-07 -7.6568e-06 8.90517e-06 5.6745e-06 0.000138359)
(7.20316e-06 2.07147e-07 5.19253e-06 9.23188e-06 5.72833e-06 0.000414636)
(1.10788e-05 2.55735e-07 -5.40772e-06 9.21026e-06 5.57989e-06 0.000222318)
(7.35187e-06 3.38999e-09 2.24086e-06 8.80581e-06 3.93892e-06 0.000332203)
(1.13161e-05 -8.19878e-07 -7.90227e-06 9.27489e-06 5.53358e-06 0.000134766)
(7.21747e-06 1.89614e-07 5.28005e-06 9.61164e-06 5.59973e-06 0.000408449)
(1.09059e-05 2.38866e-07 -5.46274e-06 9.5166e-06 5.35255e-06 0.000215521)
(7.23089e-06 2.86743e-08 2.3959e-06 9.18356e-06 3.79321e-06 0.000329331)
(1.13828e-05 -8.282e-07 -8.10764e-06 9.60151e-06 5.30169e-06 0.000132085)
(7.23145e-06 1.72106e-07 5.38357e-06 9.99613e-06 5.4067e-06 0.000402423)
(1.07401e-05 2.4215e-07 -5.44275e-06 9.87651e-06 5.20294e-06 0.000209405)
(7.11481e-06 4.22827e-08 2.46338e-06 9.63115e-06 3.54263e-06 0.000325794)
(1.14892e-05 -8.41331e-07 -8.21934e-06 9.95382e-06 5.18353e-06 0.000131206)
(7.22275e-06 1.47942e-07 5.54084e-06 1.03909e-05 5.14629e-06 0.000396891)
(1.05977e-05 2.51861e-07 -5.41344e-06 1.03603e-05 5.23428e-06 0.000203796)
(6.97443e-06 5.70355e-08 2.35584e-06 1.00695e-05 3.4232e-06 0.000321999)
(1.16626e-05 -8.97397e-07 -8.35416e-06 1.03816e-05 5.14626e-06 0.000131174)
(7.17417e-06 1.1148e-07 5.65876e-06 1.07839e-05 4.91658e-06 0.000391037)
(1.04715e-05 2.61263e-07 -5.51577e-06 1.08669e-05 5.29538e-06 0.000198869)
(6.80686e-06 7.47543e-08 2.30328e-06 1.04352e-05 3.41786e-06 0.000319351)
(1.18378e-05 -9.58117e-07 -8.54745e-06 1.08299e-05 5.06634e-06 0.00013126)
(7.121e-06 7.06861e-08 5.70924e-06 1.12141e-05 4.66996e-06 0.000384532)
(1.03752e-05 2.90286e-07 -5.65085e-06 1.13211e-05 5.28884e-06 0.000194865)
(6.66999e-06 8.05638e-08 2.44571e-06 1.07787e-05 3.36337e-06 0.000317113)
(1.1986e-05 -1.00141e-06 -8.75038e-06 1.12257e-05 4.91723e-06 0.000130962)
(7.09385e-06 4.19217e-08 5.79548e-06 1.16519e-05 4.36882e-06 0.000378998)
(1.03344e-05 3.20837e-07 -5.68217e-06 1.17252e-05 5.17303e-06 0.000191122)
(6.54802e-06 9.25461e-08 2.61081e-06 1.11711e-05 3.25267e-06 0.000314002)
(1.21207e-05 -1.0195e-06 -8.80527e-06 1.15599e-05 4.7038e-06 0.000130483)
(7.09331e-06 2.12786e-08 5.89435e-06 1.20551e-05 4.04676e-06 0.000373894)
(1.03081e-05 3.33773e-07 -5.65791e-06 1.21086e-05 4.92927e-06 0.000187511)
(6.43941e-06 1.02076e-07 2.73138e-06 1.1585e-05 3.06639e-06 0.000310617)
(1.22287e-05 -1.0475e-06 -8.68545e-06 1.18765e-05 4.48543e-06 0.000130536)
(7.12102e-06 1.4881e-09 5.91858e-06 1.24109e-05 3.68732e-06 0.000368375)
(1.0298e-05 3.32774e-07 -5.67914e-06 1.25159e-05 4.61257e-06 0.000184515)
(6.33787e-06 1.06077e-07 2.84313e-06 1.20076e-05 2.8138e-06 0.000308904)
(1.23618e-05 -1.10332e-06 -8.50638e-06 1.22942e-05 4.45066e-06 0.000132249)
(7.17346e-06 -2.0431e-08 5.81282e-06 1.27823e-05 3.28695e-06 0.000363449)
(1.03085e-05 3.40461e-07 -5.78703e-06 1.29719e-05 4.30784e-06 0.000182512)
(6.26308e-06 1.09406e-07 3.02226e-06 1.24503e-05 2.57544e-06 0.000309508)
(1.25264e-05 -1.13972e-06 -8.33985e-06 1.2833e-05 4.41581e-06 0.00013465)
(7.23746e-06 -4.60532e-08 5.56371e-06 1.32535e-05 2.90262e-06 0.000361428)
(1.03245e-05 3.51993e-07 -5.92217e-06 1.3409e-05 3.97848e-06 0.000181263)
(6.21861e-06 1.06879e-07 3.12179e-06 1.29305e-05 2.32345e-06 0.000310086)
(1.268e-05 -1.15695e-06 -8.33542e-06 1.33107e-05 4.25503e-06 0.000137064)
(7.30359e-06 -8.4594e-08 5.34484e-06 1.37917e-05 2.50639e-06 0.000361142)
(1.03327e-05 3.54891e-07 -5.94564e-06 1.38044e-05 3.63458e-06 0.000180743)
(6.18916e-06 1.04412e-07 3.05968e-06 1.34211e-05 2.09074e-06 0.00030894)
(1.27815e-05 -1.15638e-06 -8.41779e-06 1.36597e-05 3.96266e-06 0.000139862)
(7.35916e-06 -1.30769e-07 5.22142e-06 1.43046e-05 2.03423e-06 0.000360508)
(1.03088e-05 3.68347e-07 -5.66651e-06 1.42338e-05 3.31054e-06 0.000180451)
(6.16958e-06 1.02096e-07 2.89906e-06 1.38867e-05 1.83824e-06 0.000307506)
(1.2857e-05 -1.1574e-06 -8.47289e-06 1.40032e-05 3.65473e-06 0.000143691)
(7.40463e-06 -1.69141e-07 5.1484e-06 1.47655e-05 1.43243e-06 0.000359477)
(1.0261e-05 4.05083e-07 -5.22332e-06 1.47318e-05 2.9593e-06 0.000179493)
(6.17544e-06 9.32704e-08 2.76185e-06 1.43344e-05 1.51229e-06 0.000307339)
(1.2963e-05 -1.18136e-06 -8.47738e-06 1.4427e-05 3.36907e-06 0.000147364)
(7.43248e-06 -2.03224e-07 4.97495e-06 1.51984e-05 8.083e-07 0.000358872)
(1.02226e-05 4.05913e-07 -5.02638e-06 1.51727e-05 2.74469e-06 0.000180265)
(6.20774e-06 8.77518e-08 2.67159e-06 1.47987e-05 1.08342e-06 0.000308928)
(1.30822e-05 -1.20884e-06 -8.43299e-06 1.48668e-05 3.09783e-06 0.000150864)
(7.43276e-06 -2.50166e-07 4.7047e-06 1.56375e-05 2.07488e-07 0.000359431)
(1.02485e-05 4.18615e-07 -5.16487e-06 1.55621e-05 2.51602e-06 0.000182875)
(6.2664e-06 1.05317e-07 2.59669e-06 1.52868e-05 5.60818e-07 0.000311683)
(1.31809e-05 -1.23369e-06 -8.3575e-06 1.52728e-05 2.82406e-06 0.000154846)
(7.44816e-06 -3.19127e-07 4.44681e-06 1.61178e-05 -3.81979e-07 0.000361738)
(1.03086e-05 4.79747e-07 -5.21117e-06 1.60239e-05 2.27217e-06 0.000186191)
(6.33798e-06 1.35492e-07 2.47065e-06 1.57891e-05 3.14279e-08 0.000314682)
(1.32437e-05 -1.25187e-06 -8.24329e-06 1.56508e-05 2.5131e-06 0.000159143)
(7.49242e-06 -3.9e-07 4.17567e-06 1.66207e-05 -9.25159e-07 0.000364719)
(1.03346e-05 5.55048e-07 -4.98539e-06 1.65321e-05 2.0382e-06 0.000189785)
(6.38707e-06 1.5156e-07 2.34219e-06 1.62956e-05 -4.06424e-07 0.000317612)
(1.32874e-05 -1.2614e-06 -8.08674e-06 1.60377e-05 2.13763e-06 0.000163423)
(7.53818e-06 -4.39359e-07 3.90925e-06 1.70641e-05 -1.38871e-06 0.000368112)
(1.03737e-05 6.12619e-07 -4.69954e-06 1.69804e-05 1.73447e-06 0.000193291)
(6.42416e-06 1.57256e-07 2.29142e-06 1.68296e-05 -7.87461e-07 0.000320145)
(1.3333e-05 -1.26523e-06 -7.91955e-06 1.64189e-05 1.7304e-06 0.000168177)
(7.55049e-06 -4.67977e-07 3.7155e-06 1.74451e-05 -1.87632e-06 0.00037237)
(1.04185e-05 6.51588e-07 -4.48506e-06 1.74065e-05 1.32146e-06 0.000197164)
(6.4508e-06 1.69966e-07 2.2293e-06 1.72954e-05 -1.15067e-06 0.000322568)
(1.33791e-05 -1.26241e-06 -7.76323e-06 1.68159e-05 1.27523e-06 0.000173145)
(7.51291e-06 -5.04906e-07 3.65926e-06 1.79071e-05 -2.68876e-06 0.000378448)
(1.0464e-05 6.65028e-07 -4.41623e-06 1.78334e-05 9.01983e-07 0.000201453)
(6.48001e-06 2.03013e-07 2.17031e-06 1.77281e-05 -1.4627e-06 0.00032434)
(1.34334e-05 -1.26813e-06 -7.64507e-06 1.71879e-05 7.91791e-07 0.000177854)
(7.47166e-06 -5.31671e-07 3.56672e-06 1.84848e-05 -3.60928e-06 0.000386391)
(1.05389e-05 6.66536e-07 -4.45023e-06 1.82538e-05 3.9956e-07 0.000205083)
(6.50746e-06 2.36827e-07 2.19156e-06 1.82007e-05 -1.73903e-06 0.000324675)
(1.34277e-05 -1.26585e-06 -7.3984e-06 1.75396e-05 2.07928e-07 0.000181529)
(7.44197e-06 -5.58635e-07 3.35941e-06 1.90037e-05 -4.20918e-06 0.000392507)
(1.06659e-05 6.24099e-07 -4.50837e-06 1.85224e-05 -3.20801e-07 0.000207763)
(6.52217e-06 2.80355e-07 2.22082e-06 1.86152e-05 -2.00802e-06 0.000322983)
(1.32208e-05 -1.20444e-06 -6.71684e-06 1.77822e-05 -6.10524e-07 0.000183339)
(7.41217e-06 -6.06102e-07 3.22187e-06 1.93448e-05 -4.61382e-06 0.000395515)
(1.08726e-05 5.66617e-07 -4.32802e-06 1.83816e-05 -1.09788e-06 0.000211224)
(6.52333e-06 3.34873e-07 2.1945e-06 1.89028e-05 -2.33816e-06 0.000318422)
(1.28365e-05 -1.0687e-06 -5.75115e-06 1.77019e-05 -1.46764e-06 0.000183913)
(7.35193e-06 -6.86924e-07 3.25355e-06 1.95245e-05 -5.06616e-06 0.000395342)
)
;
    }
    procBoundary2to0throughleftSides_periodic1
    {
        type            processorCyclic;
        value           nonuniform List<symmTensor> 
314
(
(2.74427e-06 4.66009e-08 -1.25838e-07 1.86915e-07 -8.43773e-07 6.64247e-06)
(1.05496e-05 -5.06091e-08 -8.28474e-07 6.31749e-08 -7.74268e-08 1.31535e-05)
(1.31633e-05 2.59037e-07 -1.11306e-06 2.41774e-07 1.98651e-07 2.12853e-05)
(1.61122e-05 7.05923e-08 -1.32972e-06 1.33266e-07 2.44457e-07 4.08443e-05)
(2.07646e-05 2.68882e-07 -1.74982e-06 2.77942e-07 8.88881e-07 6.29727e-05)
(2.58099e-05 2.95965e-07 -2.2172e-06 3.82965e-07 1.10053e-06 8.60943e-05)
(3.07168e-05 3.77428e-07 -2.63661e-06 5.36233e-07 1.45032e-06 0.000110109)
(3.51947e-05 4.56965e-07 -2.97137e-06 7.22272e-07 1.84678e-06 0.000134672)
(3.90678e-05 5.3906e-07 -3.218e-06 9.32591e-07 2.31177e-06 0.000159224)
(4.22409e-05 6.1897e-07 -3.38496e-06 1.17131e-06 2.85823e-06 0.000183209)
(4.46891e-05 6.96501e-07 -3.48074e-06 1.43617e-06 3.49237e-06 0.000206214)
(4.64519e-05 7.70582e-07 -3.51429e-06 1.72256e-06 4.19869e-06 0.000227944)
(4.76184e-05 8.39832e-07 -3.49895e-06 2.02533e-06 4.94756e-06 0.000248123)
(4.83004e-05 9.02477e-07 -3.44999e-06 2.34149e-06 5.71483e-06 0.000266556)
(4.86073e-05 9.57869e-07 -3.376e-06 2.67065e-06 6.49652e-06 0.000283248)
(4.86311e-05 1.00682e-06 -3.27639e-06 3.01279e-06 7.29956e-06 0.000298344)
(4.84441e-05 1.05062e-06 -3.14885e-06 3.36719e-06 8.12356e-06 0.000312005)
(4.81036e-05 1.08967e-06 -2.99607e-06 3.73314e-06 8.95811e-06 0.000324342)
(4.76542e-05 1.12379e-06 -2.82454e-06 4.10942e-06 9.79954e-06 0.000335414)
(4.71298e-05 1.15281e-06 -2.6431e-06 4.49184e-06 1.06377e-05 0.000345189)
(4.65538e-05 1.17716e-06 -2.46283e-06 4.87721e-06 1.1447e-05 0.000353518)
(4.59414e-05 1.19826e-06 -2.29174e-06 5.27119e-06 1.22319e-05 0.000360323)
(4.53011e-05 1.21692e-06 -2.13194e-06 5.68113e-06 1.30074e-05 0.000365895)
(4.4637e-05 1.23238e-06 -1.98155e-06 6.09983e-06 1.37761e-05 0.00037071)
(4.39504e-05 1.24476e-06 -1.8362e-06 6.51664e-06 1.45246e-05 0.000374955)
(4.32421e-05 1.25595e-06 -1.69234e-06 6.93736e-06 1.52621e-05 0.000378656)
(4.25133e-05 1.26693e-06 -1.55675e-06 7.37142e-06 1.59816e-05 0.000381686)
(4.1766e-05 1.27599e-06 -1.45118e-06 7.81929e-06 1.66489e-05 0.000383791)
(4.10034e-05 1.28572e-06 -1.375e-06 8.27349e-06 1.72703e-05 0.000385064)
(4.02312e-05 1.29476e-06 -1.30955e-06 8.73862e-06 1.78921e-05 0.000385882)
(3.94562e-05 1.30413e-06 -1.23159e-06 9.21981e-06 1.8518e-05 0.000386454)
(3.86868e-05 1.31316e-06 -1.15312e-06 9.70435e-06 1.90475e-05 0.000386415)
(3.79314e-05 1.33576e-06 -1.11698e-06 1.02271e-05 1.95668e-05 0.000385736)
(3.71823e-05 1.36081e-06 -1.20162e-06 1.07948e-05 2.01486e-05 0.000384434)
(3.64249e-05 1.35778e-06 -1.50514e-06 1.1318e-05 2.0632e-05 0.000381604)
(3.56357e-05 1.32091e-06 -1.9466e-06 1.1778e-05 2.07701e-05 0.000375971)
(3.4823e-05 1.26107e-06 -2.18405e-06 1.23103e-05 2.08383e-05 0.000368883)
(3.39526e-05 1.25317e-06 -1.99021e-06 1.29813e-05 2.11895e-05 0.000363011)
(3.29401e-05 1.29591e-06 -1.55184e-06 1.36409e-05 2.16053e-05 0.000359043)
(3.18723e-05 1.35056e-06 -1.32959e-06 1.42139e-05 2.18622e-05 0.000355012)
(3.09189e-05 1.34521e-06 -1.61238e-06 1.48093e-05 2.18931e-05 0.000349278)
(3.01993e-05 1.35309e-06 -1.70365e-06 1.55583e-05 2.19547e-05 0.000342651)
(2.95814e-05 1.39377e-06 -1.50852e-06 1.6381e-05 2.21178e-05 0.000336855)
(2.9009e-05 1.453e-06 -1.37937e-06 1.70414e-05 2.24694e-05 0.000335058)
(2.84256e-05 1.49181e-06 -1.65684e-06 1.75861e-05 2.27212e-05 0.000332664)
(2.77722e-05 1.41445e-06 -2.33472e-06 1.82518e-05 2.27845e-05 0.000326454)
(2.71416e-05 1.39509e-06 -2.64728e-06 1.91719e-05 2.26152e-05 0.000316318)
(2.65783e-05 1.39409e-06 -2.62821e-06 2.0213e-05 2.29539e-05 0.000308156)
(2.61584e-05 1.47553e-06 -2.51756e-06 2.11119e-05 2.3495e-05 0.000304329)
(2.57646e-05 1.51977e-06 -2.65235e-06 2.18503e-05 2.36063e-05 0.000300921)
(2.54719e-05 1.4597e-06 -2.93391e-06 2.24619e-05 2.29502e-05 0.000294992)
(2.52253e-05 1.33316e-06 -3.31918e-06 2.31578e-05 2.21411e-05 0.000286004)
(2.50762e-05 1.23983e-06 -3.49259e-06 2.40763e-05 2.18885e-05 0.000276112)
(2.51038e-05 1.18961e-06 -3.44663e-06 2.51777e-05 2.2537e-05 0.00027018)
(2.51084e-05 1.15543e-06 -2.98019e-06 2.61646e-05 2.26679e-05 0.000264014)
(2.49311e-05 1.17977e-06 -2.48121e-06 2.69722e-05 2.18926e-05 0.00025624)
(2.46039e-05 1.18055e-06 -2.87318e-06 2.77998e-05 2.12782e-05 0.000249514)
(2.41912e-05 1.15766e-06 -3.76444e-06 2.86269e-05 2.09939e-05 0.000243102)
(2.38243e-05 1.16141e-06 -4.48237e-06 2.94777e-05 2.04579e-05 0.000235323)
(2.35359e-05 1.24461e-06 -4.81024e-06 3.05821e-05 2.00372e-05 0.00022976)
(2.32288e-05 1.34283e-06 -4.87538e-06 3.17408e-05 1.96355e-05 0.000225571)
(2.28749e-05 1.43994e-06 -5.12464e-06 3.27499e-05 1.91765e-05 0.000222483)
(2.24769e-05 1.49192e-06 -5.58271e-06 3.35098e-05 1.82097e-05 0.000218982)
(2.20519e-05 1.47246e-06 -5.78554e-06 3.40164e-05 1.66542e-05 0.000215085)
(2.16248e-05 1.44817e-06 -5.80355e-06 3.47406e-05 1.52764e-05 0.000213696)
(2.11524e-05 1.43256e-06 -5.75938e-06 3.59692e-05 1.46575e-05 0.000215916)
(2.06293e-05 1.38849e-06 -5.65614e-06 3.72012e-05 1.41412e-05 0.000217761)
(2.00899e-05 1.28827e-06 -5.50957e-06 3.80278e-05 1.31332e-05 0.000217589)
(1.96032e-05 1.21111e-06 -4.95675e-06 3.85691e-05 1.17423e-05 0.000217521)
(1.91788e-05 1.23859e-06 -4.28339e-06 3.92779e-05 1.06327e-05 0.000219515)
(1.87308e-05 1.29366e-06 -4.00149e-06 4.02172e-05 9.85491e-06 0.000222215)
(1.82282e-05 1.29489e-06 -4.23418e-06 4.10881e-05 9.05305e-06 0.000225557)
(1.76887e-05 1.24881e-06 -4.57471e-06 4.18056e-05 8.07615e-06 0.000229821)
(1.71374e-05 1.23483e-06 -4.55826e-06 4.24813e-05 6.79687e-06 0.000235278)
(1.65815e-05 1.25918e-06 -4.31622e-06 4.29552e-05 5.33243e-06 0.000241741)
(1.60383e-05 1.23532e-06 -4.35882e-06 4.34262e-05 3.75605e-06 0.000248195)
(1.55562e-05 1.15221e-06 -4.64264e-06 4.39951e-05 2.03723e-06 0.000254658)
(1.51578e-05 1.06672e-06 -4.8176e-06 4.43243e-05 5.33104e-08 0.00026108)
(1.48033e-05 1.04685e-06 -4.75816e-06 4.41178e-05 -1.78459e-06 0.00026689)
(3.43165e-06 2.49501e-08 1.70234e-06 1.89354e-09 4.02247e-08 5.8083e-06)
(1.09797e-05 9.26382e-08 1.29099e-06 1.51947e-08 8.14099e-08 1.50352e-05)
(1.08937e-05 7.07085e-08 -9.6544e-07 4.74364e-08 -1.01536e-07 3.07427e-05)
(1.11713e-05 -3.72153e-09 -9.6321e-07 1.19512e-07 -4.3431e-07 5.78712e-05)
(1.31806e-05 -7.18713e-08 -9.21054e-07 2.02349e-07 -6.87966e-07 8.84523e-05)
(1.55093e-05 -1.32927e-07 -1.17909e-06 3.12774e-07 -8.9971e-07 0.000121041)
(1.77554e-05 -1.95724e-07 -1.5349e-06 4.47971e-07 -1.0743e-06 0.00015521)
(1.97652e-05 -2.68483e-07 -1.80937e-06 6.0719e-07 -1.22553e-06 0.000190262)
(2.14805e-05 -3.58749e-07 -1.87827e-06 7.91871e-07 -1.37199e-06 0.000225278)
(2.29021e-05 -4.71457e-07 -1.66717e-06 1.00239e-06 -1.52744e-06 0.000259375)
(2.40696e-05 -6.07341e-07 -1.15638e-06 1.23798e-06 -1.69962e-06 0.000291912)
(2.50374e-05 -7.63195e-07 -3.85344e-07 1.49614e-06 -1.8843e-06 0.000322521)
(2.5854e-05 -9.33759e-07 5.64134e-07 1.77356e-06 -2.06789e-06 0.000350996)
(2.65488e-05 -1.11393e-06 1.61321e-06 2.06783e-06 -2.24087e-06 0.000377236)
(2.71332e-05 -1.30021e-06 2.71841e-06 2.37797e-06 -2.40437e-06 0.000401259)
(2.76122e-05 -1.49072e-06 3.8635e-06 2.7036e-06 -2.56504e-06 0.000423177)
(2.79916e-05 -1.68463e-06 5.03883e-06 3.04437e-06 -2.72686e-06 0.000443103)
(2.82787e-05 -1.88081e-06 6.22587e-06 3.39976e-06 -2.8892e-06 0.000461102)
(2.84809e-05 -2.07744e-06 7.39606e-06 3.76904e-06 -3.04917e-06 0.000477192)
(2.86048e-05 -2.27234e-06 8.52077e-06 4.15139e-06 -3.20256e-06 0.000491384)
(2.86565e-05 -2.46321e-06 9.57867e-06 4.54603e-06 -3.34496e-06 0.000503724)
(2.86426e-05 -2.64832e-06 1.05586e-05 4.95246e-06 -3.4748e-06 0.000514311)
(2.85701e-05 -2.82688e-06 1.14565e-05 5.37086e-06 -3.5934e-06 0.000523273)
(2.84458e-05 -2.99908e-06 1.22723e-05 5.80209e-06 -3.70183e-06 0.000530735)
(2.82759e-05 -3.16379e-06 1.30089e-05 6.24714e-06 -3.79505e-06 0.000536803)
(2.8065e-05 -3.31967e-06 1.36721e-05 6.70597e-06 -3.8615e-06 0.00054159)
(2.78166e-05 -3.46589e-06 1.42718e-05 7.17696e-06 -3.90335e-06 0.000545243)
(2.75309e-05 -3.60306e-06 1.48002e-05 7.66052e-06 -3.9362e-06 0.000547934)
(2.72067e-05 -3.72836e-06 1.52275e-05 8.16031e-06 -3.95443e-06 0.000549716)
(2.68436e-05 -3.84381e-06 1.553e-05 8.67448e-06 -3.94612e-06 0.000550406)
(2.64411e-05 -3.97295e-06 1.57339e-05 9.19733e-06 -3.96124e-06 0.000549945)
(2.60026e-05 -4.11611e-06 1.58834e-05 9.75136e-06 -4.01068e-06 0.000548547)
(2.55375e-05 -4.23683e-06 1.59496e-05 1.03513e-05 -4.03988e-06 0.000546035)
(2.50723e-05 -4.30211e-06 1.59538e-05 1.09197e-05 -3.93177e-06 0.000542708)
(2.46378e-05 -4.33071e-06 1.60206e-05 1.14514e-05 -3.67649e-06 0.000539627)
(2.42547e-05 -4.37872e-06 1.62722e-05 1.2036e-05 -3.55319e-06 0.000536981)
(2.39366e-05 -4.46849e-06 1.6741e-05 1.27281e-05 -3.57893e-06 0.000533924)
(2.35631e-05 -4.57309e-06 1.70681e-05 1.35083e-05 -3.70888e-06 0.000529011)
(2.30773e-05 -4.64047e-06 1.70813e-05 1.42588e-05 -3.69743e-06 0.000521731)
(2.25319e-05 -4.65702e-06 1.68817e-05 1.49358e-05 -3.47939e-06 0.000513038)
(2.20011e-05 -4.6322e-06 1.65697e-05 1.55772e-05 -3.23636e-06 0.000503113)
(2.15572e-05 -4.63836e-06 1.64479e-05 1.62543e-05 -3.10249e-06 0.000493302)
(2.12737e-05 -4.71114e-06 1.66096e-05 1.70252e-05 -2.96998e-06 0.000482782)
(2.10326e-05 -4.81936e-06 1.68837e-05 1.78959e-05 -2.93016e-06 0.000472506)
(2.05528e-05 -4.90155e-06 1.64257e-05 1.87337e-05 -2.7869e-06 0.000460646)
(1.97532e-05 -4.87215e-06 1.50248e-05 1.94902e-05 -2.63482e-06 0.000446572)
(1.91071e-05 -4.8826e-06 1.4303e-05 2.03513e-05 -2.65938e-06 0.000433803)
(1.88169e-05 -4.88203e-06 1.46195e-05 2.13656e-05 -2.88124e-06 0.000424106)
(1.86324e-05 -4.84531e-06 1.51697e-05 2.23354e-05 -3.02673e-06 0.000414977)
(1.83903e-05 -4.75529e-06 1.53539e-05 2.31529e-05 -2.83242e-06 0.000405025)
(1.81929e-05 -4.70324e-06 1.55669e-05 2.39215e-05 -2.62196e-06 0.000397316)
(1.80743e-05 -4.70875e-06 1.6221e-05 2.48169e-05 -2.55269e-06 0.000392317)
(1.7982e-05 -4.76232e-06 1.71692e-05 2.5833e-05 -2.77603e-06 0.000387985)
(1.77128e-05 -4.71092e-06 1.74482e-05 2.68064e-05 -2.62468e-06 0.000378289)
(1.74027e-05 -4.61724e-06 1.74996e-05 2.77285e-05 -2.43498e-06 0.000366943)
(1.72353e-05 -4.52951e-06 1.78369e-05 2.863e-05 -2.42746e-06 0.000357672)
(1.69889e-05 -4.50239e-06 1.78136e-05 2.96287e-05 -2.65216e-06 0.000349752)
(1.65362e-05 -4.49002e-06 1.70017e-05 3.06229e-05 -2.7411e-06 0.000338219)
(1.61559e-05 -4.43108e-06 1.65109e-05 3.15342e-05 -2.87382e-06 0.000325432)
(1.60103e-05 -4.26524e-06 1.66126e-05 3.2407e-05 -2.83998e-06 0.000314182)
(1.5951e-05 -4.09154e-06 1.69946e-05 3.31784e-05 -2.59841e-06 0.000304161)
(1.58873e-05 -4.00007e-06 1.73812e-05 3.40705e-05 -2.33813e-06 0.000294212)
(1.57438e-05 -3.95484e-06 1.75671e-05 3.51813e-05 -2.7595e-06 0.000289384)
(1.55405e-05 -3.90485e-06 1.75971e-05 3.62223e-05 -3.5674e-06 0.000287505)
(1.53451e-05 -3.80326e-06 1.76671e-05 3.69838e-05 -4.01619e-06 0.000285825)
(1.52564e-05 -3.61323e-06 1.79157e-05 3.75399e-05 -3.88818e-06 0.00028376)
(1.5154e-05 -3.42784e-06 1.78921e-05 3.82149e-05 -3.90338e-06 0.000280234)
(1.49642e-05 -3.33335e-06 1.75554e-05 3.9144e-05 -4.34435e-06 0.000275334)
(1.46673e-05 -3.23954e-06 1.70262e-05 4.00861e-05 -4.85816e-06 0.0002713)
(1.43559e-05 -3.15807e-06 1.64873e-05 4.07618e-05 -5.30845e-06 0.00026867)
(1.41884e-05 -2.99876e-06 1.63033e-05 4.10849e-05 -5.58189e-06 0.000270585)
(1.40935e-05 -2.78221e-06 1.64076e-05 4.14204e-05 -5.76277e-06 0.00027705)
(1.39461e-05 -2.58636e-06 1.62608e-05 4.19248e-05 -5.78562e-06 0.000283431)
(1.37913e-05 -2.49197e-06 1.60905e-05 4.26078e-05 -6.35326e-06 0.000289932)
(1.36994e-05 -2.42129e-06 1.59314e-05 4.32739e-05 -6.9804e-06 0.000298354)
(1.36779e-05 -2.3117e-06 1.57198e-05 4.36042e-05 -7.20431e-06 0.000305577)
(1.35991e-05 -2.09786e-06 1.526e-05 4.38753e-05 -7.12519e-06 0.00030977)
(1.33429e-05 -1.74678e-06 1.44053e-05 4.36999e-05 -6.75256e-06 0.000309612)
(1.30793e-05 -1.48057e-06 1.35898e-05 4.26714e-05 -6.74965e-06 0.000305447)
(2.7268e-06 -5.7395e-09 1.47712e-07 1.77767e-09 -4.72941e-08 6.43475e-06)
(1.04329e-05 -3.09455e-08 9.45987e-07 1.42706e-08 -1.27133e-07 1.25462e-05)
(1.29554e-05 -6.45953e-08 1.31295e-06 4.45721e-08 2.85351e-08 2.12614e-05)
(1.58392e-05 -1.00088e-07 1.62374e-06 1.11796e-07 3.37817e-07 4.13441e-05)
(2.04168e-05 -1.31261e-07 2.16611e-06 1.89216e-07 6.22942e-07 6.34383e-05)
(2.5385e-05 -1.63612e-07 2.77023e-06 2.9225e-07 9.11096e-07 8.60725e-05)
(3.02172e-05 -1.95162e-07 3.32583e-06 4.18185e-07 1.22173e-06 0.000109268)
(3.46256e-05 -2.25171e-07 3.77698e-06 5.6627e-07 1.57477e-06 0.000132806)
(3.84351e-05 -2.5353e-07 4.09988e-06 7.37785e-07 1.98815e-06 0.000156256)
(4.15513e-05 -2.80051e-07 4.28776e-06 9.33108e-07 2.47373e-06 0.00017919)
(4.39516e-05 -3.04542e-07 4.34121e-06 1.15131e-06 3.03329e-06 0.000201292)
(4.56791e-05 -3.27033e-07 4.26444e-06 1.38924e-06 3.65175e-06 0.000222288)
(4.68263e-05 -3.47677e-07 4.06809e-06 1.64356e-06 4.30602e-06 0.000241894)
(4.75091e-05 -3.66482e-07 3.76987e-06 1.91292e-06 4.9838e-06 0.000259981)
(4.78414e-05 -3.83478e-07 3.39081e-06 2.19754e-06 5.6865e-06 0.000276656)
(4.79155e-05 -3.98592e-07 2.95505e-06 2.49729e-06 6.4155e-06 0.000292076)
(4.77994e-05 -4.11701e-07 2.48742e-06 2.81061e-06 7.16536e-06 0.000306295)
(4.75446e-05 -4.22844e-07 2.01067e-06 3.13585e-06 7.92606e-06 0.000319255)
(4.71897e-05 -4.32379e-07 1.5446e-06 3.47269e-06 8.68865e-06 0.00033084)
(4.67615e-05 -4.40923e-07 1.1031e-06 3.82241e-06 9.45324e-06 0.000340981)
(4.62767e-05 -4.49014e-07 6.93151e-07 4.18575e-06 1.02269e-05 0.000349774)
(4.57426e-05 -4.56455e-07 3.17348e-07 4.56112e-06 1.10098e-05 0.000357454)
(4.51604e-05 -4.62958e-07 -2.44901e-08 4.94679e-06 1.1786e-05 0.0003642)
(4.45298e-05 -4.68519e-07 -3.35068e-07 5.34327e-06 1.2539e-05 0.000370046)
(4.38508e-05 -4.74937e-07 -6.17075e-07 5.75218e-06 1.32802e-05 0.000374964)
(4.31249e-05 -4.84899e-07 -8.73249e-07 6.17566e-06 1.40132e-05 0.000379043)
(4.23557e-05 -4.94589e-07 -1.10451e-06 6.61356e-06 1.47098e-05 0.00038226)
(4.15438e-05 -5.03514e-07 -1.31335e-06 7.05739e-06 1.53546e-05 0.000384342)
(4.06876e-05 -5.15353e-07 -1.51723e-06 7.50704e-06 1.59505e-05 0.000385678)
(3.97922e-05 -5.29357e-07 -1.72798e-06 7.97834e-06 1.65584e-05 0.000386825)
(3.88708e-05 -5.39828e-07 -1.92664e-06 8.47345e-06 1.7214e-05 0.000387823)
(3.79374e-05 -5.48649e-07 -2.08073e-06 8.99024e-06 1.7875e-05 0.00038851)
(3.69881e-05 -5.68533e-07 -2.19797e-06 9.52393e-06 1.84747e-05 0.000388563)
(3.60193e-05 -5.88479e-07 -2.33087e-06 1.00736e-05 1.89108e-05 0.000387472)
(3.50347e-05 -5.98278e-07 -2.42287e-06 1.0655e-05 1.93314e-05 0.000386123)
(3.40468e-05 -5.91329e-07 -2.36418e-06 1.12624e-05 1.98243e-05 0.000385307)
(3.30144e-05 -5.80277e-07 -2.27226e-06 1.18429e-05 2.02202e-05 0.000382946)
(3.18213e-05 -5.90159e-07 -2.36328e-06 1.23881e-05 2.03677e-05 0.000378367)
(3.04555e-05 -6.3936e-07 -2.89733e-06 1.30008e-05 2.04517e-05 0.000371961)
(2.91227e-05 -7.29434e-07 -3.94341e-06 1.3729e-05 2.0769e-05 0.000366381)
(2.81022e-05 -7.70116e-07 -4.4025e-06 1.44854e-05 2.13036e-05 0.000363101)
(2.72304e-05 -8.05718e-07 -4.09085e-06 1.5179e-05 2.18818e-05 0.000360781)
(2.6326e-05 -8.41309e-07 -3.72736e-06 1.5832e-05 2.22243e-05 0.000356838)
(2.53065e-05 -8.87966e-07 -3.4831e-06 1.65688e-05 2.24479e-05 0.000350125)
(2.43202e-05 -9.24051e-07 -3.42677e-06 1.74533e-05 2.25343e-05 0.000340398)
(2.3388e-05 -8.82638e-07 -2.97683e-06 1.83601e-05 2.24904e-05 0.000327758)
(2.25673e-05 -8.55817e-07 -2.56436e-06 1.91162e-05 2.23209e-05 0.000315661)
(2.18889e-05 -8.32169e-07 -2.71382e-06 1.98081e-05 2.21065e-05 0.000306392)
(2.13097e-05 -7.70248e-07 -3.041e-06 2.07235e-05 2.22863e-05 0.000302404)
(2.07282e-05 -6.87322e-07 -3.35928e-06 2.16888e-05 2.22841e-05 0.000298615)
(2.00181e-05 -6.35141e-07 -3.59575e-06 2.2371e-05 2.17765e-05 0.000289851)
(1.94226e-05 -6.95298e-07 -3.52969e-06 2.31427e-05 2.12943e-05 0.000278742)
(1.90935e-05 -8.15531e-07 -3.329e-06 2.4253e-05 2.13545e-05 0.000269615)
(1.88365e-05 -8.72383e-07 -2.65879e-06 2.52811e-05 2.15182e-05 0.000262317)
(1.84959e-05 -8.58469e-07 -1.57543e-06 2.60889e-05 2.13333e-05 0.000254338)
(1.80741e-05 -8.48369e-07 -5.68683e-07 2.70011e-05 2.10647e-05 0.000246316)
(1.76055e-05 -8.53242e-07 2.82472e-07 2.80104e-05 2.08129e-05 0.000238781)
(1.72232e-05 -8.66734e-07 7.19314e-07 2.89537e-05 2.05509e-05 0.000232628)
(1.70188e-05 -9.34585e-07 8.48022e-07 2.98603e-05 2.00258e-05 0.000225428)
(1.6915e-05 -9.63729e-07 1.17879e-06 3.07725e-05 1.92661e-05 0.000217236)
(1.67832e-05 -9.23389e-07 1.93758e-06 3.16599e-05 1.85574e-05 0.000211609)
(1.65456e-05 -8.56266e-07 2.90247e-06 3.26001e-05 1.7943e-05 0.000208036)
(1.63863e-05 -8.836e-07 3.18922e-06 3.35793e-05 1.72568e-05 0.000203807)
(1.63188e-05 -8.57471e-07 2.71035e-06 3.43768e-05 1.62877e-05 0.000198517)
(1.62376e-05 -7.78197e-07 2.68566e-06 3.51447e-05 1.55421e-05 0.000197093)
(1.61334e-05 -7.4059e-07 2.96694e-06 3.61455e-05 1.49882e-05 0.000198115)
(1.60018e-05 -7.44142e-07 3.32377e-06 3.71631e-05 1.42008e-05 0.000198105)
(1.58746e-05 -7.05328e-07 3.54435e-06 3.78929e-05 1.31563e-05 0.00019799)
(1.57188e-05 -6.42832e-07 3.80657e-06 3.85397e-05 1.19544e-05 0.000197901)
(1.5489e-05 -6.31384e-07 3.91353e-06 3.92526e-05 1.06834e-05 0.000198157)
(1.52417e-05 -5.77205e-07 4.05969e-06 3.98889e-05 9.45479e-06 0.000199649)
(1.50171e-05 -5.16671e-07 4.13793e-06 4.05222e-05 8.26922e-06 0.000203135)
(1.48387e-05 -5.12699e-07 4.02871e-06 4.12342e-05 7.05523e-06 0.000208396)
(1.47e-05 -4.85494e-07 3.77847e-06 4.17637e-05 5.66127e-06 0.000213943)
(1.45478e-05 -4.35759e-07 3.5097e-06 4.22317e-05 4.18378e-06 0.000221741)
(1.43802e-05 -4.52616e-07 3.29596e-06 4.27609e-05 2.60664e-06 0.000230282)
(1.42548e-05 -4.13587e-07 3.17906e-06 4.31256e-05 5.58597e-07 0.000238196)
(1.41782e-05 -3.06557e-07 3.00939e-06 4.3164e-05 -1.84035e-06 0.000245511)
(3.44038e-06 -2.41054e-08 -1.84788e-06 1.98462e-09 4.18318e-08 6.01511e-06)
(1.10559e-05 -9.3018e-08 -2.09133e-06 1.56156e-08 9.2765e-08 1.58099e-05)
(1.10816e-05 -8.04967e-08 -7.62669e-07 4.92712e-08 -7.6623e-08 3.22025e-05)
(1.14859e-05 -2.20943e-08 -1.94381e-06 1.24601e-07 -3.96659e-07 5.95082e-05)
(1.36306e-05 2.60898e-08 -3.32139e-06 2.11647e-07 -6.36248e-07 8.92664e-05)
(1.6083e-05 6.40218e-08 -4.44566e-06 3.27954e-07 -8.35323e-07 0.000119979)
(1.84246e-05 1.01274e-07 -5.43043e-06 4.7074e-07 -1.00149e-06 0.000151279)
(2.04906e-05 1.47231e-07 -6.37398e-06 6.39296e-07 -1.15191e-06 0.000182644)
(2.22146e-05 2.10638e-07 -7.33217e-06 8.35105e-07 -1.30945e-06 0.000213416)
(2.35916e-05 2.97681e-07 -8.33606e-06 1.05849e-06 -1.49152e-06 0.00024297)
(2.46612e-05 4.10898e-07 -9.39383e-06 1.30886e-06 -1.70783e-06 0.000270866)
(2.54874e-05 5.48813e-07 -1.04806e-05 1.58416e-06 -1.95709e-06 0.000296829)
(2.61327e-05 7.0654e-07 -1.15403e-05 1.88104e-06 -2.22708e-06 0.000320664)
(2.66425e-05 8.78181e-07 -1.25145e-05 2.19646e-06 -2.50432e-06 0.000342248)
(2.70442e-05 1.05967e-06 -1.33809e-05 2.52891e-06 -2.78392e-06 0.000361602)
(2.73539e-05 1.24952e-06 -1.41572e-05 2.87819e-06 -3.06894e-06 0.000378853)
(2.75835e-05 1.44703e-06 -1.4868e-05 3.24427e-06 -3.36302e-06 0.000394135)
(2.77425e-05 1.6505e-06 -1.55219e-05 3.62642e-06 -3.66566e-06 0.000407544)
(2.7838e-05 1.85751e-06 -1.61174e-05 4.02368e-06 -3.97302e-06 0.000419156)
(2.78764e-05 2.06566e-06 -1.66505e-05 4.43526e-06 -4.28098e-06 0.000429032)
(2.78632e-05 2.27233e-06 -1.71187e-05 4.8607e-06 -4.58551e-06 0.000437243)
(2.78023e-05 2.47701e-06 -1.75161e-05 5.30002e-06 -4.88756e-06 0.000443889)
(2.76937e-05 2.68053e-06 -1.78299e-05 5.75387e-06 -5.18509e-06 0.000449084)
(2.75331e-05 2.87828e-06 -1.80567e-05 6.22331e-06 -5.46935e-06 0.000452983)
(2.73198e-05 3.06266e-06 -1.82224e-05 6.70522e-06 -5.73288e-06 0.000455808)
(2.70666e-05 3.23123e-06 -1.83787e-05 7.19425e-06 -5.96823e-06 0.000457738)
(2.67973e-05 3.39926e-06 -1.85731e-05 7.69521e-06 -6.18604e-06 0.000458829)
(2.65218e-05 3.58231e-06 -1.87874e-05 8.21833e-06 -6.40503e-06 0.000459118)
(2.62146e-05 3.7695e-06 -1.89221e-05 8.76764e-06 -6.62994e-06 0.000458753)
(2.58568e-05 3.94034e-06 -1.89067e-05 9.34129e-06 -6.88931e-06 0.000457883)
(2.54343e-05 4.09364e-06 -1.87089e-05 9.92611e-06 -7.17215e-06 0.000456081)
(2.49361e-05 4.2558e-06 -1.83731e-05 1.05329e-05 -7.32934e-06 0.000452823)
(2.43589e-05 4.40545e-06 -1.80346e-05 1.11702e-05 -7.33504e-06 0.000448623)
(2.37479e-05 4.46653e-06 -1.7855e-05 1.17547e-05 -7.27066e-06 0.00044496)
(2.31364e-05 4.44695e-06 -1.76033e-05 1.23236e-05 -7.23553e-06 0.000441826)
(2.25529e-05 4.47478e-06 -1.72993e-05 1.29731e-05 -7.43432e-06 0.000438357)
(2.20453e-05 4.64003e-06 -1.70728e-05 1.37377e-05 -7.74148e-06 0.000432364)
(2.15653e-05 4.874e-06 -1.69233e-05 1.45818e-05 -8.18873e-06 0.000425625)
(2.10811e-05 5.03612e-06 -1.69203e-05 1.53769e-05 -8.56859e-06 0.000420243)
(2.05514e-05 5.10424e-06 -1.65968e-05 1.61337e-05 -8.63485e-06 0.000412385)
(1.99481e-05 5.1407e-06 -1.58206e-05 1.68639e-05 -8.5625e-06 0.000400601)
(1.93529e-05 5.23487e-06 -1.50309e-05 1.76225e-05 -8.60542e-06 0.000388707)
(1.87659e-05 5.33061e-06 -1.42979e-05 1.84067e-05 -8.70363e-06 0.000378892)
(1.81595e-05 5.3975e-06 -1.34532e-05 1.92486e-05 -8.84063e-06 0.000368942)
(1.74771e-05 5.40977e-06 -1.27242e-05 2.01958e-05 -9.09472e-06 0.000359735)
(1.68497e-05 5.44767e-06 -1.27461e-05 2.11974e-05 -9.42755e-06 0.000352939)
(1.6388e-05 5.6115e-06 -1.33311e-05 2.22816e-05 -9.67349e-06 0.000346075)
(1.6022e-05 5.70461e-06 -1.32918e-05 2.32178e-05 -9.85732e-06 0.000336205)
(1.56163e-05 5.69182e-06 -1.24327e-05 2.40608e-05 -9.93725e-06 0.000323025)
(1.51383e-05 5.59794e-06 -1.12093e-05 2.49253e-05 -9.79373e-06 0.00031007)
(1.46212e-05 5.5405e-06 -1.00195e-05 2.57723e-05 -9.5342e-06 0.000299112)
(1.41972e-05 5.59228e-06 -9.34939e-06 2.6743e-05 -9.62063e-06 0.000289455)
(1.39234e-05 5.74601e-06 -9.21875e-06 2.79108e-05 -1.01324e-05 0.000281138)
(1.37025e-05 5.82065e-06 -9.16525e-06 2.90889e-05 -1.06611e-05 0.000273824)
(1.34821e-05 5.76464e-06 -8.81846e-06 3.0038e-05 -1.08165e-05 0.000265689)
(1.3215e-05 5.66526e-06 -7.98903e-06 3.0874e-05 -1.06695e-05 0.000255819)
(1.29603e-05 5.63333e-06 -6.97409e-06 3.18478e-05 -1.06889e-05 0.000246031)
(1.28224e-05 5.71948e-06 -6.33057e-06 3.29827e-05 -1.1101e-05 0.000238819)
(1.26674e-05 5.75447e-06 -5.63264e-06 3.40063e-05 -1.14973e-05 0.000233533)
(1.24941e-05 5.7145e-06 -4.93139e-06 3.48428e-05 -1.16553e-05 0.000228985)
(1.23382e-05 5.63835e-06 -4.32512e-06 3.57395e-05 -1.16959e-05 0.000225149)
(1.23404e-05 5.61444e-06 -3.99118e-06 3.67476e-05 -1.17048e-05 0.000221336)
(1.24227e-05 5.5876e-06 -3.74021e-06 3.77842e-05 -1.16718e-05 0.000217027)
(1.24691e-05 5.4956e-06 -3.59563e-06 3.87482e-05 -1.17182e-05 0.000214702)
(1.26054e-05 5.4586e-06 -3.66714e-06 3.95818e-05 -1.19259e-05 0.000213696)
(1.28443e-05 5.48895e-06 -3.86313e-06 4.02979e-05 -1.22868e-05 0.000214162)
(1.30598e-05 5.47e-06 -3.93616e-06 4.10587e-05 -1.27482e-05 0.000215915)
(1.32731e-05 5.38847e-06 -4.10108e-06 4.19695e-05 -1.311e-05 0.00021923)
(1.35026e-05 5.28238e-06 -4.27065e-06 4.28181e-05 -1.31314e-05 0.000222259)
(1.37319e-05 5.11808e-06 -4.37698e-06 4.34005e-05 -1.29786e-05 0.000225287)
(1.39674e-05 4.93469e-06 -4.57428e-06 4.38199e-05 -1.28521e-05 0.000229482)
(1.41917e-05 4.80039e-06 -4.90981e-06 4.42671e-05 -1.28537e-05 0.000234634)
(1.44357e-05 4.71109e-06 -5.43709e-06 4.48208e-05 -1.30915e-05 0.000241156)
(1.47944e-05 4.62119e-06 -6.18754e-06 4.5442e-05 -1.3396e-05 0.000248406)
(1.51508e-05 4.51199e-06 -6.92303e-06 4.59155e-05 -1.3671e-05 0.000255448)
(1.54544e-05 4.31696e-06 -7.48965e-06 4.63353e-05 -1.35838e-05 0.000262967)
(1.57269e-05 3.96826e-06 -7.82694e-06 4.666e-05 -1.26387e-05 0.000270982)
(1.59897e-05 3.50961e-06 -8.05136e-06 4.58298e-05 -1.11324e-05 0.000277644)
)
;
    }
    procBoundary2to1throughleftSides_periodic1
    {
        type            processorCyclic;
        value           nonuniform List<symmTensor> 2((1.40181e-05 -2.81171e-07 2.8201e-06 4.2299e-05 -3.68077e-06 0.000251068) (1.62842e-05 3.22304e-06 -8.78214e-06 4.43848e-05 -1.07195e-05 0.000283669));
    }
    procBoundary2to1throughrightSides_periodic1
    {
        type            processorCyclic;
        value           nonuniform List<symmTensor> 2((1.44702e-05 1.09545e-06 -4.73915e-06 4.41805e-05 -2.57628e-06 0.000270335) (1.29281e-05 -1.49934e-06 1.2976e-05 4.25563e-05 -8.10235e-06 0.000302865));
    }
    procBoundary2to3
    {
        type            processor;
        value           nonuniform List<symmTensor> 
11
(
(1.62783e-05 1.32377e-06 -9.40103e-06 4.03828e-05 -6.76253e-06 0.000269265)
(1.28644e-05 1.1513e-07 8.10283e-06 4.2918e-05 -7.47068e-06 0.000323185)
(1.61516e-05 3.31409e-07 6.54247e-06 4.0934e-05 -3.40966e-06 0.000257127)
(1.65435e-05 2.26e-06 -5.06482e-06 4.46819e-05 -8.14871e-06 0.000333785)
(1.47388e-05 -7.81208e-07 -5.39411e-06 1.78361e-05 -2.12802e-06 0.00017267)
(6.61254e-06 -3.22878e-08 -1.73842e-06 1.75486e-05 -5.38823e-06 0.000387488)
(1.62783e-05 1.32377e-06 -9.40103e-06 4.03828e-05 -6.76253e-06 0.000269265)
(1.28644e-05 1.1513e-07 8.10283e-06 4.2918e-05 -7.47068e-06 0.000323185)
(1.24343e-05 1.40353e-06 -7.47785e-06 1.82557e-05 -4.00525e-06 0.000208176)
(1.47388e-05 -7.81208e-07 -5.39411e-06 1.78361e-05 -2.12802e-06 0.00017267)
(6.63829e-06 1.14353e-07 3.69882e-06 1.84236e-05 -2.40622e-06 0.000320452)
)
;
    }
    procBoundary2to3throughrightInOut_periodic1
    {
        type            processorCyclic;
        value           uniform (6.61254e-06 -3.22878e-08 -1.73842e-06 1.75486e-05 -5.38823e-06 0.000387488);
    }
}


// ************************************************************************* //
