-0.0075 	0 	0 	0
-0.0075 	-1.24337e-21 	-3.50363e-22 	1.39876e-18
-0.00745622 	8.02876e-06 	2.26238e-06 	-0.00903214
-0.00745622 	8.02876e-06 	2.26238e-06 	-0.00903214
-0.00741165 	1.58963e-05 	8.0541e-06 	-0.0182599
-0.00741165 	1.58963e-05 	8.0541e-06 	-0.0182599
-0.00736628 	2.34657e-05 	1.77278e-05 	-0.027669
-0.00736628 	2.34657e-05 	1.77278e-05 	-0.027669
-0.0073201 	3.06034e-05 	3.1213e-05 	-0.0372023
-0.0073201 	3.06034e-05 	3.1213e-05 	-0.0372023
-0.00727309 	3.72356e-05 	4.82974e-05 	-0.0468019
-0.00727309 	3.72356e-05 	4.82974e-05 	-0.0468019
-0.00722524 	4.33459e-05 	6.87829e-05 	-0.0564111
-0.00722524 	4.33459e-05 	6.87829e-05 	-0.0564111
-0.00717653 	4.89702e-05 	9.24723e-05 	-0.0659771
-0.00717653 	4.89702e-05 	9.24723e-05 	-0.0659771
-0.00712695 	5.41915e-05 	0.000119159 	-0.0754541
-0.00712695 	5.41915e-05 	0.000119159 	-0.0754541
-0.00707647 	5.91329e-05 	0.000148636 	-0.084805
-0.00707647 	5.91329e-05 	0.000148636 	-0.084805
-0.0070251 	6.39484e-05 	0.000180711 	-0.0940031
-0.0070251 	6.39484e-05 	0.000180711 	-0.0940031
-0.0069728 	6.88134e-05 	0.00021521 	-0.103032
-0.0069728 	6.88134e-05 	0.00021521 	-0.103032
-0.00691956 	7.39125e-05 	0.000251983 	-0.111883
-0.00691956 	7.39125e-05 	0.000251983 	-0.111883
-0.00686537 	7.9428e-05 	0.000290901 	-0.120556
-0.00686537 	7.9428e-05 	0.000290901 	-0.120556
-0.00681021 	8.55251e-05 	0.000331843 	-0.12905
-0.00681021 	8.55251e-05 	0.000331843 	-0.12905
-0.00675406 	9.23369e-05 	0.000374693 	-0.137365
-0.00675406 	9.23369e-05 	0.000374693 	-0.137365
-0.0066969 	9.9949e-05 	0.000419332 	-0.1455
-0.0066969 	9.9949e-05 	0.000419332 	-0.1455
-0.00663871 	0.000108382 	0.000465628 	-0.153453
-0.00663871 	0.000108382 	0.000465628 	-0.153453
-0.00657949 	0.000117573 	0.000513423 	-0.161214
-0.00657949 	0.000117573 	0.000513423 	-0.161214
-0.0065192 	0.000127366 	0.000562523 	-0.168775
-0.0065192 	0.000127366 	0.000562523 	-0.168775
-0.00645783 	0.000137495 	0.000612692 	-0.176119
-0.00645783 	0.000137495 	0.000612692 	-0.176119
-0.00639535 	0.000147588 	0.000663647 	-0.183228
-0.00639535 	0.000147588 	0.000663647 	-0.183228
-0.00633176 	0.000157173 	0.000715058 	-0.190084
-0.00633176 	0.000157173 	0.000715058 	-0.190084
-0.00626703 	0.000165698 	0.000766546 	-0.196663
-0.00626703 	0.000165698 	0.000766546 	-0.196663
-0.00620114 	0.00017256 	0.000817692 	-0.202944
-0.00620114 	0.00017256 	0.000817692 	-0.202944
-0.00613406 	0.000177149 	0.000868043 	-0.208904
-0.00613406 	0.000177149 	0.000868043 	-0.208904
-0.00606579 	0.000178889 	0.000917122 	-0.214525
-0.00606579 	0.000178889 	0.000917122 	-0.214525
-0.00599629 	0.000177291 	0.000964436 	-0.219788
-0.00599629 	0.000177291 	0.000964436 	-0.219788
-0.00592554 	0.000171996 	0.00100949 	-0.224678
-0.00592554 	0.000171996 	0.00100949 	-0.224678
-0.00585352 	0.000162811 	0.0010518 	-0.229185
-0.00585352 	0.000162811 	0.0010518 	-0.229185
-0.00578022 	0.000149735 	0.00109091 	-0.233302
-0.00578022 	0.000149735 	0.00109091 	-0.233302
-0.00570559 	0.000132974 	0.00112638 	-0.237027
-0.00570559 	0.000132974 	0.00112638 	-0.237027
-0.00562963 	0.000112927 	0.00115784 	-0.240362
-0.00562963 	0.000112927 	0.00115784 	-0.240362
-0.00555231 	9.01727e-05 	0.00118497 	-0.243315
-0.00555231 	9.01727e-05 	0.00118497 	-0.243315
-0.0054736 	6.54303e-05 	0.00120752 	-0.245897
-0.0054736 	6.54303e-05 	0.00120752 	-0.245897
-0.00539348 	3.95187e-05 	0.0012253 	-0.248125
-0.00539348 	3.95187e-05 	0.0012253 	-0.248125
-0.00531193 	1.33081e-05 	0.00123822 	-0.250018
-0.00531193 	1.33081e-05 	0.00123822 	-0.250018
-0.00522891 	-1.23268e-05 	0.00124626 	-0.2516
-0.00522891 	-1.23268e-05 	0.00124626 	-0.2516
-0.0051444 	-3.65495e-05 	0.00124951 	-0.252896
-0.0051444 	-3.65495e-05 	0.00124951 	-0.252896
-0.00505838 	-5.86437e-05 	0.00124814 	-0.253936
-0.00505838 	-5.86437e-05 	0.00124814 	-0.253936
-0.00497081 	-7.80512e-05 	0.00124241 	-0.254751
-0.00497081 	-7.80512e-05 	0.00124241 	-0.254751
-0.00488168 	-9.43327e-05 	0.00123261 	-0.255371
-0.00488168 	-9.43327e-05 	0.00123261 	-0.255371
-0.00479094 	-0.000107183 	0.00121906 	-0.255826
-0.00479094 	-0.000107183 	0.00121906 	-0.255826
-0.00469858 	-0.000116456 	0.00120214 	-0.256142
-0.00469858 	-0.000116456 	0.00120214 	-0.256142
-0.00460456 	-0.000122138 	0.00118221 	-0.256347
-0.00460456 	-0.000122138 	0.00118221 	-0.256347
-0.00450886 	-0.000124319 	0.00115965 	-0.256463
-0.00450886 	-0.000124319 	0.00115965 	-0.256463
-0.00441144 	-0.000123153 	0.0011348 	-0.256511
-0.00441144 	-0.000123153 	0.0011348 	-0.256511
-0.00431227 	-0.000118817 	0.00110799 	-0.256506
-0.00431227 	-0.000118817 	0.00110799 	-0.256506
-0.00421133 	-0.000111475 	0.00107949 	-0.256462
-0.00421133 	-0.000111475 	0.00107949 	-0.256462
-0.00410857 	-0.000101246 	0.00104953 	-0.25639
-0.00410857 	-0.000101246 	0.00104953 	-0.25639
-0.00400397 	-8.81931e-05 	0.00101823 	-0.256296
-0.00400397 	-8.81931e-05 	0.00101823 	-0.256296
-0.0038975 	-7.23512e-05 	0.000985871 	-0.256186
-0.0038975 	-7.23512e-05 	0.000985871 	-0.256186
-0.00378912 	-5.3529e-05 	0.000952735 	-0.256062
-0.00378912 	-5.3529e-05 	0.000952735 	-0.256062
-0.00367879 	-3.10449e-05 	0.000918505 	-0.255925
-0.00367879 	-3.10449e-05 	0.000918505 	-0.255925
-0.00356649 	-4.19035e-06 	0.000883092 	-0.255774
-0.00356649 	-4.19035e-06 	0.000883092 	-0.255774
-0.00345217 	2.71076e-05 	0.000847043 	-0.255613
-0.00345217 	2.71076e-05 	0.000847043 	-0.255613
-0.0033358 	6.23931e-05 	0.000810814 	-0.255448
-0.0033358 	6.23931e-05 	0.000810814 	-0.255448
-0.00321735 	0.000101025 	0.000774666 	-0.255284
-0.00321735 	0.000101025 	0.000774666 	-0.255284
-0.00309677 	0.000142284 	0.000738869 	-0.255125
-0.00309677 	0.000142284 	0.000738869 	-0.255125
-0.00297403 	0.000185368 	0.000703698 	-0.254974
-0.00297403 	0.000185368 	0.000703698 	-0.254974
-0.00284909 	0.000229373 	0.000669379 	-0.254834
-0.00284909 	0.000229373 	0.000669379 	-0.254834
-0.0027219 	0.000273288 	0.00063607 	-0.254707
-0.0027219 	0.000273288 	0.00063607 	-0.254707
-0.00259244 	0.000316056 	0.000603901 	-0.254593
-0.00259244 	0.000316056 	0.000603901 	-0.254593
-0.00246065 	0.000356752 	0.00057292 	-0.254493
-0.00246065 	0.000356752 	0.00057292 	-0.254493
-0.00232651 	0.000394819 	0.000543089 	-0.254407
-0.00232651 	0.000394819 	0.000543089 	-0.254407
-0.00218995 	0.000430258 	0.000514227 	-0.254333
-0.00218995 	0.000430258 	0.000514227 	-0.254333
-0.00205095 	0.000463309 	0.000486038 	-0.254269
-0.00205095 	0.000463309 	0.000486038 	-0.254269
-0.00190946 	0.000493771 	0.00045842 	-0.254215
-0.00190946 	0.000493771 	0.00045842 	-0.254215
-0.00176543 	0.000521021 	0.000431336 	-0.254171
-0.00176543 	0.000521021 	0.000431336 	-0.254171
-0.00161881 	0.000544366 	0.0004046 	-0.254137
-0.00161881 	0.000544366 	0.0004046 	-0.254137
-0.00146957 	0.00056315 	0.000377975 	-0.254114
-0.00146957 	0.00056315 	0.000377975 	-0.254114
-0.00131765 	0.000576783 	0.000351188 	-0.254102
-0.00131765 	0.000576783 	0.000351188 	-0.254102
-0.001163 	0.000584763 	0.000323929 	-0.254101
-0.001163 	0.000584763 	0.000323929 	-0.254101
-0.00100559 	0.000586704 	0.000295852 	-0.254111
-0.00100559 	0.000586704 	0.000295852 	-0.254111
-0.000845345 	0.000582353 	0.000266581 	-0.254133
-0.000845345 	0.000582353 	0.000266581 	-0.254133
-0.000682232 	0.000571614 	0.000235725 	-0.254166
-0.000682232 	0.000571614 	0.000235725 	-0.254166
-0.000516194 	0.000554561 	0.000202888 	-0.254211
-0.000516194 	0.000554561 	0.000202888 	-0.254211
-0.000347178 	0.000531435 	0.000167685 	-0.254269
-0.000347178 	0.000531435 	0.000167685 	-0.254269
-0.000175132 	0.000502648 	0.000129732 	-0.254338
-0.000175132 	0.000502648 	0.000129732 	-0.254338
0 	0.000468929 	8.88441e-05 	-0.25442
0 	0.000468929 	8.88441e-05 	-0.25442
0.000175132 	0.000431565 	4.55098e-05 	-0.254513
0.000175132 	0.000431565 	4.55098e-05 	-0.254513
0.000347178 	0.000391864 	4.96908e-07 	-0.254614
0.000347178 	0.000391864 	4.96908e-07 	-0.254614
0.000516194 	0.000350555 	-4.60315e-05 	-0.254725
0.000516194 	0.000350555 	-4.60315e-05 	-0.254725
0.000682232 	0.000308331 	-9.39815e-05 	-0.254846
0.000682232 	0.000308331 	-9.39815e-05 	-0.254846
0.000845345 	0.000266222 	-0.000142857 	-0.254974
0.000845345 	0.000266222 	-0.000142857 	-0.254974
0.00100559 	0.000225303 	-0.000192218 	-0.255108
0.00100559 	0.000225303 	-0.000192218 	-0.255108
0.001163 	0.000186505 	-0.000241757 	-0.255245
0.001163 	0.000186505 	-0.000241757 	-0.255245
0.00131765 	0.000150568 	-0.00029116 	-0.255385
0.00131765 	0.000150568 	-0.00029116 	-0.255385
0.00146957 	0.000118039 	-0.000340122 	-0.255526
0.00146957 	0.000118039 	-0.000340122 	-0.255526
0.00161881 	8.92935e-05 	-0.000388372 	-0.255667
0.00161881 	8.92935e-05 	-0.000388372 	-0.255667
0.00176543 	6.45643e-05 	-0.000435682 	-0.255808
0.00176543 	6.45643e-05 	-0.000435682 	-0.255808
0.00190946 	4.39745e-05 	-0.000481866 	-0.255948
0.00190946 	4.39745e-05 	-0.000481866 	-0.255948
0.00205095 	2.75683e-05 	-0.000526775 	-0.256087
0.00205095 	2.75683e-05 	-0.000526775 	-0.256087
0.00218995 	1.53351e-05 	-0.000570292 	-0.256225
0.00218995 	1.53351e-05 	-0.000570292 	-0.256225
0.00232651 	7.22935e-06 	-0.000612328 	-0.256363
0.00232651 	7.22935e-06 	-0.000612328 	-0.256363
0.00246065 	3.18418e-06 	-0.000652814 	-0.256501
0.00246065 	3.18418e-06 	-0.000652814 	-0.256501
0.00259244 	3.11853e-06 	-0.000691699 	-0.25664
0.00259244 	3.11853e-06 	-0.000691699 	-0.25664
0.0027219 	6.93763e-06 	-0.000728943 	-0.256779
0.0027219 	6.93763e-06 	-0.000728943 	-0.256779
0.00284909 	1.45236e-05 	-0.00076451 	-0.256919
0.00284909 	1.45236e-05 	-0.00076451 	-0.256919
0.00297403 	2.57123e-05 	-0.000798381 	-0.25706
0.00297403 	2.57123e-05 	-0.000798381 	-0.25706
0.00309677 	4.02519e-05 	-0.00083055 	-0.2572
0.00309677 	4.02519e-05 	-0.00083055 	-0.2572
0.00321735 	5.77589e-05 	-0.000860984 	-0.257339
0.00321735 	5.77589e-05 	-0.000860984 	-0.257339
0.0033358 	7.77638e-05 	-0.000889611 	-0.257473
0.0033358 	7.77638e-05 	-0.000889611 	-0.257473
0.00345217 	9.98519e-05 	-0.000916362 	-0.257601
0.00345217 	9.98519e-05 	-0.000916362 	-0.257601
0.00356649 	0.000123831 	-0.0009413 	-0.257722
0.00356649 	0.000123831 	-0.0009413 	-0.257722
0.00367879 	0.000149707 	-0.000964579 	-0.257836
0.00367879 	0.000149707 	-0.000964579 	-0.257836
0.00378912 	0.000177439 	-0.000986215 	-0.257942
0.00378912 	0.000177439 	-0.000986215 	-0.257942
0.0038975 	0.000206889 	-0.00100618 	-0.258036
0.0038975 	0.000206889 	-0.00100618 	-0.258036
0.00400397 	0.000237916 	-0.00102448 	-0.258114
0.00400397 	0.000237916 	-0.00102448 	-0.258114
0.00410857 	0.000270352 	-0.00104108 	-0.25817
0.00410857 	0.000270352 	-0.00104108 	-0.25817
0.00421133 	0.000303941 	-0.00105587 	-0.258193
0.00421133 	0.000303941 	-0.00105587 	-0.258193
0.00431227 	0.000338312 	-0.00106869 	-0.258173
0.00431227 	0.000338312 	-0.00106869 	-0.258173
0.00441144 	0.00037297 	-0.00107936 	-0.258091
0.00441144 	0.00037297 	-0.00107936 	-0.258091
0.00450886 	0.000407301 	-0.00108766 	-0.257928
0.00450886 	0.000407301 	-0.00108766 	-0.257928
0.00460456 	0.000440598 	-0.00109332 	-0.25766
0.00460456 	0.000440598 	-0.00109332 	-0.25766
0.00469858 	0.000472108 	-0.00109608 	-0.257259
0.00469858 	0.000472108 	-0.00109608 	-0.257259
0.00479094 	0.000501065 	-0.00109567 	-0.256693
0.00479094 	0.000501065 	-0.00109567 	-0.256693
0.00488168 	0.000526716 	-0.00109184 	-0.25593
0.00488168 	0.000526716 	-0.00109184 	-0.25593
0.00497081 	0.000548381 	-0.00108436 	-0.254935
0.00497081 	0.000548381 	-0.00108436 	-0.254935
0.00505838 	0.000565503 	-0.00107305 	-0.253673
0.00505838 	0.000565503 	-0.00107305 	-0.253673
0.0051444 	0.000577609 	-0.00105774 	-0.252107
0.0051444 	0.000577609 	-0.00105774 	-0.252107
0.00522891 	0.000584295 	-0.00103838 	-0.250204
0.00522891 	0.000584295 	-0.00103838 	-0.250204
0.00531193 	0.00058527 	-0.00101499 	-0.247936
0.00531193 	0.00058527 	-0.00101499 	-0.247936
0.00539348 	0.000580393 	-0.000987683 	-0.245278
0.00539348 	0.000580393 	-0.000987683 	-0.245278
0.0054736 	0.000569674 	-0.000956632 	-0.242209
0.0054736 	0.000569674 	-0.000956632 	-0.242209
0.00555231 	0.000553294 	-0.000922091 	-0.238714
0.00555231 	0.000553294 	-0.000922091 	-0.238714
0.00562963 	0.000531607 	-0.000884378 	-0.234783
0.00562963 	0.000531607 	-0.000884378 	-0.234783
0.00570559 	0.000505149 	-0.000843863 	-0.23041
0.00570559 	0.000505149 	-0.000843863 	-0.23041
0.00578022 	0.00047462 	-0.000800964 	-0.225598
0.00578022 	0.00047462 	-0.000800964 	-0.225598
0.00585352 	0.000440867 	-0.000756132 	-0.220351
0.00585352 	0.000440867 	-0.000756132 	-0.220351
0.00592554 	0.000404841 	-0.000709837 	-0.214681
0.00592554 	0.000404841 	-0.000709837 	-0.214681
0.00599629 	0.000367548 	-0.000662555 	-0.208602
0.00599629 	0.000367548 	-0.000662555 	-0.208602
0.00606579 	0.000329996 	-0.000614751 	-0.202133
0.00606579 	0.000329996 	-0.000614751 	-0.202133
0.00613406 	0.000293139 	-0.000566878 	-0.195294
0.00613406 	0.000293139 	-0.000566878 	-0.195294
0.00620114 	0.000257828 	-0.000519364 	-0.188111
0.00620114 	0.000257828 	-0.000519364 	-0.188111
0.00626703 	0.000224762 	-0.000472611 	-0.180611
0.00626703 	0.000224762 	-0.000472611 	-0.180611
0.00633176 	0.000194463 	-0.000426995 	-0.172823
0.00633176 	0.000194463 	-0.000426995 	-0.172823
0.00639535 	0.000167256 	-0.000382863 	-0.164781
0.00639535 	0.000167256 	-0.000382863 	-0.164781
0.00645783 	0.000143279 	-0.000340527 	-0.156518
0.00645783 	0.000143279 	-0.000340527 	-0.156518
0.0065192 	0.000122494 	-0.000300274 	-0.14807
0.0065192 	0.000122494 	-0.000300274 	-0.14807
0.00657949 	0.000104722 	-0.000262351 	-0.139478
0.00657949 	0.000104722 	-0.000262351 	-0.139478
0.00663871 	8.96784e-05 	-0.00022697 	-0.130781
0.00663871 	8.96784e-05 	-0.00022697 	-0.130781
0.0066969 	7.70176e-05 	-0.000194298 	-0.122023
0.0066969 	7.70176e-05 	-0.000194298 	-0.122023
0.00675406 	6.63688e-05 	-0.000164447 	-0.113248
0.00675406 	6.63688e-05 	-0.000164447 	-0.113248
0.00681021 	5.73721e-05 	-0.000137475 	-0.104497
0.00681021 	5.73721e-05 	-0.000137475 	-0.104497
0.00686537 	4.97045e-05 	-0.000113386 	-0.095815
0.00686537 	4.97045e-05 	-0.000113386 	-0.095815
0.00691956 	4.30948e-05 	-9.21308e-05 	-0.0872425
0.00691956 	4.30948e-05 	-9.21308e-05 	-0.0872425
0.0069728 	3.73267e-05 	-7.36173e-05 	-0.0788175
0.0069728 	3.73267e-05 	-7.36173e-05 	-0.0788175
0.0070251 	3.22349e-05 	-5.771e-05 	-0.0705717
0.0070251 	3.22349e-05 	-5.771e-05 	-0.0705717
0.00707647 	2.76963e-05 	-4.42416e-05 	-0.0625286
0.00707647 	2.76963e-05 	-4.42416e-05 	-0.0625286
0.00712695 	2.36184e-05 	-3.30213e-05 	-0.0547041
0.00712695 	2.36184e-05 	-3.30213e-05 	-0.0547041
0.00717653 	1.99286e-05 	-2.38444e-05 	-0.0471065
0.00717653 	1.99286e-05 	-2.38444e-05 	-0.0471065
0.00722524 	1.65647e-05 	-1.64998e-05 	-0.039738
0.00722524 	1.65647e-05 	-1.64998e-05 	-0.039738
0.00727309 	1.34693e-05 	-1.07786e-05 	-0.0325962
0.00727309 	1.34693e-05 	-1.07786e-05 	-0.0325962
0.0073201 	1.05856e-05 	-6.47931e-06 	-0.0256752
0.0073201 	1.05856e-05 	-6.47931e-06 	-0.0256752
0.00736628 	7.85647e-06 	-3.42048e-06 	-0.0189671
0.00736628 	7.85647e-06 	-3.42048e-06 	-0.0189671
0.00741165 	5.22265e-06 	-1.43562e-06 	-0.0124628
0.00741165 	5.22265e-06 	-1.43562e-06 	-0.0124628
0.00745622 	2.62457e-06 	-3.6433e-07 	-0.00615279
0.00745622 	2.62457e-06 	-3.6433e-07 	-0.00615279
0.0075 	0 	0 	0
0.0075 	0 	0 	0
