/*--------------------------------*- C++ -*----------------------------------*\
| =========                 |                                                 |
| \\      /  F ield         | OpenFOAM: The Open Source CFD Toolbox           |
|  \\    /   O peration     | Version:  v1906                                 |
|   \\  /    A nd           | Web:      www.OpenFOAM.com                      |
|    \\/     M anipulation  |                                                 |
\*---------------------------------------------------------------------------*/
FoamFile
{
    version     2.0;
    format      ascii;
    class       volVectorField;
    location    "37.2";
    object      U;
}
// * * * * * * * * * * * * * * * * * * * * * * * * * * * * * * * * * * * * * //

dimensions      [0 1 -1 0 0 0 0];


internalField   nonuniform List<vector> 
2000
(
(2.9084e-06 0.023064 -0.001268)
(0.00986207 0.00146615 0.0322912)
(-0.00067069 -0.000429251 0.0535246)
(0.000563576 -0.000498325 0.0620407)
(0.000174248 -0.000467311 0.0630443)
(-9.18371e-07 -0.000469691 0.063464)
(-0.00017535 -0.00046732 0.0630444)
(-0.00056437 -0.000498388 0.0620439)
(0.000671871 -0.000429353 0.0535348)
(-0.00985984 0.00146527 0.0323152)
(2.3996e-06 0.0354953 -0.00366658)
(0.0219917 -0.00201314 0.105679)
(0.00594084 -0.000525974 0.146668)
(0.00414912 -0.000909541 0.159734)
(0.001996 -0.000868693 0.161846)
(4.14499e-07 -0.000877258 0.162446)
(-0.0019944 -0.00086876 0.161846)
(-0.00414857 -0.000909739 0.159739)
(-0.00593964 -0.000526222 0.146684)
(-0.0219887 -0.0020126 0.105725)
(2.30038e-06 -0.0224068 0.00974737)
(0.0202238 0.00210569 0.172853)
(0.00769212 -7.81818e-05 0.215343)
(0.00507931 -0.000843916 0.226482)
(0.00248828 -0.000878545 0.22921)
(1.13972e-06 -0.000893306 0.229803)
(-0.00248533 -0.000878567 0.22921)
(-0.00507797 -0.000844149 0.226487)
(-0.00769117 -7.87357e-05 0.21536)
(-0.0202219 0.00210414 0.172901)
(1.81073e-06 0.0438741 0.0450064)
(0.0149899 0.000544934 0.226176)
(0.0072113 0.000146397 0.262819)
(0.00469034 -0.000648381 0.271263)
(0.00231557 -0.000777575 0.274126)
(1.30077e-06 -0.000798869 0.274692)
(-0.00231234 -0.000777549 0.274126)
(-0.00468878 -0.000648614 0.271266)
(-0.0072104 0.000145636 0.262833)
(-0.014989 0.000543733 0.22622)
(1.02747e-06 0.00834552 0.0995404)
(0.0142841 0.0015835 0.263259)
(0.0061894 0.000645506 0.295866)
(0.00403865 -0.000401677 0.302903)
(0.00201671 -0.000634776 0.305751)
(1.20692e-06 -0.000661919 0.306319)
(-0.00201368 -0.000634699 0.305751)
(-0.00403712 -0.000401894 0.302907)
(-0.00618849 0.000644525 0.295878)
(-0.0142835 0.00158183 0.263296)
(2.96343e-07 0.0145841 0.164394)
(0.0121503 0.00244158 0.29025)
(0.00526982 0.000981238 0.318913)
(0.00350486 -0.00017162 0.325951)
(0.0017757 -0.000505669 0.328833)
(1.0164e-06 -0.000537561 0.329441)
(-0.00177305 -0.000505558 0.328833)
(-0.0035034 -0.000171822 0.325954)
(-0.00526886 0.000980153 0.318925)
(-0.01215 0.00243945 0.290281)
(-1.78607e-07 0.0178257 0.223832)
(0.010102 0.00295186 0.309772)
(0.00461933 0.00120019 0.335749)
(0.00313592 1.61913e-05 0.343303)
(0.00161743 -0.000409037 0.346255)
(7.79808e-07 -0.000444764 0.34692)
(-0.00161526 -0.000408928 0.346255)
(-0.00313451 1.59723e-05 0.343307)
(-0.00461825 0.0011991 0.33576)
(-0.0101019 0.00294959 0.309797)
(-3.69475e-07 0.0171974 0.268795)
(0.00849971 0.0031236 0.324208)
(0.0042041 0.00131133 0.348258)
(0.00288298 0.000163524 0.356202)
(0.0015185 -0.000346888 0.359211)
(5.39611e-07 -0.000387953 0.359938)
(-0.00151684 -0.000346836 0.359212)
(-0.00288157 0.000163242 0.356206)
(-0.00420284 0.00131025 0.348269)
(-0.00849961 0.00312145 0.324229)
(-3.96358e-07 0.0147455 0.299349)
(0.00720908 0.00312288 0.335215)
(0.00394194 0.00125387 0.356402)
(0.00269765 0.000215311 0.364144)
(0.00145048 -0.000360653 0.367122)
(3.72661e-07 -0.000411209 0.367908)
(-0.0014492 -0.000360728 0.367122)
(-0.00269623 0.000214904 0.364148)
(-0.00394052 0.0012528 0.356411)
(-0.00720888 0.00312107 0.335232)
(-3.99724e-07 0.0120245 0.319021)
(0.00605257 0.00293881 0.342855)
(0.00376282 0.000969699 0.359428)
(0.00255717 7.76396e-05 0.366165)
(0.00139489 -0.00051264 0.368987)
(3.5738e-07 -0.000576396 0.369821)
(-0.00139374 -0.000512899 0.368987)
(-0.00255574 7.70954e-05 0.366167)
(-0.00376133 0.000968619 0.359435)
(-0.00605231 0.00293719 0.342868)
(1.62474e-06 0.00222016 0.0315512)
(-0.00918382 -0.000225213 0.0641733)
(-0.00664944 -0.000209664 0.0802175)
(-0.00320825 -0.000121433 0.0862491)
(-0.00181722 -0.000146586 0.0891994)
(-8.62664e-07 -0.000140618 0.0901878)
(0.00181624 -0.000146624 0.0892016)
(0.00320751 -0.000121465 0.0862541)
(0.00665066 -0.000209718 0.08023)
(0.00918461 -0.000225114 0.0641889)
(3.30127e-06 -0.00108112 0.0741094)
(-0.0048578 -0.000805128 0.144139)
(-0.00555964 -0.000879013 0.17339)
(-0.00195183 -0.000657238 0.184329)
(-0.00120329 -0.000655391 0.188579)
(1.60218e-07 -0.000647286 0.190023)
(0.00120428 -0.000655473 0.188582)
(0.0019518 -0.00065728 0.184336)
(0.00556026 -0.000879079 0.17341)
(0.0048572 -0.000805068 0.14417)
(3.1129e-06 0.00234112 0.107827)
(-0.0012753 -0.00154335 0.195887)
(-0.00262734 -0.00122051 0.229704)
(-0.000256062 -0.000984735 0.242472)
(-0.000304587 -0.000935433 0.247352)
(1.13229e-06 -0.000926791 0.248981)
(0.00030725 -0.000935484 0.247355)
(0.000257002 -0.000984617 0.242479)
(0.00262758 -0.00122046 0.229726)
(0.00127437 -0.00154347 0.195924)
(1.97847e-06 -0.000569517 0.141035)
(0.000624636 -0.00218576 0.235836)
(-0.00105793 -0.00144742 0.268608)
(0.000530305 -0.0011985 0.28119)
(0.00012879 -0.00109766 0.286457)
(1.62662e-06 -0.00109069 0.288164)
(-0.000125302 -0.00109762 0.286459)
(-0.000528777 -0.00119824 0.281197)
(0.00105809 -0.00144716 0.268629)
(-0.000625519 -0.00218595 0.235872)
(8.85683e-07 -0.00246545 0.180477)
(0.0015538 -0.00246222 0.269726)
(-0.000474589 -0.00149863 0.298549)
(0.000752351 -0.00134426 0.310283)
(0.000269461 -0.00119697 0.315752)
(1.78377e-06 -0.00118855 0.317487)
(-0.000265723 -0.0011968 0.315754)
(-0.00075052 -0.00134384 0.310289)
(0.000474848 -0.00149816 0.298568)
(-0.00155449 -0.00246238 0.269759)
(4.40451e-08 -0.0025128 0.224982)
(0.00143503 -0.00262797 0.298133)
(-0.000370145 -0.00149741 0.321955)
(0.000734285 -0.00145051 0.333057)
(0.000284384 -0.00126935 0.338651)
(1.74053e-06 -0.00125395 0.340408)
(-0.000280723 -0.00126902 0.338653)
(-0.000732305 -0.00144986 0.333063)
(0.000370608 -0.00149679 0.321973)
(-0.00143552 -0.00262801 0.298161)
(-5.04964e-07 -0.00210252 0.269427)
(0.00103318 -0.00279869 0.320851)
(-0.000381417 -0.00149905 0.340383)
(0.000657036 -0.00154036 0.351115)
(0.000268984 -0.00133481 0.356792)
(1.58022e-06 -0.00130772 0.35858)
(-0.000265585 -0.00133434 0.356794)
(-0.000654972 -0.00153952 0.351122)
(0.00038219 -0.00149825 0.340399)
(-0.0010335 -0.00279837 0.320874)
(-8.01578e-07 -0.00187374 0.306993)
(0.000878517 -0.00293433 0.338538)
(-0.000352832 -0.00152051 0.354897)
(0.000589374 -0.00160864 0.365341)
(0.000260063 -0.00139026 0.371065)
(1.34572e-06 -0.00134839 0.372895)
(-0.000257041 -0.00138969 0.371067)
(-0.000587245 -0.00160768 0.365349)
(0.000354056 -0.00151942 0.354913)
(-0.000878589 -0.00293343 0.338558)
(-9.75309e-07 -0.00149884 0.333994)
(0.00094226 -0.00296842 0.352371)
(-0.000257093 -0.00153508 0.366285)
(0.000546544 -0.00163358 0.376373)
(0.000264464 -0.00142104 0.382117)
(1.05035e-06 -0.00136561 0.383991)
(-0.000261907 -0.00142047 0.38212)
(-0.000544346 -0.00163263 0.376381)
(0.000258933 -0.00153368 0.3663)
(-0.000941994 -0.00296643 0.352389)
(-1.28971e-06 -0.00107224 0.351827)
(0.00107252 -0.00286731 0.36276)
(-9.8706e-05 -0.00152272 0.374736)
(0.000531465 -0.00161386 0.384436)
(0.000282808 -0.00142438 0.390196)
(7.1761e-07 -0.00136329 0.392104)
(-0.000280764 -0.00142391 0.3902)
(-0.000529201 -0.00161308 0.384445)
(0.00010139 -0.00152152 0.374751)
(-0.00107197 -0.00286332 0.362775)
(2.04064e-06 7.9052e-05 0.0251897)
(-0.00594085 -9.30358e-05 0.0702713)
(-0.00283155 -4.49535e-06 0.0804012)
(-0.00193677 1.19426e-05 0.0829808)
(-0.00116215 3.78271e-06 0.0845666)
(-8.07867e-07 1.26876e-05 0.0848768)
(0.00116129 3.78029e-06 0.0845674)
(0.00193599 1.19147e-05 0.0829831)
(0.00283254 -4.51885e-06 0.0804074)
(0.00594242 -9.30898e-05 0.0702885)
(4.00809e-06 -2.20457e-05 0.0677835)
(-0.00930129 -0.000447987 0.159819)
(-0.00505526 -0.000337359 0.177729)
(-0.00286961 -0.00017903 0.18194)
(-0.00173992 -0.000182823 0.183913)
(-7.07726e-07 -0.000171062 0.184325)
(0.00173981 -0.000182848 0.183913)
(0.00286878 -0.000179117 0.181943)
(0.00505647 -0.000337385 0.177738)
(0.00930207 -0.000448219 0.159849)
(3.7896e-06 -5.93382e-06 0.101294)
(-0.00783249 -0.000984768 0.210129)
(-0.00457562 -0.000726846 0.23552)
(-0.00237079 -0.000426895 0.241338)
(-0.00148329 -0.000390639 0.243501)
(-2.59518e-07 -0.00037989 0.24402)
(0.00148416 -0.000390665 0.243501)
(0.00237038 -0.00042697 0.24134)
(0.00457671 -0.000726791 0.235531)
(0.00783291 -0.000985222 0.210166)
(2.98844e-06 -0.00122814 0.131142)
(-0.00589453 -0.00133416 0.243376)
(-0.0037027 -0.00103941 0.27317)
(-0.00180884 -0.000637018 0.279902)
(-0.00117488 -0.000552367 0.282259)
(5.56974e-08 -0.000545426 0.282857)
(0.00117633 -0.000552378 0.282259)
(0.00180881 -0.000637052 0.279905)
(0.00370371 -0.00103929 0.273182)
(0.00589499 -0.00133482 0.243414)
(2.17331e-06 -0.00170825 0.16345)
(-0.00440582 -0.0016063 0.270788)
(-0.00306194 -0.00126395 0.301315)
(-0.00144946 -0.000819958 0.308443)
(-0.000973185 -0.00068348 0.310961)
(1.79499e-07 -0.000680192 0.311611)
(0.000974816 -0.000683467 0.310961)
(0.00144967 -0.000819932 0.308446)
(0.00306298 -0.00126379 0.301326)
(0.00440657 -0.00160714 0.270823)
(1.44137e-06 -0.00233165 0.20015)
(-0.00347964 -0.00179113 0.294332)
(-0.00269231 -0.00141132 0.32301)
(-0.00125699 -0.000982131 0.330437)
(-0.000863234 -0.000793933 0.333102)
(1.49722e-07 -0.000791397 0.333794)
(0.000864756 -0.000793899 0.333102)
(0.00125734 -0.000982041 0.33044)
(0.00269343 -0.00141118 0.323021)
(0.00348071 -0.00179215 0.294363)
(8.65719e-07 -0.00259558 0.238749)
(-0.00289759 -0.00192212 0.313345)
(-0.00245597 -0.00151282 0.339512)
(-0.00113322 -0.00113436 0.347263)
(-0.000793001 -0.000896334 0.350074)
(2.2946e-08 -0.000889006 0.350809)
(0.000794242 -0.000896292 0.350074)
(0.00113365 -0.00113423 0.347266)
(0.00245721 -0.00151272 0.339523)
(0.00289886 -0.00192325 0.31337)
(4.80219e-07 -0.00250382 0.274394)
(-0.00235492 -0.0020306 0.327778)
(-0.0022193 -0.00158692 0.35164)
(-0.00100177 -0.00127378 0.359657)
(-0.000720444 -0.000991095 0.36256)
(-1.40099e-07 -0.000971642 0.363342)
(0.000721339 -0.000991075 0.362561)
(0.00100225 -0.00127368 0.359661)
(0.00222068 -0.0015869 0.35165)
(0.00235632 -0.00203171 0.327798)
(2.48158e-07 -0.00218085 0.302633)
(-0.00175124 -0.00211527 0.338591)
(-0.00192146 -0.001614 0.3594)
(-0.000835672 -0.00136975 0.367188)
(-0.000627859 -0.00105652 0.370081)
(-2.63235e-07 -0.00101718 0.370908)
(0.000628474 -0.00105657 0.370081)
(0.000836222 -0.00136978 0.367191)
(0.00192296 -0.00161405 0.359408)
(0.00175274 -0.00211636 0.338607)
(1.11916e-07 -0.00180154 0.322331)
(-0.00111393 -0.00214915 0.345915)
(-0.00156128 -0.00157611 0.362182)
(-0.000646492 -0.0013813 0.368951)
(-0.000518444 -0.00106586 0.37171)
(-2.60417e-07 -0.0010035 0.372572)
(0.000518988 -0.00106602 0.37171)
(0.000647118 -0.00138153 0.368952)
(0.00156282 -0.00157621 0.362188)
(0.00111547 -0.00214999 0.345926)
(1.69807e-06 1.89826e-05 0.0597946)
(-0.00210486 -2.16095e-05 0.0773717)
(-0.000607711 5.28997e-06 0.0837078)
(-0.000799004 -3.71241e-06 0.0880218)
(-0.000474081 -1.00319e-05 0.0911399)
(-2.9376e-07 -4.38615e-06 0.0920945)
(0.000473699 -1.00259e-05 0.0911413)
(0.000798442 -3.72214e-06 0.0880256)
(0.000608061 5.26129e-06 0.083716)
(0.00210636 -2.1685e-05 0.0773859)
(2.50632e-06 -0.000152995 0.13661)
(-0.00434238 -0.00021988 0.17047)
(-0.00191809 -0.000151354 0.182992)
(-0.00146029 -0.000102568 0.190121)
(-0.000921209 -0.000116483 0.194649)
(1.07125e-08 -0.000107946 0.196097)
(0.000921553 -0.000116447 0.194651)
(0.00145993 -0.000102584 0.190126)
(0.00191876 -0.000151405 0.183005)
(0.00434373 -0.000220099 0.170494)
(2.1094e-06 -0.000595938 0.178443)
(-0.00401187 -0.000513237 0.220489)
(-0.00196208 -0.000401359 0.239199)
(-0.00123307 -0.000278462 0.248177)
(-0.000824612 -0.000279485 0.253164)
(5.15149e-07 -0.000275789 0.254849)
(0.000825899 -0.000279398 0.253166)
(0.00123328 -0.000278438 0.248183)
(0.00196276 -0.000401356 0.239214)
(0.0040126 -0.000513522 0.220518)
(1.57046e-06 -0.00121511 0.206653)
(-0.00311892 -0.000784479 0.252312)
(-0.00154229 -0.00062865 0.274739)
(-0.000832552 -0.000441034 0.284883)
(-0.000602166 -0.000418832 0.29016)
(9.0136e-07 -0.000422773 0.291969)
(0.000604127 -0.000418677 0.290162)
(0.000833244 -0.000440931 0.284889)
(0.00154293 -0.000628556 0.274756)
(0.00311928 -0.000784783 0.252342)
(1.09526e-06 -0.00181894 0.232379)
(-0.00231761 -0.00103801 0.278237)
(-0.00113023 -0.000819803 0.301675)
(-0.000521381 -0.00058107 0.312319)
(-0.000418843 -0.000528589 0.317795)
(1.11721e-06 -0.000540811 0.319657)
(0.000421163 -0.000528353 0.317797)
(0.000522402 -0.000580851 0.312324)
(0.00113089 -0.000819593 0.301692)
(0.0023179 -0.00103831 0.278266)
(7.1804e-07 -0.00240021 0.259375)
(-0.00175635 -0.00123089 0.301728)
(-0.000871062 -0.000964483 0.323732)
(-0.000349425 -0.000695307 0.334463)
(-0.000310875 -0.000607436 0.340082)
(1.16897e-06 -0.000627191 0.34197)
(0.000313267 -0.000607114 0.340084)
(0.000350629 -0.00069495 0.334469)
(0.000871838 -0.000964154 0.323748)
(0.00175682 -0.00123118 0.301754)
(4.78341e-07 -0.00274086 0.287817)
(-0.00142474 -0.00135749 0.32266)
(-0.0007591 -0.00107143 0.34175)
(-0.000285426 -0.000795782 0.352319)
(-0.000265024 -0.000669708 0.358043)
(1.08294e-06 -0.000694819 0.359952)
(0.000267256 -0.00066931 0.358045)
(0.000286698 -0.000795285 0.352325)
(0.000760074 -0.00107099 0.341765)
(0.00142553 -0.0013578 0.322682)
(4.07906e-07 -0.00275891 0.314919)
(-0.00120298 -0.00145456 0.339796)
(-0.000720007 -0.00116203 0.355931)
(-0.000270522 -0.000895419 0.366231)
(-0.000250137 -0.00073274 0.372055)
(8.98783e-07 -0.000759371 0.373996)
(0.000252053 -0.000732293 0.372058)
(0.000271786 -0.000894818 0.366238)
(0.000721239 -0.00116151 0.355945)
(0.00120415 -0.00145487 0.339815)
(4.83569e-07 -0.00256585 0.337245)
(-0.000976587 -0.00155278 0.353028)
(-0.000685667 -0.00124065 0.366838)
(-0.000260404 -0.000999871 0.376869)
(-0.000241582 -0.000806619 0.382779)
(6.53583e-07 -0.000829845 0.384758)
(0.00024309 -0.000806164 0.382782)
(0.000261609 -0.000999231 0.376876)
(0.000687186 -0.0012401 0.366852)
(0.000978163 -0.00155307 0.353044)
(6.00245e-07 -0.00233725 0.353084)
(-0.00071347 -0.00165703 0.362639)
(-0.000625752 -0.00130086 0.374826)
(-0.000236728 -0.00109923 0.384597)
(-0.000228808 -0.000887735 0.390574)
(3.87887e-07 -0.00090343 0.392585)
(0.000229885 -0.000887329 0.390578)
(0.000237845 -0.00109865 0.384606)
(0.000627541 -0.00130032 0.37484)
(0.00071541 -0.00165734 0.362652)
(1.42388e-06 -3.05287e-05 0.0456553)
(-0.00195413 -1.89446e-05 0.0762972)
(-0.000267147 1.52688e-06 0.0827227)
(-0.000545127 5.09981e-07 0.0834837)
(-0.000205437 4.07327e-06 0.0842437)
(-2.08818e-07 9.24579e-06 0.0841872)
(0.000205422 4.0759e-06 0.084243)
(0.000544834 5.18305e-07 0.0834843)
(0.000267374 1.53985e-06 0.0827256)
(0.00195496 -1.89614e-05 0.0763116)
(2.98377e-06 -0.000188303 0.11306)
(-0.00487125 -0.000102516 0.172686)
(-0.00146156 -9.031e-05 0.183438)
(-0.00146811 -9.63108e-06 0.184587)
(-0.000740262 -6.84452e-06 0.185738)
(-4.01188e-07 9.49882e-06 0.185735)
(0.00074041 -6.82677e-06 0.185737)
(0.00146754 -9.61383e-06 0.184587)
(0.00146239 -9.028e-05 0.183442)
(0.00487262 -0.000102673 0.172709)
(3.1581e-06 -0.00035556 0.153511)
(-0.00564016 -0.000222884 0.225976)
(-0.00221898 -0.000275623 0.242619)
(-0.00185811 -7.20232e-05 0.245157)
(-0.0010056 -6.72301e-05 0.246681)
(-4.02118e-07 -4.66776e-05 0.246894)
(0.001006 -6.71968e-05 0.24668)
(0.00185756 -7.20105e-05 0.245158)
(0.00222015 -0.000275574 0.242625)
(0.00564178 -0.000223217 0.226004)
(2.85073e-06 -0.00054495 0.180255)
(-0.00522195 -0.000355318 0.257106)
(-0.00240225 -0.000495443 0.27888)
(-0.00186061 -0.00017119 0.282951)
(-0.00103844 -0.00015949 0.284781)
(-3.27997e-07 -0.000139825 0.285186)
(0.00103906 -0.000159445 0.284781)
(0.00186021 -0.000171185 0.282953)
(0.00240357 -0.000495387 0.278887)
(0.00522371 -0.000355824 0.257136)
(2.40767e-06 -0.000796368 0.20366)
(-0.0043955 -0.000498017 0.279659)
(-0.0022729 -0.000713055 0.304463)
(-0.00169462 -0.000290564 0.309835)
(-0.000965656 -0.000265765 0.311902)
(-2.60953e-07 -0.000250168 0.312438)
(0.000966388 -0.000265713 0.311901)
(0.0016944 -0.000290571 0.309837)
(0.0022743 -0.000713006 0.304472)
(0.00439734 -0.000498673 0.279688)
(1.91853e-06 -0.00106283 0.227796)
(-0.00351501 -0.000610449 0.298538)
(-0.00202407 -0.000897891 0.324332)
(-0.00148442 -0.000414224 0.330565)
(-0.00086376 -0.000369375 0.332822)
(-2.42692e-07 -0.000359838 0.333433)
(0.000864474 -0.000369327 0.332821)
(0.00148437 -0.000414253 0.330567)
(0.00202556 -0.000897865 0.324341)
(0.00351693 -0.000611241 0.298565)
(1.439e-06 -0.00125872 0.254063)
(-0.00274585 -0.000672465 0.315034)
(-0.00176486 -0.00102841 0.340082)
(-0.00128619 -0.000532536 0.346871)
(-0.000768958 -0.000460838 0.349291)
(-2.83926e-07 -0.000458141 0.349952)
(0.00076953 -0.000460816 0.349291)
(0.00128628 -0.00053261 0.346873)
(0.00176644 -0.00102843 0.340092)
(0.00274784 -0.000673371 0.315058)
(1.03426e-06 -0.00128197 0.281056)
(-0.00211748 -0.000693189 0.328816)
(-0.0015308 -0.00110575 0.351822)
(-0.00110584 -0.000645535 0.358955)
(-0.00068778 -0.000540901 0.361503)
(-3.59668e-07 -0.000544005 0.362213)
(0.000688139 -0.000540939 0.361503)
(0.00110602 -0.000645691 0.358957)
(0.00153246 -0.00110583 0.351831)
(0.00211952 -0.000694176 0.328835)
(7.45672e-07 -0.00111554 0.305091)
(-0.0015743 -0.000692938 0.339327)
(-0.00130866 -0.00113334 0.359097)
(-0.000927472 -0.000746394 0.36607)
(-0.000611991 -0.000607425 0.368655)
(-4.06576e-07 -0.000613199 0.369412)
(0.000612178 -0.000607563 0.368655)
(0.000927731 -0.000746674 0.366072)
(0.00131034 -0.00113347 0.359104)
(0.00157634 -0.000693953 0.339342)
(5.43873e-07 -0.000852085 0.323207)
(-0.00106323 -0.000686794 0.345999)
(-0.00108015 -0.00110581 0.361234)
(-0.000745449 -0.000810563 0.367293)
(-0.000535273 -0.000644939 0.369778)
(-3.46902e-07 -0.000647259 0.370568)
(0.000535466 -0.000645192 0.369777)
(0.000745778 -0.000810983 0.367294)
(0.00108177 -0.00110598 0.361239)
(0.0010652 -0.000687781 0.346009)
(1.09662e-06 4.30242e-05 0.0816109)
(-0.00048317 1.36856e-05 0.0800547)
(-0.000255067 2.48277e-07 0.0841856)
(-0.000419195 -1.70605e-05 0.0876278)
(-0.000154549 -1.86796e-05 0.0902683)
(4.10962e-08 -2.14172e-05 0.0911225)
(0.000154696 -1.86857e-05 0.0902691)
(0.000419141 -1.70578e-05 0.0876302)
(0.000254985 2.36715e-07 0.0841916)
(0.000483931 1.36834e-05 0.0800651)
(1.84163e-06 -8.74124e-05 0.173743)
(-0.00124309 -5.90472e-05 0.176237)
(-0.000329863 -9.21173e-05 0.183999)
(-0.000587268 -0.000107193 0.189263)
(-0.00022323 -0.000115582 0.193121)
(3.38266e-07 -0.000118455 0.194332)
(0.000223939 -0.000115579 0.193122)
(0.00058744 -0.000107151 0.189267)
(0.000329874 -9.21354e-05 0.184008)
(0.00124418 -5.90652e-05 0.176255)
(1.66777e-06 -0.000375178 0.218834)
(-0.00147111 -0.000198028 0.229866)
(-0.000283028 -0.000232155 0.241609)
(-0.000493995 -0.000204066 0.248004)
(-0.00019233 -0.000216962 0.252358)
(6.66788e-07 -0.000218697 0.253742)
(0.000193651 -0.000216926 0.252359)
(0.000494557 -0.000203954 0.248008)
(0.000283195 -0.000232148 0.24162)
(0.00147195 -0.000198056 0.229889)
(1.38732e-06 -0.000704726 0.245997)
(-0.00144842 -0.000347736 0.262648)
(-0.000241609 -0.000373169 0.277812)
(-0.000373633 -0.000284931 0.285333)
(-0.000142387 -0.000298243 0.290046)
(9.05782e-07 -0.000298789 0.291575)
(0.000144157 -0.000298158 0.290047)
(0.000374528 -0.000284726 0.285338)
(0.00024191 -0.000373106 0.277825)
(0.00144902 -0.000347772 0.262673)
(1.14005e-06 -0.00104105 0.267653)
(-0.00133227 -0.000497078 0.287093)
(-0.000206888 -0.000512896 0.304293)
(-0.000274251 -0.000353249 0.312779)
(-9.4861e-05 -0.000361444 0.317755)
(1.04815e-06 -0.000360377 0.319395)
(9.69041e-05 -0.000361295 0.317756)
(0.000275387 -0.000352929 0.312783)
(0.000207318 -0.000512752 0.304307)
(0.00133277 -0.000497129 0.287117)
(9.35512e-07 -0.00135472 0.287789)
(-0.00115905 -0.000624869 0.307782)
(-0.000173653 -0.000637761 0.325425)
(-0.000203298 -0.000406743 0.334534)
(-5.79288e-05 -0.00040479 0.339704)
(1.09581e-06 -0.000401724 0.34142)
(6.00756e-05 -0.000404555 0.339706)
(0.000204587 -0.000406298 0.334539)
(0.000174237 -0.000637521 0.325439)
(0.0011596 -0.000624936 0.307805)
(7.88526e-07 -0.00158556 0.307501)
(-0.000958285 -0.000714678 0.325993)
(-0.000147068 -0.000743278 0.342679)
(-0.000159857 -0.000447975 0.352031)
(-3.59356e-05 -0.000431455 0.357349)
(1.05272e-06 -0.000426268 0.359113)
(3.80259e-05 -0.000431119 0.357351)
(0.000161217 -0.000447411 0.352037)
(0.000147848 -0.00074294 0.342692)
(0.000959043 -0.00071476 0.326014)
(7.19537e-07 -0.00169301 0.326374)
(-0.000765469 -0.000769119 0.341579)
(-0.000132481 -0.000822248 0.356364)
(-0.000136399 -0.000482497 0.365744)
(-2.78764e-05 -0.000448767 0.371199)
(9.31996e-07 -0.000442213 0.373007)
(2.97743e-05 -0.000448332 0.371201)
(0.000137761 -0.00048185 0.365751)
(0.000133494 -0.000821835 0.356377)
(0.000766528 -0.000769221 0.341596)
(7.24862e-07 -0.00168522 0.342998)
(-0.00059125 -0.000802501 0.354144)
(-0.000123518 -0.000875198 0.366903)
(-0.000120013 -0.000514946 0.376198)
(-2.7928e-05 -0.000463526 0.381784)
(7.53205e-07 -0.000457102 0.383637)
(2.95321e-05 -0.000463027 0.381786)
(0.000121325 -0.000514277 0.376205)
(0.000124783 -0.000874746 0.366916)
(0.000592642 -0.000802623 0.354158)
(7.44006e-07 -0.00160585 0.355633)
(-0.00042428 -0.000822345 0.363219)
(-0.000106284 -0.000901083 0.374495)
(-9.8711e-05 -0.000550204 0.383667)
(-3.0241e-05 -0.000484953 0.389374)
(5.4084e-07 -0.000480564 0.391266)
(3.14929e-05 -0.000484455 0.389378)
(9.9939e-05 -0.000549606 0.383674)
(0.000107796 -0.000900647 0.374507)
(0.000425958 -0.000822501 0.363232)
(4.62657e-07 -5.62793e-05 0.0506388)
(-0.00120483 -1.55222e-05 0.0803259)
(-3.9406e-05 8.4402e-06 0.0862547)
(-0.000242694 2.24186e-05 0.0864765)
(-5.38005e-05 2.91051e-05 0.0868743)
(2.78001e-08 3.34859e-05 0.0867732)
(5.42603e-05 2.91169e-05 0.0868733)
(0.000242828 2.24369e-05 0.0864756)
(3.96709e-05 8.46714e-06 0.086255)
(0.00120496 -1.55192e-05 0.0803342)
(2.00737e-06 7.06982e-05 0.129411)
(-0.00350627 2.59032e-06 0.18073)
(-0.00122703 -9.80208e-08 0.189319)
(-0.00124523 6.79957e-05 0.189348)
(-0.000570991 7.55003e-05 0.189873)
(-3.00468e-07 8.84663e-05 0.189739)
(0.000571389 7.55266e-05 0.189872)
(0.00124502 6.80485e-05 0.189347)
(0.00122776 -2.59799e-08 0.189319)
(0.00350735 2.60118e-06 0.180743)
(2.9317e-06 0.000192608 0.177524)
(-0.00449888 -4.71305e-06 0.235373)
(-0.00206218 -0.000104123 0.248287)
(-0.00181608 3.93083e-05 0.249413)
(-0.000896213 4.31322e-05 0.250299)
(-5.11149e-07 6.02188e-05 0.250313)
(0.000896473 4.31565e-05 0.250298)
(0.00181561 3.93723e-05 0.249412)
(0.00206322 -0.000104058 0.248289)
(0.00450081 -4.88227e-06 0.235392)
(2.97539e-06 0.000284362 0.204249)
(-0.00442097 -6.76094e-05 0.265837)
(-0.00233035 -0.00026929 0.283242)
(-0.00194499 -4.68076e-05 0.285844)
(-0.000990925 -4.81478e-05 0.287109)
(-5.67362e-07 -2.71741e-05 0.287297)
(0.000991158 -4.81259e-05 0.287108)
(0.00194448 -4.67512e-05 0.285844)
(0.00233159 -0.000269268 0.283247)
(0.00442335 -6.79749e-05 0.265859)
(2.66753e-06 0.000138261 0.224369)
(-0.00384955 -0.000166192 0.286587)
(-0.00228216 -0.000461678 0.307512)
(-0.00185366 -0.000170529 0.311456)
(-0.000964602 -0.000174743 0.313031)
(-5.60469e-07 -0.000150476 0.313361)
(0.000964843 -0.000174727 0.31303)
(0.00185325 -0.000170497 0.311457)
(0.00228355 -0.000461717 0.307519)
(0.00385209 -0.0001667 0.28661)
(2.26059e-06 -4.0345e-05 0.243704)
(-0.00316621 -0.000273443 0.303294)
(-0.00209382 -0.000644865 0.326339)
(-0.00167643 -0.00030457 0.331344)
(-0.000888521 -0.000306747 0.333166)
(-5.53023e-07 -0.000282755 0.333598)
(0.000888734 -0.000306752 0.333165)
(0.00167616 -0.000304583 0.331345)
(0.00209533 -0.000644976 0.326346)
(0.00316875 -0.000274082 0.303317)
(1.83073e-06 -0.000246162 0.264685)
(-0.00253439 -0.000356949 0.317948)
(-0.00186481 -0.000794182 0.341355)
(-0.00148324 -0.000434937 0.347135)
(-0.000801567 -0.000429604 0.349158)
(-5.73215e-07 -0.000407231 0.349666)
(0.000801683 -0.000429646 0.349158)
(0.00148311 -0.000435025 0.347137)
(0.0018664 -0.000794375 0.341363)
(0.00253689 -0.000357698 0.317969)
(1.41913e-06 -0.000388639 0.287473)
(-0.00198815 -0.000402692 0.330721)
(-0.00163931 -0.000906017 0.352633)
(-0.00130081 -0.00055914 0.358873)
(-0.000720285 -0.000540304 0.36104)
(-6.085e-07 -0.000519017 0.361609)
(0.000720264 -0.000540404 0.361039)
(0.00130079 -0.00055934 0.358874)
(0.00164094 -0.000906292 0.35264)
(0.00199059 -0.000403514 0.330738)
(1.07892e-06 -0.000396432 0.309079)
(-0.00151109 -0.000424536 0.340848)
(-0.00142341 -0.000972223 0.359547)
(-0.00112907 -0.000661285 0.365691)
(-0.000646441 -0.00062408 0.367898)
(-6.00102e-07 -0.000601248 0.36852)
(0.000646342 -0.00062426 0.367897)
(0.00112914 -0.000661629 0.365692)
(0.00142502 -0.000972558 0.359553)
(0.00151344 -0.000425378 0.340861)
(8.22351e-07 -0.000309594 0.325775)
(-0.00107993 -0.000445886 0.347145)
(-0.00121394 -0.000985443 0.361256)
(-0.000965118 -0.000708843 0.366554)
(-0.000578313 -0.00065017 0.368665)
(-4.79134e-07 -0.000621098 0.369323)
(0.000578318 -0.000650436 0.368664)
(0.000965262 -0.000709323 0.366554)
(0.00121543 -0.000985775 0.36126)
(0.00108216 -0.000446692 0.347154)
(7.66764e-07 3.63677e-05 0.0866981)
(0.000465421 4.37397e-05 0.0763971)
(0.000456171 4.7259e-06 0.0808008)
(0.00037964 -1.13583e-05 0.0841653)
(0.000310308 -1.5281e-05 0.0867612)
(3.40279e-07 -2.13755e-05 0.0876325)
(-0.000309894 -1.52838e-05 0.0867617)
(-0.000379599 -1.13793e-05 0.0841671)
(-0.000456462 4.69467e-06 0.0808066)
(-0.000464932 4.36712e-05 0.0764071)
(6.38228e-07 -0.000248267 0.18369)
(0.000896611 7.51347e-05 0.173238)
(0.00136802 1.93748e-06 0.180427)
(0.000829484 -2.22836e-05 0.185341)
(0.000609836 -3.27164e-05 0.189057)
(9.61115e-07 -4.14457e-05 0.19023)
(-0.000608333 -3.27031e-05 0.189057)
(-0.000828625 -2.22871e-05 0.185343)
(-0.0013682 1.83773e-06 0.180435)
(-0.000896501 7.49733e-05 0.173255)
(3.19368e-07 -0.000423294 0.23628)
(0.000763068 0.000103463 0.231993)
(0.00155773 3.32422e-05 0.241048)
(0.000876899 3.89349e-05 0.246464)
(0.000631386 1.45857e-05 0.250579)
(1.27298e-06 6.94624e-06 0.251851)
(-0.000629261 1.46365e-05 0.250579)
(-0.000875522 3.89928e-05 0.246466)
(-0.00155773 3.31535e-05 0.241057)
(-0.000763358 0.000103281 0.232013)
(1.46739e-07 -0.000700727 0.268908)
(0.000394097 0.00015672 0.268703)
(0.00133981 6.7056e-05 0.279435)
(0.000745832 0.000118471 0.285546)
(0.00055155 8.05962e-05 0.289971)
(1.39718e-06 7.76066e-05 0.291351)
(-0.00054915 8.06997e-05 0.289971)
(-0.000744225 0.000118619 0.285549)
(-0.00133965 6.70494e-05 0.279446)
(-0.000394531 0.000156543 0.268724)
(1.04926e-07 -0.000542541 0.292024)
(3.72634e-05 0.000194238 0.29422)
(0.00107507 9.12089e-05 0.306558)
(0.000612785 0.000206384 0.31354)
(0.000472823 0.00015974 0.31821)
(1.43375e-06 0.000164132 0.319696)
(-0.000470318 0.000159904 0.318211)
(-0.000611078 0.000206648 0.313544)
(-0.00107476 9.13128e-05 0.306569)
(-3.76519e-05 0.000194101 0.29424)
(1.39306e-07 -0.000457865 0.309946)
(-0.000122907 0.000230423 0.313632)
(0.000896885 9.81855e-05 0.327258)
(0.00053315 0.000292113 0.335094)
(0.000423103 0.000240272 0.339969)
(1.42009e-06 0.000252125 0.341546)
(-0.000420591 0.000240503 0.33997)
(-0.0005314 0.000292509 0.335098)
(-0.000896394 9.84128e-05 0.32727)
(0.000122685 0.00023033 0.313652)
(2.2551e-07 -0.000337852 0.324635)
(-0.000102116 0.000273096 0.329693)
(0.000810756 0.000106286 0.343706)
(0.000502456 0.000377351 0.352176)
(0.000397883 0.000324946 0.357237)
(1.36076e-06 0.000342393 0.35889)
(-0.000395446 0.000325245 0.357239)
(-0.000500697 0.000377876 0.352181)
(-0.000810065 0.000106635 0.343718)
(0.000102156 0.00027303 0.329711)
(3.42317e-07 -0.000227264 0.337137)
(6.24003e-06 0.000335233 0.343503)
(0.000777103 0.000134041 0.356887)
(0.000497698 0.000464181 0.365664)
(0.00038348 0.000415239 0.37089)
(1.24693e-06 0.000434636 0.372608)
(-0.00038121 0.000415597 0.370892)
(-0.000495964 0.000464811 0.365669)
(-0.000776192 0.000134478 0.356899)
(-5.86849e-06 0.000335129 0.343519)
(4.59762e-07 -0.000166458 0.348184)
(0.000122457 0.000422801 0.355065)
(0.000763853 0.000184433 0.367185)
(0.000503122 0.000538768 0.376021)
(0.000370692 0.000496192 0.381396)
(1.06797e-06 0.000512314 0.38317)
(-0.000368696 0.000496589 0.381398)
(-0.000501447 0.000539442 0.376027)
(-0.000762712 0.000184897 0.367197)
(-0.000121738 0.000422603 0.355079)
(5.29966e-07 -0.000100505 0.357563)
(0.000219422 0.000528826 0.363699)
(0.000758219 0.000237828 0.374526)
(0.000513539 0.000569037 0.383337)
(0.000356604 0.00053221 0.388856)
(8.25916e-07 0.000539796 0.390677)
(-0.000354982 0.00053261 0.388859)
(-0.000511948 0.000569653 0.383344)
(-0.000756842 0.000238233 0.374537)
(-0.000218399 0.000528519 0.363711)
(-1.16769e-07 -0.000105643 0.0558841)
(0.000424426 6.86691e-05 0.0825336)
(0.00159273 0.000126472 0.0892526)
(0.000992646 0.000123353 0.0901948)
(0.000468707 0.000116345 0.091117)
(1.89963e-07 0.000117161 0.0913047)
(-0.000467974 0.000116354 0.0911163)
(-0.000992356 0.000123365 0.0901946)
(-0.00159252 0.000126519 0.0892535)
(-0.000424628 6.86798e-05 0.0825406)
(1.70829e-06 0.00109992 0.144603)
(-0.00246469 0.000200628 0.183641)
(-0.000730324 0.000196041 0.192432)
(-0.000488752 0.000195268 0.193017)
(-0.000237821 0.000175092 0.19392)
(-2.68501e-07 0.000177172 0.194051)
(0.000238111 0.000175123 0.193919)
(0.000488186 0.000195285 0.193016)
(0.000730839 0.000196081 0.192432)
(0.00246599 0.00020049 0.18365)
(3.00992e-06 0.000114905 0.188048)
(-0.00356292 0.000316223 0.236044)
(-0.00171451 0.000129404 0.248688)
(-0.00115384 0.000136674 0.250272)
(-0.000558321 0.000107914 0.251322)
(-4.72738e-07 0.000113605 0.251452)
(0.000558436 0.000107956 0.25132)
(0.00115297 0.000136667 0.250271)
(0.00171531 0.000129389 0.24869)
(0.00356526 0.000315939 0.236057)
(3.24265e-06 0.002214 0.207231)
(-0.0033803 0.000245289 0.265592)
(-0.00176991 1.21756e-05 0.282695)
(-0.00123027 5.02278e-05 0.285431)
(-0.000606848 7.76329e-06 0.286751)
(-4.9848e-07 1.83452e-05 0.286952)
(0.000606991 7.81856e-06 0.28675)
(0.00122946 5.01823e-05 0.285431)
(0.00177096 1.20683e-05 0.282699)
(0.00338309 0.000244864 0.26561)
(2.91571e-06 0.00104523 0.223288)
(-0.00263429 0.000226098 0.28654)
(-0.00162672 -0.000114262 0.307175)
(-0.00115227 -6.82375e-05 0.310935)
(-0.000583108 -0.00012162 0.312543)
(-5.00779e-07 -0.000106884 0.312842)
(0.000583254 -0.000121564 0.312542)
(0.00115159 -6.8343e-05 0.310936)
(0.00162799 -0.000114483 0.30718)
(0.00263719 0.00022551 0.286561)
(2.49649e-06 0.00116134 0.242233)
(-0.00208279 0.000175597 0.303699)
(-0.00149747 -0.000235707 0.326178)
(-0.00105443 -0.000205425 0.330863)
(-0.000545687 -0.000262759 0.332723)
(-5.32896e-07 -0.000245134 0.333118)
(0.000545742 -0.000262726 0.332722)
(0.0010539 -0.000205615 0.330864)
(0.00149891 -0.000236031 0.326185)
(0.00208568 0.000174841 0.303719)
(2.08537e-06 0.00106894 0.264783)
(-0.0017201 0.000120207 0.318499)
(-0.0013848 -0.000345009 0.341076)
(-0.000957862 -0.000343618 0.346549)
(-0.000503281 -0.000408302 0.348607)
(-6.00536e-07 -0.000386647 0.349085)
(0.000503156 -0.000408314 0.348606)
(0.000957441 -0.000343923 0.34655)
(0.00138637 -0.000345435 0.341082)
(0.00172294 0.000119323 0.318518)
(1.70822e-06 0.000899246 0.289189)
(-0.00140173 6.70906e-05 0.331043)
(-0.00125582 -0.000453626 0.352164)
(-0.000858483 -0.000480548 0.358151)
(-0.000454431 -0.000553493 0.360336)
(-6.73701e-07 -0.000526193 0.360885)
(0.000454091 -0.00055359 0.360336)
(0.000858147 -0.000480998 0.358152)
(0.00125748 -0.000454129 0.35217)
(0.00140451 6.61218e-05 0.331059)
(1.41198e-06 0.0007834 0.311125)
(-0.00106957 1.47469e-05 0.340846)
(-0.0011019 -0.000553759 0.358996)
(-0.000756166 -0.00058656 0.364934)
(-0.000401155 -0.000665385 0.367135)
(-6.84687e-07 -0.000631128 0.367743)
(0.000400687 -0.000665607 0.367135)
(0.000755901 -0.000587141 0.364935)
(0.00110357 -0.000554303 0.359001)
(0.00107229 1.36827e-05 0.340858)
(1.21157e-06 0.000731595 0.326926)
(-0.00074115 -5.75467e-05 0.346933)
(-0.000936584 -0.000608879 0.360714)
(-0.000656255 -0.000606887 0.365869)
(-0.000349954 -0.000681339 0.367958)
(-5.67282e-07 -0.000640578 0.368606)
(0.000349572 -0.000681697 0.367957)
(0.000656055 -0.00060752 0.365868)
(0.00093812 -0.00060941 0.360717)
(0.000743801 -5.87052e-05 0.346941)
(-3.2142e-06 -0.00197226 0.0478567)
(0.0129043 0.000648982 0.047137)
(0.00955912 0.000462943 0.0593241)
(0.00593912 0.000380676 0.0668784)
(0.00301674 0.000391202 0.0702648)
(1.76989e-06 0.000389417 0.0712746)
(-0.00301351 0.000391206 0.0702652)
(-0.00593632 0.000380675 0.066881)
(-0.00955875 0.000462898 0.0593341)
(-0.0129072 0.00064906 0.0471572)
(-4.02459e-06 0.00226455 0.147385)
(0.0143194 0.00201488 0.14768)
(0.0128741 0.00183315 0.164283)
(0.00791248 0.00161336 0.173391)
(0.00399335 0.00157857 0.178608)
(3.00656e-06 0.00156314 0.180129)
(-0.00398803 0.0015786 0.178608)
(-0.00790813 0.0016134 0.173394)
(-0.012874 0.00183305 0.164297)
(-0.0143233 0.00201473 0.147707)
(-3.57293e-06 0.000749719 0.208975)
(0.0119613 0.00369661 0.221612)
(0.0109135 0.0029401 0.234862)
(0.0066941 0.0026139 0.242387)
(0.00341874 0.00251439 0.247653)
(3.06938e-06 0.00248128 0.24923)
(-0.00341335 0.00251445 0.247654)
(-0.00668982 0.00261403 0.24239)
(-0.0109135 0.00293986 0.234874)
(-0.0119655 0.00369604 0.221636)
(-3.07862e-06 0.00480421 0.261534)
(0.00959766 0.00521142 0.267026)
(0.0088958 0.00378586 0.277724)
(0.00550446 0.00337372 0.284704)
(0.00285722 0.00321247 0.289849)
(2.92971e-06 0.00316782 0.291438)
(-0.00285207 0.00321258 0.28985)
(-0.00550046 0.00337397 0.284707)
(-0.00889588 0.00378555 0.277735)
(-0.00960157 0.00521028 0.267046)
(-2.66311e-06 0.00839025 0.295606)
(0.00763158 0.00614211 0.295)
(0.00761517 0.00436625 0.305791)
(0.0047754 0.00398271 0.313372)
(0.00250864 0.00377003 0.318542)
(2.78269e-06 0.00371765 0.320169)
(-0.00250372 0.00377021 0.318543)
(-0.00477161 0.0039831 0.313376)
(-0.00761516 0.00436598 0.305802)
(-0.00763519 0.00614066 0.295019)
(-2.29876e-06 0.010067 0.316382)
(0.00653286 0.00676299 0.313941)
(0.00685598 0.00483566 0.326489)
(0.00434874 0.00450583 0.334967)
(0.00229933 0.00425348 0.340272)
(2.63217e-06 0.00419456 0.341959)
(-0.00229463 0.00425372 0.340273)
(-0.00434509 0.00450639 0.334972)
(-0.00685577 0.00483549 0.326502)
(-0.0065361 0.00676148 0.31396)
(-1.94107e-06 0.0106196 0.329206)
(0.00590746 0.00730578 0.329055)
(0.0063377 0.00525275 0.343054)
(0.00407343 0.00497434 0.352195)
(0.0021589 0.00468932 0.357663)
(2.45924e-06 0.00462265 0.359418)
(-0.00215446 0.00468963 0.357665)
(-0.00406989 0.00497503 0.3522)
(-0.00633724 0.00525267 0.343067)
(-0.00591023 0.00730432 0.329074)
(-1.58273e-06 0.0108607 0.3385)
(0.00534539 0.00780583 0.34228)
(0.0059112 0.0056413 0.356484)
(0.00387195 0.00537673 0.365929)
(0.00205111 0.00506676 0.371543)
(2.24764e-06 0.00498972 0.373364)
(-0.00204697 0.00506712 0.371545)
(-0.00386854 0.0053775 0.365935)
(-0.00591048 0.00564127 0.356497)
(-0.00534765 0.00780449 0.342297)
(-1.29376e-06 0.0106282 0.347126)
(0.0047581 0.00823274 0.353708)
(0.00551992 0.00598822 0.367011)
(0.00371271 0.00567507 0.376476)
(0.00196211 0.00534733 0.382206)
(1.97767e-06 0.00525792 0.384085)
(-0.00195838 0.00534771 0.382209)
(-0.00370945 0.00567579 0.376483)
(-0.00551891 0.00598816 0.367024)
(-0.00475988 0.0082315 0.353723)
(-1.09388e-06 0.010113 0.355401)
(0.00419237 0.00852656 0.362496)
(0.00514225 0.0062728 0.37447)
(0.00357728 0.00584023 0.383871)
(0.00188543 0.00549714 0.38971)
(1.63935e-06 0.00539542 0.391637)
(-0.00188221 0.00549749 0.389713)
(-0.00357417 0.00584072 0.383878)
(-0.00514094 0.00627261 0.374483)
(-0.00419368 0.0085253 0.362509)
(-4.2413e-07 0.00944845 0.33008)
(0.00512775 0.00249733 0.345637)
(0.00362248 0.000497836 0.356849)
(0.00246184 -0.000227834 0.362328)
(0.00134876 -0.000779705 0.364949)
(5.78201e-07 -0.000852855 0.365803)
(-0.00134732 -0.000780152 0.364948)
(-0.00246048 -0.000228541 0.362329)
(-0.00362125 0.00049674 0.356854)
(-0.00512756 0.00249607 0.345646)
(-5.94955e-07 0.00723344 0.33353)
(0.00451986 0.00192052 0.342793)
(0.00352927 4.63724e-05 0.349723)
(0.00242445 -0.000534012 0.354188)
(0.00132259 -0.00101988 0.356596)
(9.16065e-07 -0.00109415 0.357435)
(-0.00132065 -0.00102042 0.356595)
(-0.00242325 -0.000534775 0.354188)
(-0.00352838 4.53629e-05 0.349725)
(-0.00451985 0.00191962 0.342798)
(-7.52645e-07 0.0054463 0.330378)
(0.0041832 0.00135139 0.335017)
(0.00352368 -0.000282343 0.339014)
(0.00245493 -0.00075124 0.342628)
(0.00133076 -0.00116186 0.34478)
(1.21685e-06 -0.00123064 0.345572)
(-0.00132835 -0.0011624 0.344779)
(-0.00245389 -0.000751909 0.342627)
(-0.00352318 -0.000283224 0.339015)
(-0.00418341 0.00135066 0.335019)
(-9.57822e-07 0.0039804 0.321161)
(0.00405914 0.000807916 0.322603)
(0.00363622 -0.000533919 0.324546)
(0.00256954 -0.000899004 0.327445)
(0.0013861 -0.00123365 0.329337)
(1.49049e-06 -0.00129336 0.330059)
(-0.00138324 -0.00123412 0.329335)
(-0.00256866 -0.000899512 0.327444)
(-0.00363607 -0.000534697 0.324546)
(-0.00405959 0.000807479 0.322604)
(-1.17383e-06 0.00271983 0.306468)
(0.0041201 0.0002733 0.305969)
(0.00389123 -0.000764342 0.306426)
(0.00278489 -0.00102571 0.308757)
(0.00150018 -0.00128771 0.310405)
(1.74087e-06 -0.00133618 0.311043)
(-0.00149691 -0.00128804 0.310403)
(-0.00278415 -0.00102602 0.308755)
(-0.00389142 -0.000765004 0.306424)
(-0.0041208 0.00027304 0.305969)
(-1.36431e-06 0.00158639 0.287113)
(0.00433027 -0.000262894 0.285544)
(0.00428268 -0.000996431 0.284883)
(0.00309442 -0.00115501 0.286736)
(0.00167179 -0.00134776 0.288128)
(1.93059e-06 -0.00138375 0.288661)
(-0.00166823 -0.00134793 0.288126)
(-0.00309378 -0.00115514 0.286733)
(-0.00428317 -0.000996996 0.284881)
(-0.00433123 -0.000263019 0.285542)
(-1.46134e-06 0.000523431 0.262621)
(0.00460144 -0.000750664 0.260461)
(0.00470349 -0.00119558 0.258723)
(0.00340935 -0.00125782 0.260068)
(0.00185521 -0.00138409 0.261143)
(1.95843e-06 -0.00140742 0.261529)
(-0.00185163 -0.00138412 0.261141)
(-0.00340874 -0.00125779 0.260066)
(-0.00470414 -0.00119597 0.258721)
(-0.0046026 -0.000750705 0.26046)
(-1.31407e-06 -0.000324747 0.226905)
(0.00461983 -0.00108862 0.22392)
(0.00470428 -0.00128257 0.220702)
(0.00337158 -0.00125934 0.221511)
(0.00185842 -0.00132007 0.222151)
(1.60444e-06 -0.00133025 0.222333)
(-0.00185543 -0.00131998 0.222149)
(-0.00337101 -0.00125923 0.221509)
(-0.00470481 -0.00128271 0.2207)
(-0.00462085 -0.00108863 0.223918)
(-6.33678e-07 -0.000845373 0.155353)
(0.00329476 -0.00111982 0.151548)
(0.00290732 -0.00109692 0.147545)
(0.0019453 -0.00102811 0.1482)
(0.00111201 -0.00102925 0.148476)
(5.52548e-07 -0.00102603 0.148503)
(-0.0011107 -0.00102914 0.148475)
(-0.00194515 -0.00102796 0.148199)
(-0.00290732 -0.00109691 0.147544)
(-0.00329476 -0.00111981 0.151547)
(9.56037e-08 -0.000302247 0.0419388)
(0.000399111 -0.000303874 0.0410982)
(-0.000135126 -0.000268355 0.0406996)
(-0.00024117 -0.000252412 0.0413413)
(-0.00010122 -0.000249428 0.0416195)
(-3.80646e-07 -0.000246651 0.0417003)
(0.000100892 -0.000249412 0.0416199)
(0.000241091 -0.000252413 0.0413422)
(0.0001355 -0.000268331 0.0407007)
(-0.000398525 -0.000303884 0.0410991)
(-2.10001e-06 -0.000764934 0.360573)
(0.00119425 -0.00268556 0.367973)
(9.8945e-05 -0.0014926 0.3787)
(0.000543091 -0.00155233 0.388093)
(0.000312626 -0.00139524 0.393868)
(5.22851e-07 -0.0013374 0.395786)
(-0.000310871 -0.00139496 0.393873)
(-0.000540867 -0.00155187 0.388103)
(-9.5266e-05 -0.00149276 0.378714)
(-0.00119362 -0.00268579 0.367985)
(-1.47451e-06 -0.000681397 0.360477)
(0.00125708 -0.0025064 0.36651)
(0.000285036 -0.00143019 0.376367)
(0.000562165 -0.00143822 0.385374)
(0.000342263 -0.00131002 0.391066)
(5.78722e-07 -0.00125588 0.392937)
(-0.000340421 -0.00130992 0.391071)
(-0.000560244 -0.00143806 0.385385)
(-0.000282325 -0.0014314 0.37638)
(-0.00125648 -0.00251107 0.36652)
(-1.204e-06 -0.000720048 0.354071)
(0.00127317 -0.00235361 0.359145)
(0.000436789 -0.00134898 0.368043)
(0.000580791 -0.0013043 0.376508)
(0.000367767 -0.00119545 0.381988)
(7.70056e-07 -0.00114242 0.383767)
(-0.000365634 -0.00119543 0.381993)
(-0.000579121 -0.00130428 0.376519)
(-0.000434861 -0.00135015 0.368056)
(-0.00127273 -0.00235657 0.359154)
(-1.1114e-06 -0.000835397 0.342772)
(0.00128398 -0.00222178 0.346774)
(0.000562134 -0.00127912 0.354751)
(0.000604628 -0.00118852 0.362703)
(0.000394397 -0.00109204 0.367941)
(9.91823e-07 -0.00103874 0.369616)
(-0.000391924 -0.00109202 0.367947)
(-0.000603164 -0.0011885 0.362713)
(-0.000560837 -0.00128011 0.354764)
(-0.00128374 -0.00222377 0.34678)
(-1.07071e-06 -0.00100614 0.326981)
(0.00130708 -0.00211512 0.33)
(0.000654787 -0.00123451 0.337231)
(0.000622759 -0.00110893 0.344764)
(0.000418381 -0.00101993 0.349764)
(1.15865e-06 -0.000965741 0.351332)
(-0.00041565 -0.00101985 0.349769)
(-0.000621489 -0.00110885 0.344774)
(-0.000654004 -0.0012353 0.337242)
(-0.00130701 -0.00211659 0.330006)
(-1.03199e-06 -0.00119439 0.306253)
(0.00130195 -0.00202189 0.308357)
(0.000649731 -0.00120603 0.314966)
(0.000580534 -0.0010586 0.322149)
(0.000410278 -0.000973509 0.326883)
(1.18875e-06 -0.000918042 0.328348)
(-0.000407487 -0.000973357 0.326889)
(-0.000579459 -0.00105843 0.322159)
(-0.000649291 -0.00120665 0.314977)
(-0.00130193 -0.00202298 0.308363)
(-9.37806e-07 -0.00132541 0.277522)
(0.00113335 -0.00186829 0.278293)
(0.000369405 -0.00113165 0.284471)
(0.000345568 -0.000981526 0.291345)
(0.000295283 -0.000901691 0.295723)
(9.77448e-07 -0.000847325 0.297111)
(-0.000292778 -0.00090148 0.295728)
(-0.000344691 -0.000981291 0.291355)
(-0.000369072 -0.00113214 0.284482)
(-0.0011332 -0.00186909 0.278298)
(-7.17674e-07 -0.00127262 0.230906)
(0.000493192 -0.00154594 0.229315)
(-0.000540163 -0.000943303 0.235785)
(-0.000330911 -0.000818835 0.242324)
(-7.42874e-05 -0.000748987 0.246164)
(3.85215e-07 -0.000700061 0.247512)
(7.59468e-05 -0.000748759 0.24617)
(0.000331617 -0.000818591 0.242334)
(0.000540712 -0.000943662 0.235794)
(-0.000492707 -0.00154648 0.22932)
(-4.25359e-07 -0.000667336 0.140876)
(-0.000880155 -0.000710795 0.137622)
(-0.00219007 -0.000401014 0.144298)
(-0.00151438 -0.000355914 0.149669)
(-0.00077049 -0.000318114 0.152567)
(-5.08372e-07 -0.000290407 0.153773)
(0.000770766 -0.000317976 0.152574)
(0.00151515 -0.000355775 0.149678)
(0.00219107 -0.00040118 0.144305)
(0.000880756 -0.000711092 0.137626)
(-4.69244e-07 -4.45086e-06 0.0297423)
(-0.000851663 -5.90151e-06 0.0291181)
(-0.00141684 3.11711e-05 0.0307424)
(-0.000974388 2.36537e-05 0.0321189)
(-0.000544488 2.82365e-05 0.032934)
(-3.84628e-07 3.20841e-05 0.033277)
(0.00054439 2.82477e-05 0.0329356)
(0.000975192 2.36638e-05 0.0321213)
(0.00141759 3.1099e-05 0.0307442)
(0.000851428 -5.97281e-06 0.0291192)
(-8.09246e-08 -0.00151159 0.333541)
(-0.000536886 -0.0021054 0.348183)
(-0.00119228 -0.00148708 0.35938)
(-0.000467339 -0.0013157 0.364846)
(-0.000412473 -0.00102427 0.367405)
(-6.29042e-08 -0.000944158 0.36828)
(0.000413285 -0.00102454 0.367404)
(0.000468038 -0.00131612 0.364846)
(0.00119373 -0.00148729 0.359383)
(0.000538258 -0.00210629 0.348189)
(-2.18095e-07 -0.00135628 0.336843)
(-8.30956e-05 -0.00200349 0.344723)
(-0.000880395 -0.00138149 0.351914)
(-0.000318047 -0.0012243 0.356319)
(-0.00032559 -0.000965508 0.358667)
(2.43925e-07 -0.000877849 0.359532)
(0.00032687 -0.000965809 0.358666)
(0.000318765 -0.00122481 0.356318)
(0.000881482 -0.00138177 0.351916)
(8.415e-05 -0.00200445 0.344726)
(-4.08301e-07 -0.00128942 0.333474)
(0.000271074 -0.00187402 0.336357)
(-0.000629286 -0.00127579 0.340844)
(-0.000189491 -0.00113814 0.344436)
(-0.000253112 -0.000910515 0.346563)
(5.37437e-07 -0.000825071 0.347392)
(0.000254858 -0.000910786 0.346561)
(0.000190189 -0.00113861 0.344434)
(0.000630033 -0.00127608 0.340844)
(-0.000270357 -0.00187473 0.336358)
(-5.96239e-07 -0.0012746 0.324278)
(0.000558843 -0.0017451 0.323604)
(-0.000427863 -0.00117328 0.326291)
(-7.46052e-05 -0.00106443 0.329263)
(-0.000189747 -0.000863377 0.331165)
(7.77979e-07 -0.000787027 0.331945)
(0.000191895 -0.00086358 0.331163)
(7.52671e-05 -0.00106478 0.329261)
(0.000428284 -0.00117354 0.32629)
(-0.00055844 -0.00174573 0.323603)
(-7.65986e-07 -0.00128282 0.309926)
(0.000770543 -0.00162696 0.30675)
(-0.000299999 -0.00107671 0.308241)
(5.81582e-06 -0.00100422 0.310733)
(-0.000145319 -0.000824424 0.312405)
(9.27134e-07 -0.000761396 0.313138)
(0.000147742 -0.000824548 0.312403)
(-5.1757e-06 -0.00100439 0.310731)
(0.000300161 -0.0010769 0.308239)
(-0.000770399 -0.00162746 0.306749)
(-8.69278e-07 -0.00127399 0.289954)
(0.000840111 -0.00148075 0.284768)
(-0.000320824 -0.000964779 0.285844)
(-5.63372e-06 -0.000929793 0.28799)
(-0.000151768 -0.000768769 0.289421)
(9.30357e-07 -0.000719899 0.290123)
(0.00015425 -0.000768823 0.289419)
(6.27346e-06 -0.000929777 0.287987)
(0.00032085 -0.000964923 0.285841)
(-0.000840123 -0.00148112 0.284766)
(-8.47816e-07 -0.00118246 0.259806)
(0.000626514 -0.00126265 0.25286)
(-0.000622481 -0.000811815 0.254877)
(-0.000206799 -0.000813284 0.25685)
(-0.000266852 -0.000677298 0.258115)
(7.13952e-07 -0.000642012 0.258837)
(0.000269036 -0.000677291 0.258114)
(0.000207459 -0.000813136 0.256849)
(0.000622566 -0.000811917 0.254873)
(-0.000626528 -0.00126291 0.252856)
(-6.35038e-07 -0.000928121 0.208509)
(-3.44493e-05 -0.00090581 0.200402)
(-0.00130884 -0.00057912 0.204593)
(-0.000684368 -0.000608455 0.206408)
(-0.000546866 -0.000511368 0.207683)
(2.09392e-07 -0.000488985 0.208502)
(0.000548204 -0.000511326 0.207683)
(0.000685058 -0.000608267 0.206408)
(0.00130926 -0.000579178 0.204587)
(3.46164e-05 -0.000905952 0.200398)
(-2.66852e-07 -0.000313361 0.117636)
(-0.000843105 -0.000269351 0.111057)
(-0.00182163 -0.000164537 0.116314)
(-0.00108823 -0.000201362 0.117733)
(-0.000789622 -0.000163509 0.118988)
(-3.72026e-07 -0.000157267 0.119762)
(0.000789693 -0.000163482 0.118988)
(0.00108889 -0.000201254 0.117734)
(0.00182248 -0.000164537 0.116309)
(0.000843426 -0.000269388 0.111053)
(-5.16341e-08 1.67052e-05 0.0232071)
(-0.000423914 1.85995e-05 0.0221638)
(-0.000663569 1.58739e-05 0.0236853)
(-0.000409085 1.19076e-06 0.0243778)
(-0.000315281 4.72641e-06 0.0248922)
(-2.45122e-07 2.34823e-06 0.0251388)
(0.00031502 4.72028e-06 0.0248925)
(0.000409332 1.19897e-06 0.0243782)
(0.000664044 1.58711e-05 0.0236846)
(0.000424054 1.8595e-05 0.0221631)
(5.79263e-07 -0.00214993 0.36024)
(-0.00045009 -0.00172175 0.367046)
(-0.000544307 -0.00132627 0.378368)
(-0.000199816 -0.00117282 0.38791)
(-0.000211152 -0.000958394 0.393924)
(2.15196e-07 -0.000966365 0.395945)
(0.00021196 -0.000958098 0.393929)
(0.000200865 -0.00117239 0.387919)
(0.000546223 -0.00132581 0.378382)
(0.000452129 -0.0017221 0.367057)
(3.98645e-07 -0.00201553 0.358845)
(-0.00025156 -0.00171126 0.364804)
(-0.000472723 -0.00129974 0.375567)
(-0.000166767 -0.0011887 0.384751)
(-0.000194625 -0.000981693 0.390684)
(2.27044e-07 -0.00098471 0.392658)
(0.00019546 -0.000981519 0.390689)
(0.000167803 -0.00118842 0.384761)
(0.000474551 -0.00129937 0.37558)
(0.000253375 -0.00171163 0.364813)
(2.1155e-07 -0.00189302 0.351677)
(-0.000134219 -0.00163724 0.356807)
(-0.000438945 -0.00123192 0.366882)
(-0.000156333 -0.00114968 0.375579)
(-0.000187831 -0.000956456 0.381324)
(3.50722e-07 -0.000957774 0.383216)
(0.00018887 -0.000956366 0.38133)
(0.00015738 -0.00114949 0.375588)
(0.000440536 -0.00123161 0.366894)
(0.000135696 -0.00163759 0.356815)
(6.19128e-08 -0.00176435 0.339902)
(-9.75611e-05 -0.00152209 0.344023)
(-0.000472015 -0.00113347 0.353507)
(-0.000189133 -0.00107196 0.361766)
(-0.000203482 -0.000896045 0.367323)
(4.78126e-07 -0.000897856 0.369135)
(0.000204731 -0.000895996 0.367328)
(0.00019018 -0.00107179 0.361776)
(0.000473347 -0.00113318 0.353519)
(9.87296e-05 -0.00152235 0.344029)
(-1.64509e-08 -0.00160047 0.323189)
(-0.000163424 -0.00135672 0.326467)
(-0.000614461 -0.00100695 0.335799)
(-0.000297072 -0.000966695 0.343727)
(-0.000261569 -0.000811482 0.34915)
(5.22127e-07 -0.000814393 0.3509)
(0.000262896 -0.000811446 0.349155)
(0.000298073 -0.0009665 0.343737)
(0.000615596 -0.00100667 0.33581)
(0.000164415 -0.0013569 0.326472)
(6.80978e-09 -0.00134002 0.299264)
(-0.000374526 -0.00110321 0.301738)
(-0.000918365 -0.000817609 0.311576)
(-0.000519684 -0.000799526 0.319266)
(-0.0003876 -0.000669767 0.324633)
(4.19624e-07 -0.000674735 0.326338)
(0.000388768 -0.000669734 0.324639)
(0.00052057 -0.000799321 0.319276)
(0.000919416 -0.000817336 0.311587)
(0.000375532 -0.0011033 0.301743)
(1.53235e-07 -0.000975737 0.263057)
(-0.000755632 -0.000755136 0.264512)
(-0.00139045 -0.000562262 0.275493)
(-0.000866854 -0.000567461 0.282896)
(-0.000592531 -0.000468207 0.288284)
(1.3172e-07 -0.000474939 0.289957)
(0.000593219 -0.000468173 0.28829)
(0.00086754 -0.000567268 0.282907)
(0.00139157 -0.000562011 0.275504)
(0.000756855 -0.000755153 0.264516)
(4.01096e-07 -0.000541618 0.207225)
(-0.00117247 -0.000372088 0.207966)
(-0.00182736 -0.000283081 0.219675)
(-0.0012035 -0.000307053 0.226327)
(-0.000804041 -0.000242458 0.231594)
(-2.95518e-07 -0.000250707 0.233177)
(0.000803954 -0.000242432 0.2316)
(0.0012039 -0.000306905 0.226338)
(0.00182863 -0.00028288 0.219685)
(0.00117401 -0.000372063 0.20797)
(5.76084e-07 -9.15591e-05 0.116562)
(-0.00114341 -3.56246e-05 0.117114)
(-0.00158801 -2.47443e-05 0.126459)
(-0.00109063 -3.98388e-05 0.131104)
(-0.000750971 -2.0664e-05 0.13529)
(-6.01225e-07 -2.50368e-05 0.136487)
(0.000750171 -2.06551e-05 0.135295)
(0.00109067 -3.97836e-05 0.131114)
(0.00158919 -2.46666e-05 0.126466)
(0.00114497 -3.56012e-05 0.117117)
(2.71392e-07 2.81063e-05 0.0230175)
(-0.000324143 2.21021e-05 0.0231685)
(-0.000392898 1.74536e-05 0.0251593)
(-0.000283696 1.63217e-05 0.0262754)
(-0.000208647 1.56619e-05 0.0272778)
(-2.6589e-07 1.45102e-05 0.0275842)
(0.000208211 1.56592e-05 0.0272789)
(0.000283592 1.63182e-05 0.0262776)
(0.000393279 1.74439e-05 0.0251611)
(0.000324738 2.2101e-05 0.0231692)
(3.51201e-07 -0.000613906 0.333161)
(-0.000603317 -0.000662286 0.347251)
(-0.000863648 -0.00102136 0.357662)
(-0.000580824 -0.000806032 0.362515)
(-0.000464496 -0.000633786 0.364838)
(-1.55252e-07 -0.000628349 0.36564)
(0.000464938 -0.000634119 0.364837)
(0.000581213 -0.000806549 0.362515)
(0.000865096 -0.00102154 0.357665)
(0.000605091 -0.000663199 0.347257)
(1.42196e-07 -0.000461311 0.335076)
(-0.000234471 -0.000600233 0.342685)
(-0.000689835 -0.000902025 0.349429)
(-0.000449862 -0.000745262 0.353308)
(-0.000408183 -0.000586123 0.355472)
(8.81172e-08 -0.000575525 0.356268)
(0.000408995 -0.000586474 0.355471)
(0.000450279 -0.000745803 0.353307)
(0.000691043 -0.000902202 0.34943)
(0.000235963 -0.00060105 0.342688)
(-5.45227e-08 -0.000378693 0.330553)
(4.43318e-05 -0.000517819 0.333365)
(-0.000567935 -0.00077658 0.337728)
(-0.000352973 -0.000664178 0.340884)
(-0.000368929 -0.000528632 0.3429)
(2.99749e-07 -0.000517416 0.343672)
(0.000370083 -0.000528952 0.342899)
(0.000353378 -0.000664683 0.340882)
(0.000568904 -0.000776739 0.337728)
(-4.31045e-05 -0.000518514 0.333365)
(-2.22104e-07 -0.000331714 0.320089)
(0.000239399 -0.000428299 0.319502)
(-0.000507219 -0.000646948 0.322321)
(-0.000294194 -0.000569789 0.324906)
(-0.000351264 -0.000460952 0.326777)
(4.39915e-07 -0.000452661 0.327515)
(0.000352661 -0.000461211 0.326775)
(0.000294566 -0.000570217 0.324904)
(0.000507993 -0.000647074 0.322319)
(-0.000238378 -0.000428857 0.319501)
(-3.40229e-07 -0.000275969 0.303507)
(0.00034051 -0.000311886 0.300331)
(-0.000518477 -0.000498508 0.302317)
(-0.000281157 -0.000454261 0.304435)
(-0.000360524 -0.000372569 0.306174)
(4.82027e-07 -0.000369243 0.306882)
(0.000362015 -0.000372759 0.306172)
(0.000281491 -0.000454601 0.304433)
(0.000519129 -0.000498597 0.302315)
(-0.000339623 -0.000312308 0.300329)
(-3.91933e-07 -0.000185522 0.279006)
(0.000340521 -0.000168059 0.273823)
(-0.000587395 -0.000332057 0.27599)
(-0.000305176 -0.000317608 0.277696)
(-0.000392854 -0.000262053 0.279345)
(4.18939e-07 -0.000264749 0.280025)
(0.000394259 -0.000262177 0.279343)
(0.000305486 -0.000317864 0.277694)
(0.000588008 -0.000332116 0.275987)
(-0.000339711 -0.000168356 0.27382)
(-3.63978e-07 -6.34274e-05 0.243273)
(0.000261082 -1.75125e-05 0.237232)
(-0.000646761 -0.000161972 0.240132)
(-0.000323541 -0.00017093 0.241255)
(-0.000421972 -0.000139004 0.242814)
(2.72375e-07 -0.000147145 0.243442)
(0.000423106 -0.000139078 0.242812)
(0.000323843 -0.000171121 0.241253)
(0.000647397 -0.000162008 0.240128)
(-0.00026033 -1.76963e-05 0.237229)
(-2.58398e-07 4.20845e-05 0.191714)
(0.000177165 8.85113e-05 0.185923)
(-0.000551461 -2.12337e-05 0.188984)
(-0.00024806 -4.39081e-05 0.189243)
(-0.000382962 -3.06422e-05 0.19057)
(1.0751e-07 -4.30129e-05 0.191056)
(0.000383688 -3.06921e-05 0.190568)
(0.000248349 -4.40547e-05 0.189241)
(0.000552104 -2.12441e-05 0.188979)
(-0.000176524 8.84206e-05 0.185919)
(-8.82759e-08 4.1772e-05 0.109395)
(0.000160319 6.1569e-05 0.105639)
(-0.000150771 1.94915e-05 0.107712)
(-8.18107e-06 4.636e-06 0.10735)
(-0.000185573 7.65024e-06 0.108246)
(2.41291e-08 5.22197e-08 0.108487)
(0.000185855 7.64286e-06 0.108244)
(8.38659e-06 4.56598e-06 0.107348)
(0.00015123 1.94795e-05 0.107708)
(-0.000159947 6.15497e-05 0.105636)
(8.7898e-09 3.58317e-06 0.021479)
(7.28224e-05 5.30428e-06 0.0209369)
(6.62346e-05 3.27376e-06 0.0216552)
(6.46815e-05 1.06125e-06 0.0218454)
(-8.15841e-06 2.07241e-06 0.0221824)
(2.20426e-08 1.72301e-07 0.0222776)
(8.19633e-06 2.08658e-06 0.0221822)
(-6.46423e-05 1.05011e-06 0.0218453)
(-6.61285e-05 3.26521e-06 0.0216549)
(-7.27466e-05 5.30838e-06 0.0209365)
(6.75588e-07 -0.00150649 0.361061)
(-0.000272256 -0.000830106 0.367059)
(-7.96968e-05 -0.000904127 0.377634)
(-6.9758e-05 -0.000587931 0.386692)
(-3.32003e-05 -0.000517629 0.39249)
(3.65241e-07 -0.000517105 0.394395)
(3.41559e-05 -0.000517216 0.392494)
(7.09057e-05 -0.00058751 0.386701)
(8.13763e-05 -0.000903748 0.377647)
(0.000274034 -0.000830309 0.367069)
(5.18742e-07 -0.00141792 0.358523)
(-0.00016615 -0.000828911 0.364331)
(-6.46739e-05 -0.000887223 0.374495)
(-4.60102e-05 -0.000607572 0.383275)
(-4.09712e-05 -0.000537587 0.389027)
(3.15574e-07 -0.000541238 0.390887)
(4.18276e-05 -0.000537303 0.389031)
(4.71254e-05 -0.000607354 0.383284)
(6.63544e-05 -0.000886884 0.374507)
(0.000167787 -0.000829149 0.364339)
(3.60525e-07 -0.00133259 0.350423)
(-0.00011945 -0.000805525 0.355787)
(-8.58881e-05 -0.000844294 0.365438)
(-4.81313e-05 -0.000591275 0.373816)
(-6.04332e-05 -0.000523468 0.379416)
(3.64424e-07 -0.000530465 0.381197)
(6.1347e-05 -0.000523297 0.379422)
(4.92538e-05 -0.000591191 0.373826)
(8.74416e-05 -0.000843954 0.365449)
(0.000120829 -0.00080575 0.355794)
(2.43109e-07 -0.00122578 0.337546)
(-0.000141511 -0.00074487 0.342228)
(-0.000161651 -0.000771185 0.351476)
(-9.02369e-05 -0.000547751 0.359473)
(-9.86639e-05 -0.000485282 0.364924)
(4.27658e-07 -0.000494754 0.366634)
(9.96582e-05 -0.000485189 0.364929)
(9.1364e-05 -0.000547732 0.359482)
(0.000163039 -0.00077085 0.351487)
(0.000142644 -0.000745035 0.342233)
(1.9025e-07 -0.00106283 0.319205)
(-0.000240402 -0.000643985 0.3233)
(-0.000301173 -0.000666794 0.332557)
(-0.000181344 -0.000472103 0.340189)
(-0.000161691 -0.000416376 0.345551)
(4.43204e-07 -0.000427969 0.347206)
(0.00016268 -0.000416327 0.345556)
(0.00018243 -0.000472103 0.340198)
(0.000302422 -0.000666472 0.332567)
(0.00024138 -0.000644081 0.323304)
(2.21694e-07 -0.000842867 0.293326)
(-0.000418116 -0.000493981 0.296986)
(-0.000501317 -0.000519937 0.306687)
(-0.000325691 -0.000356731 0.314)
(-0.000251336 -0.000309255 0.319348)
(3.78164e-07 -0.000322131 0.320935)
(0.00025217 -0.00030923 0.319353)
(0.000326653 -0.000356736 0.31401)
(0.000502477 -0.00051964 0.306698)
(0.000419077 -0.000494013 0.296989)
(3.36241e-07 -0.000575851 0.256725)
(-0.000643732 -0.000314621 0.260334)
(-0.000726391 -0.000341515 0.270212)
(-0.000509576 -0.000211968 0.277175)
(-0.000355659 -0.00017327 0.282481)
(2.27373e-07 -0.000186244 0.283939)
(0.000356168 -0.000173253 0.282486)
(0.000510305 -0.000211968 0.277185)
(0.000727503 -0.000341266 0.270222)
(0.000644813 -0.000314607 0.260337)
(4.79889e-07 -0.000310769 0.203786)
(-0.000827667 -0.000147832 0.207551)
(-0.000890241 -0.000166528 0.216592)
(-0.000681664 -7.36436e-05 0.222968)
(-0.00043738 -4.24163e-05 0.22796)
(2.50421e-08 -5.37372e-05 0.229173)
(0.000437457 -4.24041e-05 0.227965)
(0.000682048 -7.3635e-05 0.222977)
(0.000891273 -0.000166351 0.216603)
(0.000828914 -0.000147803 0.207554)
(4.89686e-07 -7.60009e-05 0.117676)
(-0.000767701 -2.06097e-05 0.120889)
(-0.000807383 -2.18638e-05 0.127127)
(-0.000693612 1.46255e-05 0.131967)
(-0.000403765 3.24052e-05 0.135781)
(-1.45155e-07 2.6603e-05 0.136576)
(0.000403489 3.24154e-05 0.135785)
(0.000693596 1.46354e-05 0.131973)
(0.000808125 -2.17961e-05 0.127135)
(0.00076886 -2.05953e-05 0.120892)
(1.51413e-07 6.71261e-06 0.0234897)
(-0.000244963 7.53896e-06 0.024152)
(-0.000259786 6.51153e-06 0.0254727)
(-0.000247556 7.073e-06 0.026606)
(-0.000130288 8.98732e-06 0.027507)
(-7.2548e-08 7.78303e-06 0.0277127)
(0.000130159 8.98974e-06 0.0275078)
(0.000247481 7.07428e-06 0.0266075)
(0.000259977 6.51196e-06 0.0254746)
(0.000245333 7.53757e-06 0.0241527)
(5.98528e-07 -0.000200987 0.334505)
(-0.000698746 -0.000442288 0.347761)
(-0.00102096 -0.000920413 0.357134)
(-0.000820177 -0.000666314 0.361338)
(-0.000520152 -0.000594007 0.3633)
(-2.52016e-07 -0.000557238 0.36397)
(0.000520456 -0.000594325 0.363299)
(0.000820378 -0.000666869 0.361337)
(0.00102227 -0.000920682 0.357136)
(0.000700777 -0.000443013 0.347766)
(3.88669e-07 -0.000110565 0.335265)
(-0.000388766 -0.000378512 0.342433)
(-0.000869417 -0.00079446 0.348321)
(-0.000707108 -0.0005666 0.351698)
(-0.000478176 -0.000496586 0.353527)
(-2.10845e-08 -0.0004569 0.354189)
(0.000478818 -0.000496902 0.353525)
(0.000707322 -0.00056716 0.351696)
(0.000870531 -0.000794662 0.348321)
(0.000390561 -0.000379146 0.342435)
(2.1032e-07 -3.9861e-05 0.329608)
(-0.000162811 -0.000285307 0.332328)
(-0.000774982 -0.00065045 0.335998)
(-0.000632048 -0.000456443 0.338769)
(-0.000455591 -0.000399263 0.340483)
(1.44142e-07 -0.000362279 0.341129)
(0.00045649 -0.000399536 0.340481)
(0.000632223 -0.000456962 0.338766)
(0.000775935 -0.000650609 0.335997)
(0.000164424 -0.000285866 0.332327)
(7.14795e-08 2.17483e-05 0.317819)
(-1.74174e-05 -0.000172759 0.317375)
(-0.000740269 -0.000490967 0.319559)
(-0.000597461 -0.000340033 0.321818)
(-0.000454328 -0.000300047 0.323427)
(2.26949e-07 -0.000269836 0.324046)
(0.000455364 -0.000300254 0.323424)
(0.000597561 -0.00034048 0.321815)
(0.000741105 -0.000491108 0.319557)
(1.89193e-05 -0.000173248 0.317374)
(-1.89159e-08 0.000102691 0.299188)
(5.49712e-05 -3.09653e-05 0.29633)
(-0.000753751 -0.000302195 0.297651)
(-0.000599012 -0.000198352 0.299542)
(-0.000471167 -0.000175632 0.301057)
(2.25694e-07 -0.000154603 0.301624)
(0.000472208 -0.000175762 0.301055)
(0.000599026 -0.00019871 0.299539)
(0.000754519 -0.000302341 0.297648)
(-5.35224e-05 -3.13598e-05 0.296327)
(-7.38174e-08 0.00019427 0.272052)
(8.34613e-05 0.00011376 0.267766)
(-0.000767882 -0.000106952 0.268822)
(-0.000605405 -5.04699e-05 0.270356)
(-0.000486228 -4.35956e-05 0.271748)
(1.63197e-07 -3.27361e-05 0.272214)
(0.000487171 -4.36477e-05 0.271745)
(0.00060535 -5.07222e-05 0.270353)
(0.000768613 -0.000107132 0.268819)
(-8.20654e-05 0.000113474 0.267762)
(-1.24417e-07 0.000258156 0.235147)
(0.000125883 0.000213398 0.230413)
(-0.000694255 4.33466e-05 0.231167)
(-0.000550947 6.01615e-05 0.23223)
(-0.000458362 5.53799e-05 0.233391)
(9.41216e-08 5.80796e-05 0.233697)
(0.000459176 5.53831e-05 0.233388)
(0.000550877 5.99787e-05 0.232227)
(0.000694921 4.31611e-05 0.231163)
(-0.00012464 0.000213202 0.230409)
(-2.15143e-07 0.000253564 0.184881)
(0.00024341 0.000231876 0.180424)
(-0.000418898 0.000109267 0.180559)
(-0.000342642 0.000100095 0.181032)
(-0.000326872 8.95934e-05 0.181801)
(8.92531e-08 8.73776e-05 0.181904)
(0.000327617 8.96209e-05 0.181798)
(0.000342662 9.99479e-05 0.181027)
(0.000419405 0.00010912 0.180554)
(-0.000242559 0.000231752 0.180419)
(-3.51799e-07 0.000100669 0.106101)
(0.000422214 9.20863e-05 0.103219)
(0.000129104 3.59569e-05 0.102956)
(8.56002e-05 2.1082e-05 0.103074)
(-3.5551e-05 1.45649e-05 0.103451)
(2.06926e-07 1.06767e-05 0.103402)
(3.63047e-05 1.45843e-05 0.103448)
(-8.53677e-05 2.10233e-05 0.103069)
(-0.000128921 3.58846e-05 0.102952)
(-0.000422126 9.20444e-05 0.103215)
(-1.79048e-07 -2.26492e-06 0.0210337)
(0.000222839 -1.48406e-06 0.0206679)
(0.000224854 -6.24762e-06 0.0209275)
(0.000175472 -9.89999e-06 0.0212167)
(8.37458e-05 -1.06254e-05 0.0214475)
(1.53501e-07 -1.23168e-05 0.0214819)
(-8.33978e-05 -1.06263e-05 0.021447)
(-0.000175319 -9.90046e-06 0.0212159)
(-0.000224884 -6.25624e-06 0.020927)
(-0.000223025 -1.48396e-06 0.0206674)
(4.93658e-07 -5.55034e-05 0.361827)
(0.000279349 0.000580859 0.367306)
(0.000744912 0.000252747 0.377419)
(0.000521766 0.00052051 0.386226)
(0.000339047 0.000484629 0.391865)
(5.95694e-07 0.000481917 0.393706)
(-0.000337783 0.000484976 0.391869)
(-0.000520237 0.000520946 0.386233)
(-0.000743359 0.000253013 0.37743)
(-0.000278201 0.000580468 0.367315)
(3.46528e-07 -5.6366e-05 0.358688)
(0.000293283 0.000516059 0.364366)
(0.000709092 0.000201773 0.374121)
(0.000515994 0.000405963 0.382775)
(0.000314649 0.000371352 0.388401)
(4.92919e-07 0.000362203 0.390204)
(-0.000313547 0.000371607 0.388406)
(-0.00051447 0.000406194 0.382784)
(-0.00070751 0.000201899 0.374132)
(-0.000292259 0.00051562 0.364373)
(1.9467e-07 -9.19193e-05 0.349844)
(0.000276458 0.000402896 0.355452)
(0.000651896 0.000132587 0.364729)
(0.000492783 0.000292019 0.373009)
(0.000284614 0.000263584 0.378491)
(5.13751e-07 0.000252011 0.380217)
(-0.000283483 0.000263747 0.378496)
(-0.00049123 0.000292119 0.373018)
(-0.000650427 0.000132638 0.364739)
(-0.000275681 0.000402518 0.355458)
(6.21689e-08 -0.000119386 0.335907)
(0.000232967 0.000300368 0.341008)
(0.000582065 8.17252e-05 0.349829)
(0.000457709 0.000210574 0.357712)
(0.000253165 0.000188802 0.363043)
(5.83909e-07 0.000176594 0.364698)
(-0.000251932 0.000188891 0.363048)
(-0.000456124 0.000210598 0.357721)
(-0.000580763 8.17568e-05 0.349839)
(-0.000232464 0.000300126 0.341012)
(-3.36061e-08 -0.000129986 0.31629)
(0.0001687 0.000218659 0.320886)
(0.000519008 4.82461e-05 0.329526)
(0.000424694 0.000156034 0.337076)
(0.000228021 0.000141132 0.342311)
(6.50491e-07 0.000128622 0.343895)
(-0.000226707 0.000141171 0.342316)
(-0.000423105 0.000156024 0.337085)
(-0.000517886 4.8286e-05 0.329536)
(-0.000168449 0.000218519 0.320889)
(-9.46606e-08 -0.000138354 0.290214)
(9.71786e-05 0.000133513 0.294729)
(0.000485718 7.08392e-06 0.303419)
(0.000408343 9.97929e-05 0.310654)
(0.000219108 9.33904e-05 0.315804)
(6.97458e-07 8.08374e-05 0.317293)
(-0.000217764 9.34058e-05 0.315809)
(-0.000406805 9.98008e-05 0.310662)
(-0.000484774 7.15098e-06 0.303429)
(-9.71329e-05 0.000133455 0.294732)
(-1.12833e-07 -0.000156536 0.256322)
(2.75461e-05 3.66255e-05 0.26124)
(0.000482534 -4.6283e-05 0.269695)
(0.000402095 3.38138e-05 0.276607)
(0.000226761 3.60829e-05 0.281605)
(7.06526e-07 2.48377e-05 0.282954)
(-0.000225475 3.60884e-05 0.28161)
(-0.000400705 3.38566e-05 0.276614)
(-0.000481764 -4.61821e-05 0.269704)
(-2.7617e-05 3.66243e-05 0.261242)
(-6.03895e-08 -0.000166749 0.207949)
(-5.34384e-05 -5.10627e-05 0.213325)
(0.000451884 -8.96846e-05 0.220853)
(0.000353875 -2.5727e-05 0.227326)
(0.000227464 -1.6975e-05 0.231987)
(6.24499e-07 -2.46106e-05 0.233131)
(-0.000226406 -1.69714e-05 0.23199)
(-0.000352811 -2.56729e-05 0.227333)
(-0.000451282 -8.95722e-05 0.220862)
(5.34203e-05 -5.10263e-05 0.213326)
(8.15532e-08 -8.20323e-05 0.124412)
(-0.000159992 -3.3835e-05 0.129061)
(0.000250249 -3.39703e-05 0.134324)
(0.00015408 -5.76587e-06 0.139547)
(0.000155801 6.25472e-07 0.143219)
(3.48808e-07 -2.24835e-06 0.144041)
(-0.000155288 6.29535e-07 0.143221)
(-0.000153645 -5.73184e-06 0.139552)
(-0.000249856 -3.39016e-05 0.134331)
(0.000160246 -3.37969e-05 0.129062)
(1.05313e-07 2.6112e-06 0.0247081)
(-8.99611e-05 9.78799e-06 0.0256851)
(1.84778e-05 1.17208e-05 0.0268839)
(-1.16543e-05 1.43999e-05 0.028195)
(3.25982e-05 1.54068e-05 0.0291272)
(2.69808e-08 1.57816e-05 0.0293648)
(-3.25925e-05 1.5409e-05 0.0291279)
(1.16235e-05 1.44017e-05 0.0281963)
(-1.8375e-05 1.17289e-05 0.0268857)
(9.01908e-05 9.79325e-06 0.0256857)
(1.05005e-06 0.000700636 0.334857)
(-0.000442589 -9.29439e-05 0.34754)
(-0.000770012 -0.000564423 0.35664)
(-0.000564431 -0.000509123 0.360769)
(-0.00030824 -0.000570829 0.362701)
(-3.27135e-07 -0.000526379 0.363362)
(0.00030819 -0.000571277 0.362699)
(0.000564278 -0.000509716 0.360767)
(0.000771268 -0.000564884 0.356642)
(0.00044506 -9.40547e-05 0.347545)
(8.79939e-07 0.000712355 0.335165)
(-0.000194146 -1.95071e-05 0.342155)
(-0.000630962 -0.000413542 0.34772)
(-0.000487754 -0.000335482 0.351072)
(-0.000279346 -0.000388202 0.352855)
(-8.44476e-08 -0.00034425 0.353508)
(0.000279682 -0.000388669 0.352853)
(0.000487612 -0.000335997 0.351069)
(0.000631926 -0.000413883 0.34772)
(0.000196385 -1.98311e-05 0.342157)
(5.7293e-07 0.000756726 0.328888)
(-1.20799e-05 0.00010867 0.331596)
(-0.00053476 -0.00021259 0.334895)
(-0.000432903 -0.000139116 0.337678)
(-0.000262268 -0.000190666 0.339331)
(7.90152e-08 -0.000151054 0.339966)
(0.00026289 -0.000191101 0.339328)
(0.000432734 -0.000139582 0.337675)
(0.00053565 -0.000212856 0.334894)
(1.41228e-05 0.000109006 0.331595)
(3.27286e-07 0.000812124 0.316295)
(0.000114015 0.000260249 0.316051)
(-0.000470847 -7.19329e-06 0.317845)
(-0.000397049 4.45902e-05 0.320177)
(-0.00025308 -5.73391e-06 0.321715)
(1.6461e-07 2.45216e-05 0.322322)
(0.000253865 -6.08407e-06 0.321713)
(0.000396812 4.4218e-05 0.320174)
(0.000471695 -7.43027e-06 0.317842)
(-0.000112101 0.00026049 0.316049)
(1.57272e-07 0.000859709 0.297325)
(0.000195673 0.00041266 0.295101)
(-0.000428121 0.000181586 0.295887)
(-0.000375497 0.000203307 0.297905)
(-0.000246381 0.000154854 0.29932)
(1.83947e-07 0.000174014 0.299853)
(0.000247222 0.000154606 0.299317)
(0.000375172 0.000203062 0.297901)
(0.000428929 0.000181478 0.295883)
(-0.000193835 0.000412691 0.295098)
(6.79162e-08 0.000892445 0.270823)
(0.000249785 0.000548994 0.267466)
(-0.000391076 0.00035266 0.267517)
(-0.000361494 0.000345178 0.269239)
(-0.000235772 0.000294323 0.270479)
(1.37813e-07 0.000304528 0.270876)
(0.000236555 0.000294154 0.270475)
(0.000361093 0.000344999 0.269234)
(0.000391839 0.000352632 0.267513)
(-0.000248009 0.0005489 0.267462)
(2.47009e-08 0.000876583 0.23413)
(0.000310285 0.000634201 0.230253)
(-0.000320552 0.000477267 0.229438)
(-0.000321854 0.000444573 0.230917)
(-0.000201054 0.000394052 0.23191)
(4.16528e-08 0.000397358 0.23214)
(0.000201688 0.000393948 0.231907)
(0.000321396 0.000444442 0.230913)
(0.000321253 0.000477184 0.229434)
(-0.000308598 0.00063414 0.230249)
(-9.0835e-09 0.000783023 0.181581)
(0.000452749 0.000634499 0.17745)
(-9.92355e-05 0.000521297 0.175774)
(-0.000145697 0.000466795 0.177015)
(-8.34885e-05 0.000420695 0.17765)
(-4.76258e-08 0.000419434 0.177711)
(8.39602e-05 0.000420634 0.177645)
(0.000145273 0.000466696 0.17701)
(9.9782e-05 0.000521163 0.175769)
(-0.000451335 0.000634476 0.177446)
(-1.6685e-07 0.000530718 0.0981561)
(0.000828216 0.000465995 0.0948779)
(0.00058868 0.000389771 0.0934148)
(0.000457852 0.000333326 0.0945056)
(0.000262764 0.000302534 0.0948578)
(8.69951e-08 0.000299023 0.094851)
(-0.000262184 0.000302504 0.0948543)
(-0.000457925 0.000333266 0.0945015)
(-0.000588577 0.000389662 0.0934103)
(-0.00082776 0.000465992 0.0948758)
(-1.80094e-07 7.66369e-05 0.0194995)
(0.000721451 6.9233e-05 0.019088)
(0.000841846 5.51662e-05 0.0192443)
(0.000705501 4.17407e-05 0.0198318)
(0.000389361 3.61794e-05 0.020112)
(2.32737e-07 3.53298e-05 0.0201824)
(-0.000388858 3.6171e-05 0.0201114)
(-0.000705312 4.17275e-05 0.0198312)
(-0.000842044 5.51415e-05 0.0192437)
(-0.000721766 6.92409e-05 0.0190878)
(-9.71449e-07 0.00953122 0.359749)
(0.00369219 0.00860164 0.36635)
(0.00477921 0.00644925 0.377419)
(0.00345017 0.0058575 0.3868)
(0.00181837 0.00550268 0.392735)
(1.35942e-06 0.00539198 0.394684)
(-0.00181559 0.00550291 0.392739)
(-0.00344717 0.00585757 0.386809)
(-0.00477776 0.00644886 0.377432)
(-0.00369329 0.00860038 0.366361)
(-9.82289e-07 0.00893952 0.35705)
(0.00331099 0.00839094 0.36356)
(0.00446346 0.00642275 0.374194)
(0.00333748 0.00572383 0.383454)
(0.00176648 0.00536921 0.389373)
(1.28736e-06 0.00525655 0.391288)
(-0.00176384 0.00536931 0.389378)
(-0.0033345 0.0057235 0.383463)
(-0.00446212 0.0064222 0.374206)
(-0.00331224 0.00838979 0.363568)
(-1.06821e-06 0.00829965 0.348491)
(0.00306736 0.00793985 0.354977)
(0.00424121 0.00619581 0.36509)
(0.00326521 0.00547578 0.373959)
(0.0017391 0.00513425 0.379713)
(1.38352e-06 0.00502688 0.381551)
(-0.00173635 0.00513425 0.379719)
(-0.00326219 0.00547519 0.373968)
(-0.00424013 0.00619518 0.365102)
(-0.00306894 0.00793881 0.354983)
(-1.17473e-06 0.00759411 0.334943)
(0.00293357 0.0073273 0.341075)
(0.0041299 0.00582615 0.350507)
(0.00325379 0.00514814 0.358876)
(0.00174482 0.00483501 0.364425)
(1.56072e-06 0.00473739 0.366171)
(-0.00174184 0.00483494 0.36443)
(-0.00325072 0.00514745 0.358885)
(-0.00412913 0.00582555 0.350518)
(-0.00293554 0.00732639 0.34108)
(-1.29762e-06 0.00680455 0.316031)
(0.0029086 0.00659144 0.321467)
(0.00415866 0.00534502 0.330283)
(0.00333673 0.00474638 0.338279)
(0.00180202 0.0044749 0.343678)
(1.7746e-06 0.00439047 0.345337)
(-0.00179874 0.0044748 0.343684)
(-0.00333359 0.00474572 0.338287)
(-0.00415825 0.00534454 0.330294)
(-0.00291104 0.00659069 0.321471)
(-1.45132e-06 0.00590096 0.291024)
(0.00302906 0.00572913 0.296033)
(0.00439325 0.00473585 0.30458)
(0.00357352 0.0042408 0.312372)
(0.00194248 0.00401777 0.317652)
(2.0203e-06 0.00394845 0.319239)
(-0.00193885 0.00401765 0.317657)
(-0.00357031 0.00424024 0.312381)
(-0.00439326 0.00473552 0.30459)
(-0.00303204 0.00572856 0.296036)
(-1.65811e-06 0.00489601 0.260239)
(0.00335128 0.00475233 0.265487)
(0.00491655 0.00399491 0.273946)
(0.00403731 0.00360826 0.281398)
(0.00220502 0.00343484 0.286432)
(2.29561e-06 0.00338036 0.287934)
(-0.00220102 0.00343472 0.286437)
(-0.00403402 0.00360783 0.281406)
(-0.00491698 0.00399474 0.273955)
(-0.00335489 0.0047519 0.26549)
(-1.92298e-06 0.00381375 0.22174)
(0.00394342 0.00369193 0.227552)
(0.0058215 0.00314371 0.235586)
(0.0048024 0.00285782 0.242163)
(0.00262808 0.00273092 0.246658)
(2.57713e-06 0.00269002 0.248018)
(-0.00262374 0.0027308 0.246662)
(-0.00479909 0.0028575 0.24217)
(-0.00582231 0.00314362 0.235595)
(-0.00394765 0.00369162 0.227554)
(-2.11676e-06 0.00213565 0.158868)
(0.00468811 0.00202734 0.164812)
(0.00680333 0.00173712 0.17106)
(0.00555323 0.00160199 0.175545)
(0.00303124 0.0015414 0.178846)
(2.6751e-06 0.00152 0.179905)
(-0.00302695 0.00154132 0.178849)
(-0.00555033 0.00160186 0.17555)
(-0.00680443 0.00173705 0.171067)
(-0.00469257 0.00202717 0.164813)
(-7.99998e-07 0.0001568 0.0473217)
(0.00203155 0.000142535 0.0492673)
(0.00274239 0.00014245 0.051021)
(0.00215618 0.000156033 0.0521194)
(0.00117812 0.000159629 0.0530205)
(8.89317e-07 0.000159704 0.0533292)
(-0.00117677 0.000159624 0.0530214)
(-0.0021555 0.000156032 0.0521208)
(-0.00274271 0.000142454 0.0510232)
(-0.00203288 0.000142535 0.049268)
)
;

boundaryField
{
    leftWall
    {
        type            noSlip;
    }
    rightWall
    {
        type            noSlip;
    }
    leftSides_periodic0
    {
        type            cyclic;
    }
    leftSides_periodic1
    {
        type            cyclic;
    }
    rightSides_periodic0
    {
        type            cyclic;
    }
    rightSides_periodic1
    {
        type            cyclic;
    }
    leftInOut_periodic0
    {
        type            cyclic;
    }
    leftInOut_periodic1
    {
        type            cyclic;
    }
    rightInOut_periodic0
    {
        type            cyclic;
    }
    rightInOut_periodic1
    {
        type            cyclic;
    }
}


// ************************************************************************* //
