-0.0075 	0 	0 	0
-0.0075 	-5.90473e-21 	-3.38003e-22 	1.4141e-18
-0.00745622 	3.81283e-05 	2.18257e-06 	-0.00913121
-0.00745622 	3.81283e-05 	2.18257e-06 	-0.00913121
-0.00741165 	7.57505e-05 	7.76551e-06 	-0.0184598
-0.00741165 	7.57505e-05 	7.76551e-06 	-0.0184598
-0.00736628 	0.000113528 	1.70966e-05 	-0.0279724
-0.00736628 	0.000113528 	1.70966e-05 	-0.0279724
-0.0073201 	0.000151816 	3.01247e-05 	-0.0376117
-0.0073201 	0.000151816 	3.01247e-05 	-0.0376117
-0.00727309 	0.000190825 	4.66094e-05 	-0.0473189
-0.00727309 	0.000190825 	4.66094e-05 	-0.0473189
-0.00722524 	0.000230592 	6.63427e-05 	-0.0570356
-0.00722524 	0.000230592 	6.63427e-05 	-0.0570356
-0.00717653 	0.000270964 	8.90978e-05 	-0.0667069
-0.00717653 	0.000270964 	8.90978e-05 	-0.0667069
-0.00712695 	0.000311602 	0.000114634 	-0.076284
-0.00712695 	0.000311602 	0.000114634 	-0.076284
-0.00707647 	0.000352007 	0.000142706 	-0.0857267
-0.00707647 	0.000352007 	0.000142706 	-0.0857267
-0.0070251 	0.000391541 	0.000173084 	-0.0950054
-0.0070251 	0.000391541 	0.000173084 	-0.0950054
-0.0069728 	0.000429451 	0.000205565 	-0.104101
-0.0069728 	0.000429451 	0.000205565 	-0.104101
-0.00691956 	0.000464899 	0.000239979 	-0.113004
-0.00691956 	0.000464899 	0.000239979 	-0.113004
-0.00686537 	0.000496969 	0.000276187 	-0.121712
-0.00686537 	0.000496969 	0.000276187 	-0.121712
-0.00681021 	0.000524685 	0.000314074 	-0.130226
-0.00681021 	0.000524685 	0.000314074 	-0.130226
-0.00675406 	0.000547037 	0.000353532 	-0.138546
-0.00675406 	0.000547037 	0.000353532 	-0.138546
-0.0066969 	0.000563019 	0.000394459 	-0.146672
-0.0066969 	0.000563019 	0.000394459 	-0.146672
-0.00663871 	0.000571682 	0.000436734 	-0.1546
-0.00663871 	0.000571682 	0.000436734 	-0.1546
-0.00657949 	0.000572193 	0.000480209 	-0.162324
-0.00657949 	0.000572193 	0.000480209 	-0.162324
-0.0065192 	0.000563916 	0.000524695 	-0.169831
-0.0065192 	0.000563916 	0.000524695 	-0.169831
-0.00645783 	0.000546481 	0.000569959 	-0.177108
-0.00645783 	0.000546481 	0.000569959 	-0.177108
-0.00639535 	0.000519853 	0.000615717 	-0.184136
-0.00639535 	0.000519853 	0.000615717 	-0.184136
-0.00633176 	0.000484383 	0.000661639 	-0.190896
-0.00633176 	0.000484383 	0.000661639 	-0.190896
-0.00626703 	0.000440831 	0.000707351 	-0.197368
-0.00626703 	0.000440831 	0.000707351 	-0.197368
-0.00620114 	0.000390358 	0.000752443 	-0.20353
-0.00620114 	0.000390358 	0.000752443 	-0.20353
-0.00613406 	0.00033449 	0.000796475 	-0.209364
-0.00613406 	0.00033449 	0.000796475 	-0.209364
-0.00606579 	0.000275041 	0.000838991 	-0.214851
-0.00606579 	0.000275041 	0.000838991 	-0.214851
-0.00599629 	0.000214024 	0.000879525 	-0.219978
-0.00599629 	0.000214024 	0.000879525 	-0.219978
-0.00592554 	0.000153533 	0.000917616 	-0.224731
-0.00592554 	0.000153533 	0.000917616 	-0.224731
-0.00585352 	9.56219e-05 	0.000952821 	-0.229103
-0.00585352 	9.56219e-05 	0.000952821 	-0.229103
-0.00578022 	4.21878e-05 	0.000984726 	-0.233088
-0.00578022 	4.21878e-05 	0.000984726 	-0.233088
-0.00570559 	-5.13736e-06 	0.00101296 	-0.236686
-0.00570559 	-5.13736e-06 	0.00101296 	-0.236686
-0.00562963 	-4.50729e-05 	0.00103723 	-0.239902
-0.00562963 	-4.50729e-05 	0.00103723 	-0.239902
-0.00555231 	-7.67493e-05 	0.00105728 	-0.242744
-0.00555231 	-7.67493e-05 	0.00105728 	-0.242744
-0.0054736 	-9.97369e-05 	0.00107297 	-0.245225
-0.0054736 	-9.97369e-05 	0.00107297 	-0.245225
-0.00539348 	-0.000114044 	0.00108424 	-0.247362
-0.00539348 	-0.000114044 	0.00108424 	-0.247362
-0.00531193 	-0.000120089 	0.00109113 	-0.249176
-0.00531193 	-0.000120089 	0.00109113 	-0.249176
-0.00522891 	-0.000118654 	0.00109376 	-0.25069
-0.00522891 	-0.000118654 	0.00109376 	-0.25069
-0.0051444 	-0.000110824 	0.00109238 	-0.251931
-0.0051444 	-0.000110824 	0.00109238 	-0.251931
-0.00505838 	-9.78802e-05 	0.00108733 	-0.252928
-0.00505838 	-9.78802e-05 	0.00108733 	-0.252928
-0.00497081 	-8.11713e-05 	0.001079 	-0.253712
-0.00497081 	-8.11713e-05 	0.001079 	-0.253712
-0.00488168 	-6.20594e-05 	0.00106785 	-0.254315
-0.00488168 	-6.20594e-05 	0.00106785 	-0.254315
-0.00479094 	-4.18503e-05 	0.00105435 	-0.254764
-0.00479094 	-4.18503e-05 	0.00105435 	-0.254764
-0.00469858 	-2.1696e-05 	0.00103897 	-0.255088
-0.00469858 	-2.1696e-05 	0.00103897 	-0.255088
-0.00460456 	-2.54212e-06 	0.00102216 	-0.25531
-0.00460456 	-2.54212e-06 	0.00102216 	-0.25531
-0.00450886 	1.48958e-05 	0.00100433 	-0.255454
-0.00450886 	1.48958e-05 	0.00100433 	-0.255454
-0.00441144 	3.01331e-05 	0.000985831 	-0.255538
-0.00441144 	3.01331e-05 	0.000985831 	-0.255538
-0.00431227 	4.28893e-05 	0.000966939 	-0.255578
-0.00431227 	4.28893e-05 	0.000966939 	-0.255578
-0.00421133 	5.30453e-05 	0.000947866 	-0.255584
-0.00421133 	5.30453e-05 	0.000947866 	-0.255584
-0.00410857 	6.05971e-05 	0.000928755 	-0.255567
-0.00410857 	6.05971e-05 	0.000928755 	-0.255567
-0.00400397 	6.56106e-05 	0.000909687 	-0.255534
-0.00400397 	6.56106e-05 	0.000909687 	-0.255534
-0.0038975 	6.81807e-05 	0.000890694 	-0.255488
-0.0038975 	6.81807e-05 	0.000890694 	-0.255488
-0.00378912 	6.84022e-05 	0.000871769 	-0.255435
-0.00378912 	6.84022e-05 	0.000871769 	-0.255435
-0.00367879 	6.6354e-05 	0.000852865 	-0.255376
-0.00367879 	6.6354e-05 	0.000852865 	-0.255376
-0.00356649 	6.20825e-05 	0.000833907 	-0.255313
-0.00356649 	6.20825e-05 	0.000833907 	-0.255313
-0.00345217 	5.55991e-05 	0.000814801 	-0.255247
-0.00345217 	5.55991e-05 	0.000814801 	-0.255247
-0.0033358 	4.68935e-05 	0.000795444 	-0.25518
-0.0033358 	4.68935e-05 	0.000795444 	-0.25518
-0.00321735 	3.59512e-05 	0.000775728 	-0.255113
-0.00321735 	3.59512e-05 	0.000775728 	-0.255113
-0.00309677 	2.2763e-05 	0.000755547 	-0.255046
-0.00309677 	2.2763e-05 	0.000755547 	-0.255046
-0.00297403 	7.33556e-06 	0.000734794 	-0.254979
-0.00297403 	7.33556e-06 	0.000734794 	-0.254979
-0.00284909 	-1.0298e-05 	0.000713362 	-0.254915
-0.00284909 	-1.0298e-05 	0.000713362 	-0.254915
-0.0027219 	-3.00731e-05 	0.000691142 	-0.254853
-0.0027219 	-3.00731e-05 	0.000691142 	-0.254853
-0.00259244 	-5.18858e-05 	0.000668029 	-0.254793
-0.00259244 	-5.18858e-05 	0.000668029 	-0.254793
-0.00246065 	-7.55892e-05 	0.000643928 	-0.254737
-0.00246065 	-7.55892e-05 	0.000643928 	-0.254737
-0.00232651 	-0.000100989 	0.000618761 	-0.254684
-0.00232651 	-0.000100989 	0.000618761 	-0.254684
-0.00218995 	-0.000127838 	0.000592466 	-0.254634
-0.00218995 	-0.000127838 	0.000592466 	-0.254634
-0.00205095 	-0.000155825 	0.000565006 	-0.254589
-0.00205095 	-0.000155825 	0.000565006 	-0.254589
-0.00190946 	-0.00018458 	0.000536362 	-0.254548
-0.00190946 	-0.00018458 	0.000536362 	-0.254548
-0.00176543 	-0.000213661 	0.000506534 	-0.254512
-0.00176543 	-0.000213661 	0.000506534 	-0.254512
-0.00161881 	-0.000242559 	0.000475537 	-0.254481
-0.00161881 	-0.000242559 	0.000475537 	-0.254481
-0.00146957 	-0.000270698 	0.000443395 	-0.254454
-0.00146957 	-0.000270698 	0.000443395 	-0.254454
-0.00131765 	-0.000297428 	0.000410136 	-0.254433
-0.00131765 	-0.000297428 	0.000410136 	-0.254433
-0.001163 	-0.000322032 	0.000375785 	-0.254417
-0.001163 	-0.000322032 	0.000375785 	-0.254417
-0.00100559 	-0.000343732 	0.000340351 	-0.254405
-0.00100559 	-0.000343732 	0.000340351 	-0.254405
-0.000845345 	-0.000361704 	0.000303823 	-0.254399
-0.000845345 	-0.000361704 	0.000303823 	-0.254399
-0.000682232 	-0.000375091 	0.000266163 	-0.254398
-0.000682232 	-0.000375091 	0.000266163 	-0.254398
-0.000516194 	-0.000383027 	0.0002273 	-0.254403
-0.000516194 	-0.000383027 	0.0002273 	-0.254403
-0.000347178 	-0.000384673 	0.000187126 	-0.254413
-0.000347178 	-0.000384673 	0.000187126 	-0.254413
-0.000175132 	-0.000379264 	0.000145504 	-0.254429
-0.000175132 	-0.000379264 	0.000145504 	-0.254429
0 	-0.00036624 	0.000102472 	-0.25445
0 	-0.00036624 	0.000102472 	-0.25445
0.000175132 	-0.000345577 	5.84888e-05 	-0.254479
0.000175132 	-0.000345577 	5.84888e-05 	-0.254479
0.000347178 	-0.000317858 	1.40963e-05 	-0.254513
0.000347178 	-0.000317858 	1.40963e-05 	-0.254513
0.000516194 	-0.00028387 	-3.04829e-05 	-0.254553
0.000516194 	-0.00028387 	-3.04829e-05 	-0.254553
0.000682232 	-0.000244391 	-7.51854e-05 	-0.2546
0.000682232 	-0.000244391 	-7.51854e-05 	-0.2546
0.000845345 	-0.000200215 	-0.000119924 	-0.254654
0.000845345 	-0.000200215 	-0.000119924 	-0.254654
0.00100559 	-0.00015213 	-0.000164578 	-0.254715
0.00100559 	-0.00015213 	-0.000164578 	-0.254715
0.001163 	-0.000100835 	-0.000208939 	-0.254782
0.001163 	-0.000100835 	-0.000208939 	-0.254782
0.00131765 	-4.67018e-05 	-0.000252801 	-0.254858
0.00131765 	-4.67018e-05 	-0.000252801 	-0.254858
0.00146957 	1.01953e-05 	-0.000296108 	-0.254943
0.00146957 	1.01953e-05 	-0.000296108 	-0.254943
0.00161881 	6.95521e-05 	-0.000338751 	-0.255039
0.00161881 	6.95521e-05 	-0.000338751 	-0.255039
0.00176543 	0.000130575 	-0.00038049 	-0.255147
0.00176543 	0.000130575 	-0.00038049 	-0.255147
0.00190946 	0.000192181 	-0.00042118 	-0.255266
0.00190946 	0.000192181 	-0.00042118 	-0.255266
0.00205095 	0.000253167 	-0.000460787 	-0.255398
0.00205095 	0.000253167 	-0.000460787 	-0.255398
0.00218995 	0.000312278 	-0.000499307 	-0.25554
0.00218995 	0.000312278 	-0.000499307 	-0.25554
0.00232651 	0.000368286 	-0.000536732 	-0.255694
0.00232651 	0.000368286 	-0.000536732 	-0.255694
0.00246065 	0.000420054 	-0.000573042 	-0.255858
0.00246065 	0.000420054 	-0.000573042 	-0.255858
0.00259244 	0.000466601 	-0.000608211 	-0.256031
0.00259244 	0.000466601 	-0.000608211 	-0.256031
0.0027219 	0.000507124 	-0.000642209 	-0.256214
0.0027219 	0.000507124 	-0.000642209 	-0.256214
0.00284909 	0.000541014 	-0.000675004 	-0.256404
0.00284909 	0.000541014 	-0.000675004 	-0.256404
0.00297403 	0.000567851 	-0.000706561 	-0.256601
0.00297403 	0.000567851 	-0.000706561 	-0.256601
0.00309677 	0.000587395 	-0.000736841 	-0.256803
0.00309677 	0.000587395 	-0.000736841 	-0.256803
0.00321735 	0.000599579 	-0.000765807 	-0.257008
0.00321735 	0.000599579 	-0.000765807 	-0.257008
0.0033358 	0.000604498 	-0.000793443 	-0.257211
0.0033358 	0.000604498 	-0.000793443 	-0.257211
0.00345217 	0.000602427 	-0.000819772 	-0.25741
0.00345217 	0.000602427 	-0.000819772 	-0.25741
0.00356649 	0.000593869 	-0.000844705 	-0.257596
0.00356649 	0.000593869 	-0.000844705 	-0.257596
0.00367879 	0.000579653 	-0.000868045 	-0.257766
0.00367879 	0.000579653 	-0.000868045 	-0.257766
0.00378912 	0.000560723 	-0.000889898 	-0.257917
0.00378912 	0.000560723 	-0.000889898 	-0.257917
0.0038975 	0.000537621 	-0.000910539 	-0.258053
0.0038975 	0.000537621 	-0.000910539 	-0.258053
0.00400397 	0.000510438 	-0.000929939 	-0.25817
0.00400397 	0.000510438 	-0.000929939 	-0.25817
0.00410857 	0.000479159 	-0.000947913 	-0.258263
0.00410857 	0.000479159 	-0.000947913 	-0.258263
0.00421133 	0.000443799 	-0.000964343 	-0.258322
0.00421133 	0.000443799 	-0.000964343 	-0.258322
0.00431227 	0.00040439 	-0.000979103 	-0.258335
0.00431227 	0.00040439 	-0.000979103 	-0.258335
0.00441144 	0.000361015 	-0.000992011 	-0.258285
0.00441144 	0.000361015 	-0.000992011 	-0.258285
0.00450886 	0.00031384 	-0.00100284 	-0.258152
0.00450886 	0.00031384 	-0.00100284 	-0.258152
0.00460456 	0.000263134 	-0.00101135 	-0.257913
0.00460456 	0.000263134 	-0.00101135 	-0.257913
0.00469858 	0.000209281 	-0.00101725 	-0.257537
0.00469858 	0.000209281 	-0.00101725 	-0.257537
0.00479094 	0.000152786 	-0.00102028 	-0.256995
0.00479094 	0.000152786 	-0.00102028 	-0.256995
0.00488168 	9.42872e-05 	-0.00102019 	-0.256253
0.00488168 	9.42872e-05 	-0.00102019 	-0.256253
0.00497081 	3.45148e-05 	-0.00101674 	-0.255277
0.00497081 	3.45148e-05 	-0.00101674 	-0.255277
0.00505838 	-2.57875e-05 	-0.00100971 	-0.254029
0.00505838 	-2.57875e-05 	-0.00100971 	-0.254029
0.0051444 	-8.58182e-05 	-0.000998925 	-0.252474
0.0051444 	-8.58182e-05 	-0.000998925 	-0.252474
0.00522891 	-0.000144612 	-0.000984261 	-0.250576
0.00522891 	-0.000144612 	-0.000984261 	-0.250576
0.00531193 	-0.000201081 	-0.000965698 	-0.248305
0.00531193 	-0.000201081 	-0.000965698 	-0.248305
0.00539348 	-0.000254084 	-0.00094329 	-0.245636
0.00539348 	-0.000254084 	-0.00094329 	-0.245636
0.0054736 	-0.000302459 	-0.000917156 	-0.242545
0.0054736 	-0.000302459 	-0.000917156 	-0.242545
0.00555231 	-0.000345059 	-0.000887478 	-0.239018
0.00555231 	-0.000345059 	-0.000887478 	-0.239018
0.00562963 	-0.000380813 	-0.000854507 	-0.235041
0.00562963 	-0.000380813 	-0.000854507 	-0.235041
0.00570559 	-0.000408789 	-0.000818548 	-0.230609
0.00570559 	-0.000408789 	-0.000818548 	-0.230609
0.00578022 	-0.000428265 	-0.00077996 	-0.225724
0.00578022 	-0.000428265 	-0.00077996 	-0.225724
0.00585352 	-0.000438792 	-0.000739145 	-0.220392
0.00585352 	-0.000438792 	-0.000739145 	-0.220392
0.00592554 	-0.000440238 	-0.000696529 	-0.214624
0.00592554 	-0.000440238 	-0.000696529 	-0.214624
0.00599629 	-0.000432815 	-0.000652556 	-0.208437
0.00599629 	-0.000432815 	-0.000652556 	-0.208437
0.00606579 	-0.000417075 	-0.000607667 	-0.20185
0.00606579 	-0.000417075 	-0.000607667 	-0.20185
0.00613406 	-0.000393895 	-0.000562304 	-0.194889
0.00613406 	-0.000393895 	-0.000562304 	-0.194889
0.00620114 	-0.000364428 	-0.000516899 	-0.187581
0.00620114 	-0.000364428 	-0.000516899 	-0.187581
0.00626703 	-0.000330045 	-0.000471873 	-0.179959
0.00626703 	-0.000330045 	-0.000471873 	-0.179959
0.00633176 	-0.000292256 	-0.000427634 	-0.172057
0.00633176 	-0.000292256 	-0.000427634 	-0.172057
0.00639535 	-0.000252616 	-0.000384564 	-0.163912
0.00639535 	-0.000252616 	-0.000384564 	-0.163912
0.00645783 	-0.000212643 	-0.000343018 	-0.155563
0.00645783 	-0.000212643 	-0.000343018 	-0.155563
0.0065192 	-0.000173729 	-0.000303318 	-0.14705
0.0065192 	-0.000173729 	-0.000303318 	-0.14705
0.00657949 	-0.000137081 	-0.000265743 	-0.138414
0.00657949 	-0.000137081 	-0.000265743 	-0.138414
0.00663871 	-0.000103667 	-0.000230531 	-0.129695
0.00663871 	-0.000103667 	-0.000230531 	-0.129695
0.0066969 	-7.41902e-05 	-0.000197872 	-0.120936
0.0066969 	-7.41902e-05 	-0.000197872 	-0.120936
0.00675406 	-4.90776e-05 	-0.000167904 	-0.112179
0.00675406 	-4.90776e-05 	-0.000167904 	-0.112179
0.00681021 	-2.84909e-05 	-0.000140711 	-0.103465
0.00681021 	-2.84909e-05 	-0.000140711 	-0.103465
0.00686537 	-1.23548e-05 	-0.000116332 	-0.094834
0.00686537 	-1.23548e-05 	-0.000116332 	-0.094834
0.00691956 	-3.9492e-07 	-9.47514e-05 	-0.0863263
0.00691956 	-3.9492e-07 	-9.47514e-05 	-0.0863263
0.0069728 	7.81924e-06 	-7.59067e-05 	-0.0779765
0.0069728 	7.81924e-06 	-7.59067e-05 	-0.0779765
0.0070251 	1.28227e-05 	-5.96819e-05 	-0.0698131
0.0070251 	1.28227e-05 	-5.96819e-05 	-0.0698131
0.00707647 	1.52022e-05 	-4.59181e-05 	-0.0618564
0.00707647 	1.52022e-05 	-4.59181e-05 	-0.0618564
0.00712695 	1.55509e-05 	-3.44244e-05 	-0.0541194
0.00712695 	1.55509e-05 	-3.44244e-05 	-0.0541194
0.00717653 	1.44322e-05 	-2.49921e-05 	-0.0466081
0.00717653 	1.44322e-05 	-2.49921e-05 	-0.0466081
0.00722524 	1.23573e-05 	-1.74071e-05 	-0.0393233
0.00722524 	1.23573e-05 	-1.74071e-05 	-0.0393233
0.00727309 	9.77208e-06 	-1.14597e-05 	-0.0322614
0.00727309 	9.77208e-06 	-1.14597e-05 	-0.0322614
0.0073201 	7.05258e-06 	-6.95373e-06 	-0.0254161
0.0073201 	7.05258e-06 	-6.95373e-06 	-0.0254161
0.00736628 	4.50597e-06 	-3.71058e-06 	-0.0187792
0.00736628 	4.50597e-06 	-3.71058e-06 	-0.0187792
0.00741165 	2.36928e-06 	-1.58336e-06 	-0.0123418
0.00741165 	2.36928e-06 	-1.58336e-06 	-0.0123418
0.00745622 	8.19118e-07 	-4.14885e-07 	-0.00609431
0.00745622 	8.19118e-07 	-4.14885e-07 	-0.00609431
0.0075 	0 	0 	0
0.0075 	0 	0 	0
