-0.0075 	0 	0 	0
-0.0075 	1.62449e-36 	-2.42019e-36 	1.84887e-31
-0.00745622 	1.33442e-07 	-1.98804e-07 	0.0151873
-0.00745622 	1.33442e-07 	-1.98804e-07 	0.0151873
-0.00741165 	1.24965e-07 	-7.12109e-07 	0.0295776
-0.00741165 	1.24965e-07 	-7.12109e-07 	0.0295776
-0.00736628 	1.30541e-08 	-1.59922e-06 	0.0432696
-0.00736628 	1.30541e-08 	-1.59922e-06 	0.0432696
-0.0073201 	-1.55506e-07 	-2.86852e-06 	0.056289
-0.0073201 	-1.55506e-07 	-2.86852e-06 	0.056289
-0.00727309 	-3.63634e-07 	-4.5337e-06 	0.0686594
-0.00727309 	-3.63634e-07 	-4.5337e-06 	0.0686594
-0.00722524 	-5.98911e-07 	-6.59802e-06 	0.0804012
-0.00722524 	-5.98911e-07 	-6.59802e-06 	0.0804012
-0.00717653 	-8.51199e-07 	-9.07261e-06 	0.0915231
-0.00717653 	-8.51199e-07 	-9.07261e-06 	0.0915231
-0.00712695 	-1.11541e-06 	-1.19755e-05 	0.102012
-0.00712695 	-1.11541e-06 	-1.19755e-05 	0.102012
-0.00707647 	-1.38779e-06 	-1.53405e-05 	0.111839
-0.00707647 	-1.38779e-06 	-1.53405e-05 	0.111839
-0.0070251 	-1.66325e-06 	-1.92226e-05 	0.120976
-0.0070251 	-1.66325e-06 	-1.92226e-05 	0.120976
-0.0069728 	-1.93523e-06 	-2.36918e-05 	0.129416
-0.0069728 	-1.93523e-06 	-2.36918e-05 	0.129416
-0.00691956 	-2.19669e-06 	-2.88204e-05 	0.137177
-0.00691956 	-2.19669e-06 	-2.88204e-05 	0.137177
-0.00686537 	-2.44133e-06 	-3.46733e-05 	0.144299
-0.00686537 	-2.44133e-06 	-3.46733e-05 	0.144299
-0.00681021 	-2.66451e-06 	-4.13177e-05 	0.150835
-0.00681021 	-2.66451e-06 	-4.13177e-05 	0.150835
-0.00675406 	-2.86321e-06 	-4.88244e-05 	0.156849
-0.00675406 	-2.86321e-06 	-4.88244e-05 	0.156849
-0.0066969 	-3.03562e-06 	-5.72582e-05 	0.162394
-0.0066969 	-3.03562e-06 	-5.72582e-05 	0.162394
-0.00663871 	-3.181e-06 	-6.66636e-05 	0.167516
-0.00663871 	-3.181e-06 	-6.66636e-05 	0.167516
-0.00657949 	-3.29955e-06 	-7.7045e-05 	0.172257
-0.00657949 	-3.29955e-06 	-7.7045e-05 	0.172257
-0.0065192 	-3.3921e-06 	-8.83693e-05 	0.176657
-0.0065192 	-3.3921e-06 	-8.83693e-05 	0.176657
-0.00645783 	-3.45994e-06 	-0.000100588 	0.180757
-0.00645783 	-3.45994e-06 	-0.000100588 	0.180757
-0.00639535 	-3.50455e-06 	-0.000113649 	0.184599
-0.00639535 	-3.50455e-06 	-0.000113649 	0.184599
-0.00633176 	-3.52749e-06 	-0.000127499 	0.188214
-0.00633176 	-3.52749e-06 	-0.000127499 	0.188214
-0.00626703 	-3.5304e-06 	-0.000142086 	0.191628
-0.00626703 	-3.5304e-06 	-0.000142086 	0.191628
-0.00620114 	-3.51482e-06 	-0.000157353 	0.194866
-0.00620114 	-3.51482e-06 	-0.000157353 	0.194866
-0.00613406 	-3.4822e-06 	-0.000173242 	0.197948
-0.00613406 	-3.4822e-06 	-0.000173242 	0.197948
-0.00606579 	-3.4338e-06 	-0.000189692 	0.200892
-0.00606579 	-3.4338e-06 	-0.000189692 	0.200892
-0.00599629 	-3.37073e-06 	-0.000206637 	0.203714
-0.00599629 	-3.37073e-06 	-0.000206637 	0.203714
-0.00592554 	-3.29403e-06 	-0.000224008 	0.20643
-0.00592554 	-3.29403e-06 	-0.000224008 	0.20643
-0.00585352 	-3.2047e-06 	-0.000241729 	0.209055
-0.00585352 	-3.2047e-06 	-0.000241729 	0.209055
-0.00578022 	-3.10363e-06 	-0.000259709 	0.211601
-0.00578022 	-3.10363e-06 	-0.000259709 	0.211601
-0.00570559 	-2.99152e-06 	-0.00027785 	0.214077
-0.00570559 	-2.99152e-06 	-0.00027785 	0.214077
-0.00562963 	-2.86889e-06 	-0.000296056 	0.216491
-0.00562963 	-2.86889e-06 	-0.000296056 	0.216491
-0.00555231 	-2.73612e-06 	-0.000314227 	0.21885
-0.00555231 	-2.73612e-06 	-0.000314227 	0.21885
-0.0054736 	-2.59346e-06 	-0.000332261 	0.22116
-0.0054736 	-2.59346e-06 	-0.000332261 	0.22116
-0.00539348 	-2.44105e-06 	-0.000350055 	0.223426
-0.00539348 	-2.44105e-06 	-0.000350055 	0.223426
-0.00531193 	-2.27895e-06 	-0.000367507 	0.22565
-0.00531193 	-2.27895e-06 	-0.000367507 	0.22565
-0.00522891 	-2.1071e-06 	-0.000384514 	0.227837
-0.00522891 	-2.1071e-06 	-0.000384514 	0.227837
-0.0051444 	-1.92538e-06 	-0.000400978 	0.229988
-0.0051444 	-1.92538e-06 	-0.000400978 	0.229988
-0.00505838 	-1.73356e-06 	-0.000416803 	0.232104
-0.00505838 	-1.73356e-06 	-0.000416803 	0.232104
-0.00497081 	-1.53133e-06 	-0.000431899 	0.234186
-0.00497081 	-1.53133e-06 	-0.000431899 	0.234186
-0.00488168 	-1.31828e-06 	-0.000446182 	0.236235
-0.00488168 	-1.31828e-06 	-0.000446182 	0.236235
-0.00479094 	-1.09387e-06 	-0.000459572 	0.238249
-0.00479094 	-1.09387e-06 	-0.000459572 	0.238249
-0.00469858 	-8.57428e-07 	-0.00047199 	0.240226
-0.00469858 	-8.57428e-07 	-0.00047199 	0.240226
-0.00460456 	-6.08099e-07 	-0.000483369 	0.242166
-0.00460456 	-6.08099e-07 	-0.000483369 	0.242166
-0.00450886 	-3.44867e-07 	-0.000493657 	0.244067
-0.00450886 	-3.44867e-07 	-0.000493657 	0.244067
-0.00441144 	-6.65916e-08 	-0.000502838 	0.245927
-0.00441144 	-6.65916e-08 	-0.000502838 	0.245927
-0.00431227 	2.27919e-07 	-0.000510925 	0.247745
-0.00431227 	2.27919e-07 	-0.000510925 	0.247745
-0.00421133 	5.39922e-07 	-0.000517965 	0.249517
-0.00421133 	5.39922e-07 	-0.000517965 	0.249517
-0.00410857 	8.70862e-07 	-0.000524023 	0.251243
-0.00410857 	8.70862e-07 	-0.000524023 	0.251243
-0.00400397 	1.22248e-06 	-0.000529185 	0.252919
-0.00400397 	1.22248e-06 	-0.000529185 	0.252919
-0.0038975 	1.59655e-06 	-0.000533539 	0.254547
-0.0038975 	1.59655e-06 	-0.000533539 	0.254547
-0.00378912 	1.99433e-06 	-0.000537169 	0.256127
-0.00378912 	1.99433e-06 	-0.000537169 	0.256127
-0.00367879 	2.41636e-06 	-0.000540144 	0.257664
-0.00367879 	2.41636e-06 	-0.000540144 	0.257664
-0.00356649 	2.86255e-06 	-0.000542521 	0.259156
-0.00356649 	2.86255e-06 	-0.000542521 	0.259156
-0.00345217 	3.33251e-06 	-0.000544353 	0.260602
-0.00345217 	3.33251e-06 	-0.000544353 	0.260602
-0.0033358 	3.82562e-06 	-0.000545698 	0.261999
-0.0033358 	3.82562e-06 	-0.000545698 	0.261999
-0.00321735 	4.34104e-06 	-0.000546621 	0.263345
-0.00321735 	4.34104e-06 	-0.000546621 	0.263345
-0.00309677 	4.8776e-06 	-0.000547187 	0.264637
-0.00309677 	4.8776e-06 	-0.000547187 	0.264637
-0.00297403 	5.4338e-06 	-0.000547466 	0.265874
-0.00297403 	5.4338e-06 	-0.000547466 	0.265874
-0.00284909 	6.00773e-06 	-0.000547532 	0.267052
-0.00284909 	6.00773e-06 	-0.000547532 	0.267052
-0.0027219 	6.59714e-06 	-0.000547458 	0.26817
-0.0027219 	6.59714e-06 	-0.000547458 	0.26817
-0.00259244 	7.19951e-06 	-0.000547317 	0.269224
-0.00259244 	7.19951e-06 	-0.000547317 	0.269224
-0.00246065 	7.81209e-06 	-0.000547177 	0.270213
-0.00246065 	7.81209e-06 	-0.000547177 	0.270213
-0.00232651 	8.43176e-06 	-0.000547096 	0.271134
-0.00232651 	8.43176e-06 	-0.000547096 	0.271134
-0.00218995 	9.05506e-06 	-0.000547123 	0.271985
-0.00218995 	9.05506e-06 	-0.000547123 	0.271985
-0.00205095 	9.67829e-06 	-0.000547296 	0.272764
-0.00205095 	9.67829e-06 	-0.000547296 	0.272764
-0.00190946 	1.02974e-05 	-0.000547637 	0.27347
-0.00190946 	1.02974e-05 	-0.000547637 	0.27347
-0.00176543 	1.09079e-05 	-0.000548154 	0.274102
-0.00176543 	1.09079e-05 	-0.000548154 	0.274102
-0.00161881 	1.15045e-05 	-0.000548837 	0.274659
-0.00161881 	1.15045e-05 	-0.000548837 	0.274659
-0.00146957 	1.20808e-05 	-0.000549657 	0.275142
-0.00146957 	1.20808e-05 	-0.000549657 	0.275142
-0.00131765 	1.26303e-05 	-0.000550572 	0.275549
-0.00131765 	1.26303e-05 	-0.000550572 	0.275549
-0.001163 	1.31455e-05 	-0.000551529 	0.275882
-0.001163 	1.31455e-05 	-0.000551529 	0.275882
-0.00100559 	1.36178e-05 	-0.000552473 	0.27614
-0.00100559 	1.36178e-05 	-0.000552473 	0.27614
-0.000845345 	1.40369e-05 	-0.000553334 	0.276323
-0.000845345 	1.40369e-05 	-0.000553334 	0.276323
-0.000682232 	1.43906e-05 	-0.000554066 	0.276428
-0.000682232 	1.43906e-05 	-0.000554066 	0.276428
-0.000516194 	1.46646e-05 	-0.000554632 	0.276456
-0.000516194 	1.46646e-05 	-0.000554632 	0.276456
-0.000347178 	1.4843e-05 	-0.000554955 	0.276403
-0.000347178 	1.4843e-05 	-0.000554955 	0.276403
-0.000175132 	1.49085e-05 	-0.000555025 	0.276267
-0.000175132 	1.49085e-05 	-0.000555025 	0.276267
0 	1.4846e-05 	-0.000554768 	0.276047
0 	1.4846e-05 	-0.000554768 	0.276047
0 	1.4846e-05 	-0.000554768 	0.276047
0 	1.4846e-05 	-0.000554768 	0.276047
0.000175132 	1.46527e-05 	-0.000554105 	0.275744
0.000175132 	2.08485e-05 	-0.000453608 	0.272445
0.000347178 	1.43394e-05 	-0.000553075 	0.275365
0.000347178 	2.21518e-05 	-0.00045434 	0.272133
0.000516194 	1.39246e-05 	-0.00055165 	0.274915
0.000516194 	2.32786e-05 	-0.000454724 	0.271743
0.000682232 	1.34283e-05 	-0.000549848 	0.274397
0.000682232 	2.42452e-05 	-0.000454749 	0.27128
0.000845345 	1.28677e-05 	-0.00054772 	0.273815
0.000845345 	2.50679e-05 	-0.000454478 	0.270748
0.00100559 	1.22579e-05 	-0.000545267 	0.273172
0.00100559 	2.57629e-05 	-0.000453876 	0.270151
0.001163 	1.16119e-05 	-0.000542506 	0.27247
0.001163 	2.63458e-05 	-0.000452958 	0.269491
0.00131765 	1.09407e-05 	-0.000539455 	0.271712
0.00131765 	2.68306e-05 	-0.000451734 	0.268772
0.00146957 	1.02538e-05 	-0.000536131 	0.270899
0.00146957 	2.72296e-05 	-0.000450214 	0.267997
0.00161881 	9.55893e-06 	-0.000532546 	0.270033
0.00161881 	2.75534e-05 	-0.000448405 	0.267166
0.00176543 	8.8628e-06 	-0.000528713 	0.269117
0.00176543 	2.78113e-05 	-0.000446316 	0.266283
0.00190946 	8.17079e-06 	-0.00052464 	0.268151
0.00190946 	2.80109e-05 	-0.000443952 	0.265349
0.00205095 	7.48731e-06 	-0.000520333 	0.267138
0.00205095 	2.81588e-05 	-0.000441317 	0.264364
0.00218995 	6.81588e-06 	-0.000515798 	0.266077
0.00218995 	2.82605e-05 	-0.000438413 	0.263332
0.00232651 	6.15932e-06 	-0.000511037 	0.26497
0.00232651 	2.83205e-05 	-0.000435238 	0.262251
0.00246065 	5.51983e-06 	-0.000506049 	0.263817
0.00246065 	2.83427e-05 	-0.000431791 	0.261124
0.00259244 	4.89917e-06 	-0.000500834 	0.262619
0.00259244 	2.83298e-05 	-0.000428067 	0.259952
0.0027219 	4.29871e-06 	-0.000495388 	0.261378
0.0027219 	2.82843e-05 	-0.00042406 	0.258734
0.00284909 	3.71947e-06 	-0.000489706 	0.260091
0.00284909 	2.82077e-05 	-0.000419761 	0.257471
0.00297403 	3.16217e-06 	-0.000483781 	0.258761
0.00297403 	2.81014e-05 	-0.000415159 	0.256163
0.00309677 	2.62731e-06 	-0.000477604 	0.257387
0.00309677 	2.79663e-05 	-0.00041024 	0.254812
0.00321735 	2.1152e-06 	-0.000471168 	0.255968
0.00321735 	2.78028e-05 	-0.000404988 	0.253415
0.0033358 	1.626e-06 	-0.000464462 	0.254505
0.0033358 	2.76115e-05 	-0.000399388 	0.251973
0.00345217 	2.73923e-05 	-0.000393429 	0.250485
0.00345217 	1.15976e-06 	-0.000457479 	0.252996
0.00356649 	7.16455e-07 	-0.000450212 	0.251441
0.00356649 	2.71457e-05 	-0.000387116 	0.248951
0.00367879 	2.96038e-07 	-0.00044265 	0.249838
0.00367879 	2.68727e-05 	-0.000380445 	0.247369
0.00378912 	-1.0154e-07 	-0.000434772 	0.248188
0.00378912 	2.65751e-05 	-0.000373402 	0.245739
0.0038975 	-4.76285e-07 	-0.000426558 	0.246487
0.0038975 	2.6254e-05 	-0.000365968 	0.244063
0.00400397 	-8.28294e-07 	-0.000417965 	0.244734
0.00400397 	2.59096e-05 	-0.000358081 	0.242334
0.00410857 	2.55416e-05 	-0.00034964 	0.24054
0.00410857 	-1.15774e-06 	-0.000408932 	0.242921
0.00421133 	-1.46496e-06 	-0.000399382 	0.241044
0.00421133 	2.5149e-05 	-0.000340538 	0.23867
0.00431227 	-1.75076e-06 	-0.000389234 	0.239095
0.00431227 	2.47297e-05 	-0.000330699 	0.236715
0.00441144 	-2.01631e-06 	-0.000378418 	0.237067
0.00441144 	2.42808e-05 	-0.000320078 	0.234672
0.00450886 	-2.26279e-06 	-0.000366901 	0.234953
0.00450886 	2.37991e-05 	-0.000308676 	0.232537
0.00460456 	-2.49119e-06 	-0.00035468 	0.232749
0.00460456 	2.32816e-05 	-0.000296529 	0.230305
0.00469858 	-2.70237e-06 	-0.000341772 	0.230449
0.00469858 	2.27255e-05 	-0.000283689 	0.227973
0.00479094 	-2.89716e-06 	-0.000328201 	0.228049
0.00479094 	2.21283e-05 	-0.000270209 	0.225538
0.00488168 	-3.07638e-06 	-0.000313997 	0.225545
0.00488168 	2.14873e-05 	-0.000256147 	0.222994
0.00497081 	-3.24083e-06 	-0.000299199 	0.222931
0.00497081 	2.08002e-05 	-0.000241568 	0.220338
0.00505838 	-3.3913e-06 	-0.000283858 	0.220204
0.00505838 	2.00646e-05 	-0.000226547 	0.217566
0.0051444 	-3.52851e-06 	-0.00026804 	0.217361
0.0051444 	1.92787e-05 	-0.00021117 	0.214674
0.00522891 	-3.65314e-06 	-0.000251825 	0.214396
0.00522891 	1.8441e-05 	-0.000195539 	0.21166
0.00531193 	-3.76575e-06 	-0.000235311 	0.211308
0.00531193 	1.75508e-05 	-0.000179773 	0.208521
0.00539348 	-3.86681e-06 	-0.000218611 	0.208093
0.00539348 	1.66077e-05 	-0.000164003 	0.205256
0.0054736 	-3.95672e-06 	-0.00020185 	0.204747
0.0054736 	1.56124e-05 	-0.000148371 	0.201861
0.00555231 	-4.03577e-06 	-0.000185158 	0.201268
0.00555231 	1.45656e-05 	-0.000133021 	0.198336
0.00562963 	-4.10414e-06 	-0.000168671 	0.197651
0.00562963 	1.34691e-05 	-0.000118097 	0.194678
0.00570559 	-4.16196e-06 	-0.00015252 	0.193892
0.00570559 	1.23248e-05 	-0.000103731 	0.190883
0.00578022 	-4.20925e-06 	-0.000136832 	0.189986
0.00578022 	1.11352e-05 	-9.0044e-05 	0.186949
0.00585352 	-4.24592e-06 	-0.000121723 	0.185928
0.00585352 	9.90351e-06 	-7.71399e-05 	0.18287
0.00592554 	-4.27181e-06 	-0.000107296 	0.18171
0.00592554 	8.63329e-06 	-6.51023e-05 	0.178641
0.00599629 	-4.28669e-06 	-9.36399e-05 	0.177326
0.00599629 	7.32886e-06 	-5.39953e-05 	0.174254
0.00606579 	-4.2902e-06 	-8.08289e-05 	0.172766
0.00606579 	5.99519e-06 	-4.38632e-05 	0.169702
0.00613406 	-4.28191e-06 	-6.89257e-05 	0.168019
0.00613406 	4.63784e-06 	-3.47311e-05 	0.164972
0.00620114 	3.26273e-06 	-2.66075e-05 	0.160048
0.00620114 	-4.26134e-06 	-5.79787e-05 	0.163068
0.00626703 	-4.22799e-06 	-4.80245e-05 	0.157897
0.00626703 	1.87685e-06 	-1.94896e-05 	0.154914
0.00633176 	4.89366e-07 	-1.33654e-05 	0.149552
0.00633176 	-4.18142e-06 	-3.90921e-05 	0.152489
0.00639535 	-8.88386e-07 	-8.20686e-06 	0.143949
0.00639535 	-4.12119e-06 	-3.11938e-05 	0.146828
0.00645783 	-4.04675e-06 	-2.43209e-05 	0.140899
0.00645783 	-2.24311e-06 	-3.96875e-06 	0.138086
0.0065192 	-3.95749e-06 	-1.84489e-05 	0.134683
0.0065192 	-3.55933e-06 	-5.93193e-07 	0.131948
0.00657949 	-3.85281e-06 	-1.35397e-05 	0.128165
0.00657949 	-4.8191e-06 	1.98707e-06 	0.125516
0.00663871 	-3.73208e-06 	-9.54174e-06 	0.121327
0.00663871 	-6.00184e-06 	3.84642e-06 	0.118774
0.0066969 	-3.5948e-06 	-6.37692e-06 	0.114152
0.0066969 	-7.0852e-06 	5.06995e-06 	0.111701
0.00675406 	-8.04643e-06 	5.74783e-06 	0.104261
0.00675406 	-3.44053e-06 	-3.95233e-06 	0.106607
0.00681021 	-8.86011e-06 	5.97066e-06 	0.0964282
0.00681021 	-3.26934e-06 	-2.16709e-06 	0.0986594
0.00686537 	-9.49554e-06 	5.82914e-06 	0.0882165
0.00686537 	-3.08272e-06 	-9.24344e-07 	0.0903163
0.00691956 	-9.92024e-06 	5.4134e-06 	0.0796923
0.00691956 	-2.88319e-06 	-1.37492e-07 	0.081642
0.0069728 	-1.01062e-05 	4.81351e-06 	0.0709731
0.0069728 	-2.67317e-06 	2.89724e-07 	0.0727535
0.0070251 	-2.4543e-06 	4.57042e-07 	0.0638193
0.0070251 	-1.00359e-05 	4.11414e-06 	0.062224
0.00707647 	-2.22718e-06 	4.594e-07 	0.0550401
0.00707647 	-9.70827e-06 	3.38858e-06 	0.053639
0.00712695 	-1.99158e-06 	3.77439e-07 	0.0466137
0.00712695 	-9.13996e-06 	2.6934e-06 	0.0454074
0.00717653 	-1.74739e-06 	2.69848e-07 	0.0386969
0.00717653 	-8.36227e-06 	2.06554e-06 	0.0376782
0.00722524 	-1.49571e-06 	1.71641e-07 	0.0313827
0.00722524 	-7.41362e-06 	1.5238e-06 	0.0305398
0.00727309 	-6.33214e-06 	1.07336e-06 	0.024023
0.00727309 	-1.23908e-06 	9.78833e-08 	0.0247034
0.0073201 	-5.15063e-06 	7.09773e-07 	0.0181197
0.0073201 	-9.79746e-07 	4.97377e-08 	0.0186501
0.00736628 	-3.89271e-06 	4.29661e-07 	0.0128016
0.00736628 	-7.14131e-07 	2.57807e-08 	0.0131933
0.00741165 	-4.4276e-07 	1.18573e-08 	0.00829544
0.00741165 	-2.58678e-06 	2.18652e-07 	0.00803236
0.00745622 	-1.93844e-07 	5.77418e-09 	0.0039166
0.00745622 	-1.27878e-06 	7.85857e-08 	0.00377297
0.0075 	0 	0 	0
0.0075 	0 	0 	0
