-0.0075 	0 	0 	0
-0.0075 	-1.27838e-21 	-3.62989e-22 	1.4141e-18
-0.00745622 	8.25482e-06 	2.34391e-06 	-0.00913123
-0.00745622 	8.25482e-06 	2.34391e-06 	-0.00913123
-0.00741165 	1.78436e-05 	8.2716e-06 	-0.0184585
-0.00741165 	1.78436e-05 	8.2716e-06 	-0.0184585
-0.00736628 	2.80918e-05 	1.8125e-05 	-0.0279669
-0.00736628 	2.80918e-05 	1.8125e-05 	-0.0279669
-0.0073201 	3.8259e-05 	3.18256e-05 	-0.0375978
-0.0073201 	3.8259e-05 	3.18256e-05 	-0.0375978
-0.00727309 	4.76196e-05 	4.91082e-05 	-0.047291
-0.00727309 	4.76196e-05 	4.91082e-05 	-0.047291
-0.00722524 	5.54598e-05 	6.97506e-05 	-0.0569871
-0.00722524 	5.54598e-05 	6.97506e-05 	-0.0569871
-0.00717653 	6.10792e-05 	9.35239e-05 	-0.0666304
-0.00717653 	6.10792e-05 	9.35239e-05 	-0.0666304
-0.00712695 	6.37993e-05 	0.000120196 	-0.076172
-0.00712695 	6.37993e-05 	0.000120196 	-0.076172
-0.00707647 	6.29758e-05 	0.000149541 	-0.0855725
-0.00707647 	6.29758e-05 	0.000149541 	-0.0855725
-0.0070251 	5.80086e-05 	0.000181354 	-0.094803
-0.0070251 	5.80086e-05 	0.000181354 	-0.094803
-0.0069728 	4.83505e-05 	0.000215461 	-0.103846
-0.0069728 	4.83505e-05 	0.000215461 	-0.103846
-0.00691956 	3.35156e-05 	0.000251724 	-0.112692
-0.00691956 	3.35156e-05 	0.000251724 	-0.112692
-0.00686537 	1.30916e-05 	0.00029004 	-0.121342
-0.00686537 	1.30916e-05 	0.00029004 	-0.121342
-0.00681021 	-1.32373e-05 	0.000330323 	-0.129795
-0.00681021 	-1.32373e-05 	0.000330323 	-0.129795
-0.00675406 	-4.56601e-05 	0.000372502 	-0.138055
-0.00675406 	-4.56601e-05 	0.000372502 	-0.138055
-0.0066969 	-8.42054e-05 	0.0004165 	-0.146122
-0.0066969 	-8.42054e-05 	0.0004165 	-0.146122
-0.00663871 	-0.000128702 	0.000462227 	-0.153994
-0.00663871 	-0.000128702 	0.000462227 	-0.153994
-0.00657949 	-0.000178744 	0.000509556 	-0.161665
-0.00657949 	-0.000178744 	0.000509556 	-0.161665
-0.0065192 	-0.000233666 	0.00055832 	-0.169127
-0.0065192 	-0.000233666 	0.00055832 	-0.169127
-0.00645783 	-0.00029253 	0.000608295 	-0.176366
-0.00645783 	-0.00029253 	0.000608295 	-0.176366
-0.00639535 	-0.00035414 	0.000659203 	-0.183367
-0.00639535 	-0.00035414 	0.000659203 	-0.183367
-0.00633176 	-0.000417077 	0.000710705 	-0.190112
-0.00633176 	-0.000417077 	0.000710705 	-0.190112
-0.00626703 	-0.000479752 	0.000762405 	-0.196584
-0.00626703 	-0.000479752 	0.000762405 	-0.196584
-0.00620114 	-0.000540483 	0.000813856 	-0.202762
-0.00620114 	-0.000540483 	0.000813856 	-0.202762
-0.00613406 	-0.000597581 	0.000864561 	-0.208628
-0.00613406 	-0.000597581 	0.000864561 	-0.208628
-0.00606579 	-0.000649441 	0.000913987 	-0.214166
-0.00606579 	-0.000649441 	0.000913987 	-0.214166
-0.00599629 	-0.000694628 	0.00096157 	-0.21936
-0.00599629 	-0.000694628 	0.00096157 	-0.21936
-0.00592554 	-0.000731951 	0.00100673 	-0.224195
-0.00592554 	-0.000731951 	0.00100673 	-0.224195
-0.00585352 	-0.000760517 	0.00104889 	-0.228663
-0.00585352 	-0.000760517 	0.00104889 	-0.228663
-0.00578022 	-0.000779759 	0.00108747 	-0.232756
-0.00578022 	-0.000779759 	0.00108747 	-0.232756
-0.00570559 	-0.00078944 	0.00112196 	-0.236471
-0.00570559 	-0.00078944 	0.00112196 	-0.236471
-0.00562963 	-0.000789638 	0.00115185 	-0.239808
-0.00562963 	-0.000789638 	0.00115185 	-0.239808
-0.00555231 	-0.000780696 	0.00117675 	-0.242773
-0.00555231 	-0.000780696 	0.00117675 	-0.242773
-0.0054736 	-0.000763172 	0.00119632 	-0.245375
-0.0054736 	-0.000763172 	0.00119632 	-0.245375
-0.00539348 	-0.000737776 	0.00121032 	-0.247629
-0.00539348 	-0.000737776 	0.00121032 	-0.247629
-0.00531193 	-0.000705309 	0.00121864 	-0.249551
-0.00531193 	-0.000705309 	0.00121864 	-0.249551
-0.00522891 	-0.000666626 	0.00122124 	-0.251164
-0.00522891 	-0.000666626 	0.00122124 	-0.251164
-0.0051444 	-0.000622609 	0.00121824 	-0.25249
-0.0051444 	-0.000622609 	0.00121824 	-0.25249
-0.00505838 	-0.0005741 	0.00120987 	-0.25356
-0.00505838 	-0.0005741 	0.00120987 	-0.25356
-0.00497081 	-0.000521834 	0.00119646 	-0.254402
-0.00497081 	-0.000521834 	0.00119646 	-0.254402
-0.00488168 	-0.00046653 	0.00117842 	-0.255049
-0.00488168 	-0.00046653 	0.00117842 	-0.255049
-0.00479094 	-0.000408927 	0.0011562 	-0.255528
-0.00479094 	-0.000408927 	0.0011562 	-0.255528
-0.00469858 	-0.000349729 	0.00113034 	-0.255868
-0.00469858 	-0.000349729 	0.00113034 	-0.255868
-0.00460456 	-0.000289587 	0.00110136 	-0.256096
-0.00460456 	-0.000289587 	0.00110136 	-0.256096
-0.00450886 	-0.000229098 	0.00106979 	-0.256236
-0.00450886 	-0.000229098 	0.00106979 	-0.256236
-0.00441144 	-0.000168783 	0.00103613 	-0.256307
-0.00441144 	-0.000168783 	0.00103613 	-0.256307
-0.00431227 	-0.000109066 	0.00100085 	-0.256327
-0.00431227 	-0.000109066 	0.00100085 	-0.256327
-0.00421133 	-5.02707e-05 	0.000964338 	-0.25631
-0.00421133 	-5.02707e-05 	0.000964338 	-0.25631
-0.00410857 	7.35833e-06 	0.00092692 	-0.256265
-0.00410857 	7.35833e-06 	0.00092692 	-0.256265
-0.00400397 	6.36159e-05 	0.000888835 	-0.256199
-0.00400397 	6.36159e-05 	0.000888835 	-0.256199
-0.0038975 	0.00011827 	0.000850366 	-0.256119
-0.0038975 	0.00011827 	0.000850366 	-0.256119
-0.00378912 	0.000171294 	0.000811717 	-0.256028
-0.00378912 	0.000171294 	0.000811717 	-0.256028
-0.00367879 	0.000222897 	0.000772882 	-0.255926
-0.00367879 	0.000222897 	0.000772882 	-0.255926
-0.00356649 	0.000272939 	0.000734009 	-0.255816
-0.00356649 	0.000272939 	0.000734009 	-0.255816
-0.00345217 	0.000320658 	0.000695335 	-0.255699
-0.00345217 	0.000320658 	0.000695335 	-0.255699
-0.0033358 	0.000364803 	0.000657076 	-0.255577
-0.0033358 	0.000364803 	0.000657076 	-0.255577
-0.00321735 	0.000404021 	0.000619485 	-0.255455
-0.00321735 	0.000404021 	0.000619485 	-0.255455
-0.00309677 	0.000437225 	0.000582702 	-0.255334
-0.00309677 	0.000437225 	0.000582702 	-0.255334
-0.00297403 	0.000463626 	0.000546759 	-0.255216
-0.00297403 	0.000463626 	0.000546759 	-0.255216
-0.00284909 	0.000482692 	0.000511652 	-0.255103
-0.00284909 	0.000482692 	0.000511652 	-0.255103
-0.0027219 	0.000494112 	0.000477331 	-0.254995
-0.0027219 	0.000494112 	0.000477331 	-0.254995
-0.00259244 	0.000497756 	0.000443699 	-0.254893
-0.00259244 	0.000497756 	0.000443699 	-0.254893
-0.00246065 	0.000493645 	0.000410634 	-0.254796
-0.00246065 	0.000493645 	0.000410634 	-0.254796
-0.00232651 	0.000481898 	0.00037797 	-0.254704
-0.00232651 	0.000481898 	0.00037797 	-0.254704
-0.00218995 	0.000462698 	0.000345488 	-0.254618
-0.00218995 	0.000462698 	0.000345488 	-0.254618
-0.00205095 	0.000436342 	0.000312986 	-0.254538
-0.00205095 	0.000436342 	0.000312986 	-0.254538
-0.00190946 	0.000403233 	0.000280248 	-0.254462
-0.00190946 	0.000403233 	0.000280248 	-0.254462
-0.00176543 	0.000363866 	0.000247002 	-0.254392
-0.00176543 	0.000363866 	0.000247002 	-0.254392
-0.00161881 	0.00031896 	0.000213036 	-0.254328
-0.00161881 	0.00031896 	0.000213036 	-0.254328
-0.00146957 	0.000269483 	0.000178202 	-0.254271
-0.00146957 	0.000269483 	0.000178202 	-0.254271
-0.00131765 	0.000216547 	0.000142362 	-0.254221
-0.00131765 	0.000216547 	0.000142362 	-0.254221
-0.001163 	0.00016134 	0.000105428 	-0.254178
-0.001163 	0.00016134 	0.000105428 	-0.254178
-0.00100559 	0.000105074 	6.73623e-05 	-0.254145
-0.00100559 	0.000105074 	6.73623e-05 	-0.254145
-0.000845345 	4.89209e-05 	2.81604e-05 	-0.25412
-0.000845345 	4.89209e-05 	2.81604e-05 	-0.25412
-0.000682232 	-6.04733e-06 	-1.21637e-05 	-0.254106
-0.000682232 	-6.04733e-06 	-1.21637e-05 	-0.254106
-0.000516194 	-5.88759e-05 	-5.35851e-05 	-0.254102
-0.000516194 	-5.88759e-05 	-5.35851e-05 	-0.254102
-0.000347178 	-0.000108731 	-9.6068e-05 	-0.25411
-0.000347178 	-0.000108731 	-9.6068e-05 	-0.25411
-0.000175132 	-0.000154901 	-0.000139561 	-0.25413
-0.000175132 	-0.000154901 	-0.000139561 	-0.25413
0 	-0.000196612 	-0.000183796 	-0.254163
0 	-0.000196612 	-0.000183796 	-0.254163
0.000175132 	-0.000232986 	-0.000228097 	-0.254209
0.000175132 	-0.000232986 	-0.000228097 	-0.254209
0.000347178 	-0.000263531 	-0.000271784 	-0.254267
0.000347178 	-0.000263531 	-0.000271784 	-0.254267
0.000516194 	-0.000288318 	-0.000314588 	-0.254336
0.000516194 	-0.000288318 	-0.000314588 	-0.254336
0.000682232 	-0.000307637 	-0.000356416 	-0.254416
0.000682232 	-0.000307637 	-0.000356416 	-0.254416
0.000845345 	-0.00032183 	-0.00039722 	-0.254506
0.000845345 	-0.00032183 	-0.00039722 	-0.254506
0.00100559 	-0.000331257 	-0.000437038 	-0.254607
0.00100559 	-0.000331257 	-0.000437038 	-0.254607
0.001163 	-0.000336214 	-0.000475913 	-0.254718
0.001163 	-0.000336214 	-0.000475913 	-0.254718
0.00131765 	-0.00033687 	-0.000513892 	-0.254841
0.00131765 	-0.00033687 	-0.000513892 	-0.254841
0.00146957 	-0.000333288 	-0.000550953 	-0.254976
0.00146957 	-0.000333288 	-0.000550953 	-0.254976
0.00161881 	-0.000325487 	-0.000586978 	-0.255121
0.00161881 	-0.000325487 	-0.000586978 	-0.255121
0.00176543 	-0.000313536 	-0.000621885 	-0.255276
0.00176543 	-0.000313536 	-0.000621885 	-0.255276
0.00190946 	-0.000297603 	-0.000655666 	-0.255438
0.00190946 	-0.000297603 	-0.000655666 	-0.255438
0.00205095 	-0.000277974 	-0.000688353 	-0.255608
0.00205095 	-0.000277974 	-0.000688353 	-0.255608
0.00218995 	-0.000255024 	-0.000720001 	-0.255782
0.00218995 	-0.000255024 	-0.000720001 	-0.255782
0.00232651 	-0.0002292 	-0.000750692 	-0.255961
0.00232651 	-0.0002292 	-0.000750692 	-0.255961
0.00246065 	-0.000201004 	-0.000780527 	-0.256145
0.00246065 	-0.000201004 	-0.000780527 	-0.256145
0.00259244 	-0.000170984 	-0.000809616 	-0.256331
0.00259244 	-0.000170984 	-0.000809616 	-0.256331
0.0027219 	-0.000139724 	-0.000838067 	-0.256521
0.0027219 	-0.000139724 	-0.000838067 	-0.256521
0.00284909 	-0.000107842 	-0.000865978 	-0.256713
0.00284909 	-0.000107842 	-0.000865978 	-0.256713
0.00297403 	-7.59956e-05 	-0.000893419 	-0.256906
0.00297403 	-7.59956e-05 	-0.000893419 	-0.256906
0.00309677 	-4.48938e-05 	-0.000920426 	-0.2571
0.00309677 	-4.48938e-05 	-0.000920426 	-0.2571
0.00321735 	-1.53208e-05 	-0.000947005 	-0.257292
0.00321735 	-1.53208e-05 	-0.000947005 	-0.257292
0.0033358 	1.18466e-05 	-0.000973146 	-0.257478
0.0033358 	1.18466e-05 	-0.000973146 	-0.257478
0.00345217 	3.57248e-05 	-0.000998742 	-0.257655
0.00345217 	3.57248e-05 	-0.000998742 	-0.257655
0.00356649 	5.57461e-05 	-0.00102344 	-0.257816
0.00356649 	5.57461e-05 	-0.00102344 	-0.257816
0.00367879 	7.20345e-05 	-0.0010472 	-0.257963
0.00367879 	7.20345e-05 	-0.0010472 	-0.257963
0.00378912 	8.49888e-05 	-0.00107035 	-0.258097
0.00378912 	8.49888e-05 	-0.00107035 	-0.258097
0.0038975 	9.45813e-05 	-0.0010929 	-0.258215
0.0038975 	9.45813e-05 	-0.0010929 	-0.258215
0.00400397 	0.000100478 	-0.00111462 	-0.258314
0.00400397 	0.000100478 	-0.00111462 	-0.258314
0.00410857 	0.000102316 	-0.00113544 	-0.258385
0.00410857 	0.000102316 	-0.00113544 	-0.258385
0.00421133 	9.97578e-05 	-0.00115517 	-0.258419
0.00421133 	9.97578e-05 	-0.00115517 	-0.258419
0.00431227 	9.25555e-05 	-0.00117355 	-0.2584
0.00431227 	9.25555e-05 	-0.00117355 	-0.2584
0.00441144 	8.062e-05 	-0.00119021 	-0.258312
0.00441144 	8.062e-05 	-0.00119021 	-0.258312
0.00450886 	6.40922e-05 	-0.00120475 	-0.258131
0.00450886 	6.40922e-05 	-0.00120475 	-0.258131
0.00460456 	4.33965e-05 	-0.0012167 	-0.257832
0.00460456 	4.33965e-05 	-0.0012167 	-0.257832
0.00469858 	1.9263e-05 	-0.00122557 	-0.257383
0.00469858 	1.9263e-05 	-0.00122557 	-0.257383
0.00479094 	-7.2797e-06 	-0.00123087 	-0.256752
0.00479094 	-7.2797e-06 	-0.00123087 	-0.256752
0.00488168 	-3.49563e-05 	-0.00123212 	-0.255905
0.00488168 	-3.49563e-05 	-0.00123212 	-0.255905
0.00497081 	-6.2365e-05 	-0.00122887 	-0.254807
0.00497081 	-6.2365e-05 	-0.00122887 	-0.254807
0.00505838 	-8.80921e-05 	-0.00122076 	-0.253418
0.00505838 	-8.80921e-05 	-0.00122076 	-0.253418
0.0051444 	-0.000110764 	-0.00120749 	-0.251705
0.0051444 	-0.000110764 	-0.00120749 	-0.251705
0.00522891 	-0.000129137 	-0.0011889 	-0.249635
0.00522891 	-0.000129137 	-0.0011889 	-0.249635
0.00531193 	-0.000142217 	-0.00116499 	-0.247182
0.00531193 	-0.000142217 	-0.00116499 	-0.247182
0.00539348 	-0.000149337 	-0.00113586 	-0.244323
0.00539348 	-0.000149337 	-0.00113586 	-0.244323
0.0054736 	-0.000150201 	-0.00110175 	-0.24104
0.0054736 	-0.000150201 	-0.00110175 	-0.24104
0.00555231 	-0.000144897 	-0.001063 	-0.237323
0.00555231 	-0.000144897 	-0.001063 	-0.237323
0.00562963 	-0.000133888 	-0.00102005 	-0.233165
0.00562963 	-0.000133888 	-0.00102005 	-0.233165
0.00570559 	-0.000117975 	-0.000973412 	-0.228566
0.00570559 	-0.000117975 	-0.000973412 	-0.228566
0.00578022 	-9.82334e-05 	-0.000923675 	-0.223533
0.00578022 	-9.82334e-05 	-0.000923675 	-0.223533
0.00585352 	-7.59323e-05 	-0.000871463 	-0.218075
0.00585352 	-7.59323e-05 	-0.000871463 	-0.218075
0.00592554 	-5.24363e-05 	-0.000817418 	-0.21221
0.00592554 	-5.24363e-05 	-0.000817418 	-0.21221
0.00599629 	-2.91063e-05 	-0.000762175 	-0.205955
0.00599629 	-2.91063e-05 	-0.000762175 	-0.205955
0.00606579 	-7.20838e-06 	-0.00070635 	-0.199332
0.00606579 	-7.20838e-06 	-0.00070635 	-0.199332
0.00613406 	1.2168e-05 	-0.000650526 	-0.192367
0.00613406 	1.2168e-05 	-0.000650526 	-0.192367
0.00620114 	2.81754e-05 	-0.000595251 	-0.185088
0.00620114 	2.81754e-05 	-0.000595251 	-0.185088
0.00626703 	4.02537e-05 	-0.000541025 	-0.177524
0.00626703 	4.02537e-05 	-0.000541025 	-0.177524
0.00633176 	4.81495e-05 	-0.000488302 	-0.169709
0.00633176 	4.81495e-05 	-0.000488302 	-0.169709
0.00639535 	5.19093e-05 	-0.000437483 	-0.161675
0.00639535 	5.19093e-05 	-0.000437483 	-0.161675
0.00645783 	5.18484e-05 	-0.000388917 	-0.153456
0.00645783 	5.18484e-05 	-0.000388917 	-0.153456
0.0065192 	4.85004e-05 	-0.000342904 	-0.145089
0.0065192 	4.85004e-05 	-0.000342904 	-0.145089
0.00657949 	4.25535e-05 	-0.000299689 	-0.136608
0.00657949 	4.25535e-05 	-0.000299689 	-0.136608
0.00663871 	3.47809e-05 	-0.00025947 	-0.128052
0.00663871 	3.47809e-05 	-0.00025947 	-0.128052
0.0066969 	2.59725e-05 	-0.000222394 	-0.119459
0.0066969 	2.59725e-05 	-0.000222394 	-0.119459
0.00675406 	1.68717e-05 	-0.000188551 	-0.110866
0.00675406 	1.68717e-05 	-0.000188551 	-0.110866
0.00681021 	8.12487e-06 	-0.000157975 	-0.102313
0.00681021 	8.12487e-06 	-0.000157975 	-0.102313
0.00686537 	2.47869e-07 	-0.000130649 	-0.0938356
0.00686537 	2.47869e-07 	-0.000130649 	-0.0938356
0.00691956 	-6.39358e-06 	-0.000106505 	-0.0854715
0.00691956 	-6.39358e-06 	-0.000106505 	-0.0854715
0.0069728 	-1.1587e-05 	-8.54286e-05 	-0.0772528
0.0069728 	-1.1587e-05 	-8.54286e-05 	-0.0772528
0.0070251 	-1.5261e-05 	-6.72629e-05 	-0.0692064
0.0070251 	-1.5261e-05 	-6.72629e-05 	-0.0692064
0.00707647 	-1.74605e-05 	-5.1819e-05 	-0.0613524
0.00707647 	-1.74605e-05 	-5.1819e-05 	-0.0613524
0.00712695 	-1.83165e-05 	-3.88861e-05 	-0.0537046
0.00712695 	-1.83165e-05 	-3.88861e-05 	-0.0537046
0.00717653 	-1.80144e-05 	-2.8242e-05 	-0.0462702
0.00717653 	-1.80144e-05 	-2.8242e-05 	-0.0462702
0.00722524 	-1.67657e-05 	-1.96618e-05 	-0.0390518
0.00722524 	-1.67657e-05 	-1.96618e-05 	-0.0390518
0.00727309 	-1.47854e-05 	-1.29245e-05 	-0.0320476
0.00727309 	-1.47854e-05 	-1.29245e-05 	-0.0320476
0.0073201 	-1.22759e-05 	-7.8219e-06 	-0.0252533
0.0073201 	-1.22759e-05 	-7.8219e-06 	-0.0252533
0.00736628 	-9.41626e-06 	-4.15135e-06 	-0.0186621
0.00736628 	-9.41626e-06 	-4.15135e-06 	-0.0186621
0.00741165 	-6.34985e-06 	-1.76209e-06 	-0.0122664
0.00741165 	-6.34985e-06 	-1.76209e-06 	-0.0122664
0.00745622 	-3.18324e-06 	-4.58342e-07 	-0.0060576
0.00745622 	-3.18324e-06 	-4.58342e-07 	-0.0060576
0.0075 	0 	0 	0
0.0075 	0 	0 	0
