-0.0075 	0 	0 	0
-0.0075 	-8.43877e-22 	-3.67934e-22 	1.38946e-18
-0.00745622 	5.44913e-06 	2.37584e-06 	-0.00897207
-0.00745622 	5.44913e-06 	2.37584e-06 	-0.00897207
-0.00741165 	1.20361e-05 	8.45755e-06 	-0.0181419
-0.00741165 	1.20361e-05 	8.45755e-06 	-0.0181419
-0.00736628 	1.9445e-05 	1.86284e-05 	-0.0274944
-0.00736628 	1.9445e-05 	1.86284e-05 	-0.0274944
-0.0073201 	2.75422e-05 	3.28281e-05 	-0.0369717
-0.0073201 	2.75422e-05 	3.28281e-05 	-0.0369717
-0.00727309 	3.62854e-05 	5.0831e-05 	-0.0465149
-0.00727309 	3.62854e-05 	5.0831e-05 	-0.0465149
-0.00722524 	4.57027e-05 	7.24383e-05 	-0.0560666
-0.00722524 	4.57027e-05 	7.24383e-05 	-0.0560666
-0.00717653 	5.58796e-05 	9.74507e-05 	-0.0655732
-0.00717653 	5.58796e-05 	9.74507e-05 	-0.0655732
-0.00712695 	6.69391e-05 	0.000125664 	-0.074988
-0.00712695 	6.69391e-05 	0.000125664 	-0.074988
-0.00707647 	7.90243e-05 	0.000156876 	-0.0842732
-0.00707647 	7.90243e-05 	0.000156876 	-0.0842732
-0.0070251 	9.2284e-05 	0.000190902 	-0.0934015
-0.0070251 	9.2284e-05 	0.000190902 	-0.0934015
-0.0069728 	0.000106861 	0.000227577 	-0.102355
-0.0069728 	0.000106861 	0.000227577 	-0.102355
-0.00691956 	0.000122879 	0.000266765 	-0.111126
-0.00691956 	0.000122879 	0.000266765 	-0.111126
-0.00686537 	0.000140437 	0.000308353 	-0.119713
-0.00686537 	0.000140437 	0.000308353 	-0.119713
-0.00681021 	0.000159589 	0.000352242 	-0.128115
-0.00681021 	0.000159589 	0.000352242 	-0.128115
-0.00675406 	0.000180334 	0.000398344 	-0.136335
-0.00675406 	0.000180334 	0.000398344 	-0.136335
-0.0066969 	0.000202605 	0.000446568 	-0.144371
-0.0066969 	0.000202605 	0.000446568 	-0.144371
-0.00663871 	0.000226258 	0.000496813 	-0.152223
-0.00663871 	0.000226258 	0.000496813 	-0.152223
-0.00657949 	0.00025106 	0.000548953 	-0.159886
-0.00657949 	0.00025106 	0.000548953 	-0.159886
-0.0065192 	0.000276687 	0.000602824 	-0.167349
-0.0065192 	0.000276687 	0.000602824 	-0.167349
-0.00645783 	0.000302723 	0.000658217 	-0.174601
-0.00645783 	0.000302723 	0.000658217 	-0.174601
-0.00639535 	0.000328665 	0.000714873 	-0.181626
-0.00639535 	0.000328665 	0.000714873 	-0.181626
-0.00633176 	0.000353938 	0.000772475 	-0.188407
-0.00633176 	0.000353938 	0.000772475 	-0.188407
-0.00626703 	0.000377915 	0.000830652 	-0.194923
-0.00626703 	0.000377915 	0.000830652 	-0.194923
-0.00620114 	0.000399939 	0.00088898 	-0.201155
-0.00620114 	0.000399939 	0.00088898 	-0.201155
-0.00613406 	0.000419353 	0.000946992 	-0.207082
-0.00613406 	0.000419353 	0.000946992 	-0.207082
-0.00606579 	0.000435526 	0.00100418 	-0.212685
-0.00606579 	0.000435526 	0.00100418 	-0.212685
-0.00599629 	0.00044788 	0.00105999 	-0.217948
-0.00599629 	0.00044788 	0.00105999 	-0.217948
-0.00592554 	0.000455917 	0.00111389 	-0.222854
-0.00592554 	0.000455917 	0.00111389 	-0.222854
-0.00585352 	0.000459234 	0.00116529 	-0.227393
-0.00585352 	0.000459234 	0.00116529 	-0.227393
-0.00578022 	0.000457541 	0.00121365 	-0.231557
-0.00578022 	0.000457541 	0.00121365 	-0.231557
-0.00570559 	0.000450671 	0.00125841 	-0.235341
-0.00570559 	0.000450671 	0.00125841 	-0.235341
-0.00562963 	0.000438585 	0.00129908 	-0.238745
-0.00562963 	0.000438585 	0.00129908 	-0.238745
-0.00555231 	0.000421368 	0.00133521 	-0.241775
-0.00555231 	0.000421368 	0.00133521 	-0.241775
-0.0054736 	0.000399234 	0.0013664 	-0.244439
-0.0054736 	0.000399234 	0.0013664 	-0.244439
-0.00539348 	0.000372516 	0.00139235 	-0.246751
-0.00539348 	0.000372516 	0.00139235 	-0.246751
-0.00531193 	0.000341667 	0.00141284 	-0.248728
-0.00531193 	0.000341667 	0.00141284 	-0.248728
-0.00522891 	0.000307257 	0.00142772 	-0.250393
-0.00522891 	0.000307257 	0.00142772 	-0.250393
-0.0051444 	0.000269986 	0.00143697 	-0.251767
-0.0051444 	0.000269986 	0.00143697 	-0.251767
-0.00505838 	0.000230613 	0.00144071 	-0.252879
-0.00505838 	0.000230613 	0.00144071 	-0.252879
-0.00497081 	0.000189911 	0.0014391 	-0.25376
-0.00497081 	0.000189911 	0.0014391 	-0.25376
-0.00488168 	0.00014876 	0.0014324 	-0.254439
-0.00488168 	0.00014876 	0.0014324 	-0.254439
-0.00479094 	0.000108125 	0.00142093 	-0.254944
-0.00479094 	0.000108125 	0.00142093 	-0.254944
-0.00469858 	6.89403e-05 	0.00140504 	-0.255306
-0.00469858 	6.89403e-05 	0.00140504 	-0.255306
-0.00460456 	3.20692e-05 	0.00138514 	-0.255549
-0.00460456 	3.20692e-05 	0.00138514 	-0.255549
-0.00450886 	-1.72991e-06 	0.00136161 	-0.255698
-0.00450886 	-1.72991e-06 	0.00136161 	-0.255698
-0.00441144 	-3.1839e-05 	0.00133484 	-0.255775
-0.00441144 	-3.1839e-05 	0.00133484 	-0.255775
-0.00431227 	-5.78037e-05 	0.00130519 	-0.255797
-0.00431227 	-5.78037e-05 	0.00130519 	-0.255797
-0.00421133 	-7.93291e-05 	0.00127297 	-0.255778
-0.00421133 	-7.93291e-05 	0.00127297 	-0.255778
-0.00410857 	-9.62489e-05 	0.00123841 	-0.255729
-0.00410857 	-9.62489e-05 	0.00123841 	-0.255729
-0.00400397 	-0.000108466 	0.00120169 	-0.255659
-0.00400397 	-0.000108466 	0.00120169 	-0.255659
-0.0038975 	-0.000115899 	0.0011629 	-0.255574
-0.0038975 	-0.000115899 	0.0011629 	-0.255574
-0.00378912 	-0.000118462 	0.00112226 	-0.255478
-0.00378912 	-0.000118462 	0.00112226 	-0.255478
-0.00367879 	-0.000116089 	0.0010799 	-0.255374
-0.00367879 	-0.000116089 	0.0010799 	-0.255374
-0.00356649 	-0.000108651 	0.00103565 	-0.255262
-0.00356649 	-0.000108651 	0.00103565 	-0.255262
-0.00345217 	-9.58988e-05 	0.000989563 	-0.255144
-0.00345217 	-9.58988e-05 	0.000989563 	-0.255144
-0.0033358 	-7.76035e-05 	0.000941911 	-0.255021
-0.0033358 	-7.76035e-05 	0.000941911 	-0.255021
-0.00321735 	-5.37054e-05 	0.000892916 	-0.254896
-0.00321735 	-5.37054e-05 	0.000892916 	-0.254896
-0.00309677 	-2.43935e-05 	0.000842793 	-0.254773
-0.00309677 	-2.43935e-05 	0.000842793 	-0.254773
-0.00297403 	9.88471e-06 	0.000791742 	-0.254652
-0.00297403 	9.88471e-06 	0.000791742 	-0.254652
-0.00284909 	4.84381e-05 	0.000739982 	-0.254535
-0.00284909 	4.84381e-05 	0.000739982 	-0.254535
-0.0027219 	9.0377e-05 	0.000687743 	-0.254424
-0.0027219 	9.0377e-05 	0.000687743 	-0.254424
-0.00259244 	0.000134669 	0.000635275 	-0.254319
-0.00259244 	0.000134669 	0.000635275 	-0.254319
-0.00246065 	0.000180209 	0.000582865 	-0.254222
-0.00246065 	0.000180209 	0.000582865 	-0.254222
-0.00232651 	0.000225934 	0.000530739 	-0.254134
-0.00232651 	0.000225934 	0.000530739 	-0.254134
-0.00218995 	0.00027087 	0.000479113 	-0.254054
-0.00218995 	0.00027087 	0.000479113 	-0.254054
-0.00205095 	0.000314147 	0.000428275 	-0.253985
-0.00205095 	0.000314147 	0.000428275 	-0.253985
-0.00190946 	0.000355047 	0.00037844 	-0.253925
-0.00190946 	0.000355047 	0.00037844 	-0.253925
-0.00176543 	0.000392975 	0.000329741 	-0.253876
-0.00176543 	0.000392975 	0.000329741 	-0.253876
-0.00161881 	0.000427396 	0.000282287 	-0.253836
-0.00161881 	0.000427396 	0.000282287 	-0.253836
-0.00146957 	0.000457801 	0.000236215 	-0.253806
-0.00146957 	0.000457801 	0.000236215 	-0.253806
-0.00131765 	0.000483685 	0.000191752 	-0.253785
-0.00131765 	0.000483685 	0.000191752 	-0.253785
-0.001163 	0.000504554 	0.00014912 	-0.253776
-0.001163 	0.000504554 	0.00014912 	-0.253776
-0.00100559 	0.000519944 	0.000108486 	-0.253777
-0.00100559 	0.000519944 	0.000108486 	-0.253777
-0.000845345 	0.000529449 	6.99784e-05 	-0.253789
-0.000845345 	0.000529449 	6.99784e-05 	-0.253789
-0.000682232 	0.000532721 	3.36626e-05 	-0.253812
-0.000682232 	0.000532721 	3.36626e-05 	-0.253812
-0.000516194 	0.000529463 	-4.79672e-07 	-0.253845
-0.000516194 	0.000529463 	-4.79672e-07 	-0.253845
-0.000347178 	0.000519417 	-3.25789e-05 	-0.25389
-0.000347178 	0.000519417 	-3.25789e-05 	-0.25389
-0.000175132 	0.000502344 	-6.28435e-05 	-0.253944
-0.000175132 	0.000502344 	-6.28435e-05 	-0.253944
0 	0.00047798 	-9.14772e-05 	-0.254008
0 	0.00047798 	-9.14772e-05 	-0.254008
0.000175132 	0.000446245 	-0.000118644 	-0.254081
0.000175132 	0.000446245 	-0.000118644 	-0.254081
0.000347178 	0.000407615 	-0.000144559 	-0.254161
0.000347178 	0.000407615 	-0.000144559 	-0.254161
0.000516194 	0.000363038 	-0.000169695 	-0.254245
0.000516194 	0.000363038 	-0.000169695 	-0.254245
0.000682232 	0.000313902 	-0.000194682 	-0.254335
0.000682232 	0.000313902 	-0.000194682 	-0.254335
0.000845345 	0.000262108 	-0.000220062 	-0.254428
0.000845345 	0.000262108 	-0.000220062 	-0.254428
0.00100559 	0.000209813 	-0.000246289 	-0.254524
0.00100559 	0.000209813 	-0.000246289 	-0.254524
0.001163 	0.00015909 	-0.000273744 	-0.254622
0.001163 	0.00015909 	-0.000273744 	-0.254622
0.00131765 	0.000111711 	-0.0003027 	-0.254721
0.00131765 	0.000111711 	-0.0003027 	-0.254721
0.00146957 	6.90618e-05 	-0.000333336 	-0.254822
0.00146957 	6.90618e-05 	-0.000333336 	-0.254822
0.00161881 	3.21318e-05 	-0.000365727 	-0.254926
0.00161881 	3.21318e-05 	-0.000365727 	-0.254926
0.00176543 	1.5631e-06 	-0.000399852 	-0.255032
0.00176543 	1.5631e-06 	-0.000399852 	-0.255032
0.00190946 	-2.22898e-05 	-0.000435611 	-0.255142
0.00190946 	-2.22898e-05 	-0.000435611 	-0.255142
0.00205095 	-3.92908e-05 	-0.000472847 	-0.255258
0.00205095 	-3.92908e-05 	-0.000472847 	-0.255258
0.00218995 	-4.94541e-05 	-0.000511359 	-0.255378
0.00218995 	-4.94541e-05 	-0.000511359 	-0.255378
0.00232651 	-5.28833e-05 	-0.000550914 	-0.255506
0.00232651 	-5.28833e-05 	-0.000550914 	-0.255506
0.00246065 	-4.97242e-05 	-0.000591254 	-0.255641
0.00246065 	-4.97242e-05 	-0.000591254 	-0.255641
0.00259244 	-4.01346e-05 	-0.000632099 	-0.255784
0.00259244 	-4.01346e-05 	-0.000632099 	-0.255784
0.0027219 	-2.42725e-05 	-0.000673147 	-0.255937
0.0027219 	-2.42725e-05 	-0.000673147 	-0.255937
0.00284909 	-2.30065e-06 	-0.000714075 	-0.256098
0.00284909 	-2.30065e-06 	-0.000714075 	-0.256098
0.00297403 	2.55925e-05 	-0.000754539 	-0.256267
0.00297403 	2.55925e-05 	-0.000754539 	-0.256267
0.00309677 	5.9162e-05 	-0.000794171 	-0.256444
0.00309677 	5.9162e-05 	-0.000794171 	-0.256444
0.00321735 	9.80646e-05 	-0.000832598 	-0.256625
0.00321735 	9.80646e-05 	-0.000832598 	-0.256625
0.0033358 	0.000141818 	-0.000869442 	-0.256807
0.0033358 	0.000141818 	-0.000869442 	-0.256807
0.00345217 	0.000189788 	-0.000904305 	-0.256984
0.00345217 	0.000189788 	-0.000904305 	-0.256984
0.00356649 	0.000241244 	-0.00093684 	-0.257153
0.00356649 	0.000241244 	-0.00093684 	-0.257153
0.00367879 	0.000295526 	-0.000966852 	-0.25731
0.00367879 	0.000295526 	-0.000966852 	-0.25731
0.00378912 	0.000352194 	-0.000994359 	-0.257453
0.00378912 	0.000352194 	-0.000994359 	-0.257453
0.0038975 	0.000410993 	-0.00101952 	-0.25758
0.0038975 	0.000410993 	-0.00101952 	-0.25758
0.00400397 	0.00047168 	-0.00104232 	-0.257687
0.00400397 	0.00047168 	-0.00104232 	-0.257687
0.00410857 	0.00053388 	-0.0010626 	-0.257766
0.00410857 	0.00053388 	-0.0010626 	-0.257766
0.00421133 	0.000597113 	-0.00108022 	-0.257807
0.00421133 	0.000597113 	-0.00108022 	-0.257807
0.00431227 	0.000660747 	-0.00109501 	-0.257795
0.00431227 	0.000660747 	-0.00109501 	-0.257795
0.00441144 	0.00072393 	-0.00110674 	-0.257713
0.00441144 	0.00072393 	-0.00110674 	-0.257713
0.00450886 	0.000785608 	-0.00111517 	-0.257538
0.00450886 	0.000785608 	-0.00111517 	-0.257538
0.00460456 	0.000844578 	-0.00112005 	-0.257247
0.00460456 	0.000844578 	-0.00112005 	-0.257247
0.00469858 	0.000899561 	-0.00112114 	-0.256809
0.00469858 	0.000899561 	-0.00112114 	-0.256809
0.00479094 	0.000949281 	-0.00111825 	-0.256194
0.00479094 	0.000949281 	-0.00111825 	-0.256194
0.00488168 	0.000992547 	-0.00111123 	-0.255371
0.00488168 	0.000992547 	-0.00111123 	-0.255371
0.00497081 	0.00102835 	-0.00109997 	-0.254307
0.00497081 	0.00102835 	-0.00109997 	-0.254307
0.00505838 	0.00105591 	-0.00108443 	-0.25297
0.00505838 	0.00105591 	-0.00108443 	-0.25297
0.0051444 	0.00107468 	-0.00106459 	-0.251326
0.0051444 	0.00107468 	-0.00106459 	-0.251326
0.00522891 	0.00108438 	-0.00104055 	-0.249347
0.00522891 	0.00108438 	-0.00104055 	-0.249347
0.00531193 	0.00108499 	-0.00101253 	-0.24701
0.00531193 	0.00108499 	-0.00101253 	-0.24701
0.00539348 	0.00107679 	-0.000980769 	-0.244293
0.00539348 	0.00107679 	-0.000980769 	-0.244293
0.0054736 	0.0010603 	-0.000945603 	-0.24118
0.0054736 	0.0010603 	-0.000945603 	-0.24118
0.00555231 	0.00103624 	-0.000907397 	-0.237659
0.00555231 	0.00103624 	-0.000907397 	-0.237659
0.00562963 	0.00100548 	-0.000866554 	-0.233722
0.00562963 	0.00100548 	-0.000866554 	-0.233722
0.00570559 	0.000969034 	-0.000823508 	-0.229366
0.00570559 	0.000969034 	-0.000823508 	-0.229366
0.00578022 	0.000927967 	-0.000778704 	-0.224591
0.00578022 	0.000927967 	-0.000778704 	-0.224591
0.00585352 	0.000883374 	-0.000732596 	-0.219401
0.00585352 	0.000883374 	-0.000732596 	-0.219401
0.00592554 	0.000836328 	-0.000685631 	-0.213806
0.00592554 	0.000836328 	-0.000685631 	-0.213806
0.00599629 	0.000787838 	-0.000638239 	-0.207817
0.00599629 	0.000787838 	-0.000638239 	-0.207817
0.00606579 	0.000738821 	-0.000590829 	-0.201448
0.00606579 	0.000738821 	-0.000590829 	-0.201448
0.00613406 	0.000690077 	-0.000543782 	-0.194717
0.00613406 	0.000690077 	-0.000543782 	-0.194717
0.00620114 	0.000642282 	-0.000497452 	-0.187644
0.00620114 	0.000642282 	-0.000497452 	-0.187644
0.00626703 	0.000595977 	-0.000452162 	-0.180252
0.00626703 	0.000595977 	-0.000452162 	-0.180252
0.00633176 	0.000551569 	-0.00040821 	-0.172568
0.00633176 	0.000551569 	-0.00040821 	-0.172568
0.00639535 	0.000509338 	-0.000365867 	-0.164621
0.00639535 	0.000509338 	-0.000365867 	-0.164621
0.00645783 	0.000469446 	-0.000325381 	-0.156443
0.00645783 	0.000469446 	-0.000325381 	-0.156443
0.0065192 	0.000431958 	-0.000286974 	-0.148069
0.0065192 	0.000431958 	-0.000286974 	-0.148069
0.00657949 	0.000396854 	-0.000250843 	-0.139537
0.00657949 	0.000396854 	-0.000250843 	-0.139537
0.00663871 	0.000364048 	-0.000217158 	-0.130886
0.00663871 	0.000364048 	-0.000217158 	-0.130886
0.0066969 	0.000333411 	-0.000186059 	-0.122162
0.0066969 	0.000333411 	-0.000186059 	-0.122162
0.00675406 	0.000304774 	-0.000157644 	-0.113408
0.00675406 	0.000304774 	-0.000157644 	-0.113408
0.00681021 	0.000277952 	-0.000131963 	-0.10467
0.00681021 	0.000277952 	-0.000131963 	-0.10467
0.00686537 	0.000252751 	-0.000109025 	-0.0959922
0.00686537 	0.000252751 	-0.000109025 	-0.0959922
0.00691956 	0.000228982 	-8.87848e-05 	-0.0874188
0.00691956 	0.000228982 	-8.87848e-05 	-0.0874188
0.0069728 	0.000206465 	-7.11511e-05 	-0.0789889
0.0069728 	0.000206465 	-7.11511e-05 	-0.0789889
0.0070251 	0.000185026 	-5.59885e-05 	-0.0707346
0.0070251 	0.000185026 	-5.59885e-05 	-0.0707346
0.00707647 	0.000164504 	-4.31286e-05 	-0.0626803
0.00707647 	0.000164504 	-4.31286e-05 	-0.0626803
0.00712695 	0.000144749 	-3.23824e-05 	-0.0548421
0.00712695 	0.000144749 	-3.23824e-05 	-0.0548421
0.00717653 	0.000125623 	-2.35509e-05 	-0.0472288
0.00717653 	0.000125623 	-2.35509e-05 	-0.0472288
0.00722524 	0.000107003 	-1.64352e-05 	-0.0398432
0.00722524 	0.000107003 	-1.64352e-05 	-0.0398432
0.00727309 	8.87756e-05 	-1.08432e-05 	-0.0326833
0.00727309 	8.87756e-05 	-1.08432e-05 	-0.0326833
0.0073201 	7.08381e-05 	-6.59461e-06 	-0.0257439
0.0073201 	7.08381e-05 	-6.59461e-06 	-0.0257439
0.00736628 	5.30977e-05 	-3.52924e-06 	-0.0190176
0.00736628 	5.30977e-05 	-3.52924e-06 	-0.0190176
0.00741165 	3.5452e-05 	-1.50956e-06 	-0.0124956
0.00741165 	3.5452e-05 	-1.50956e-06 	-0.0124956
0.00745622 	1.7792e-05 	-3.96021e-07 	-0.00616872
0.00745622 	1.7792e-05 	-3.96021e-07 	-0.00616872
0.0075 	0 	0 	0
0.0075 	0 	0 	0
