0 	0 	0 	0
0 	1.35593e-35 	-3.0222e-36 	1.86341e-31
5.01672e-05 	1.16402e-06 	-3.24714e-07 	0.0173796
5.01672e-05 	1.16402e-06 	-3.24714e-07 	0.0173796
0.000100334 	1.50054e-06 	-1.02022e-06 	0.0334059
0.000150502 	1.68457e-06 	-2.14686e-06 	0.0482524
0.000150502 	1.68457e-06 	-2.14686e-06 	0.0482524
0.000200669 	1.96435e-06 	-3.69966e-06 	0.062014
0.000200669 	1.96435e-06 	-3.69966e-06 	0.062014
0.000250836 	2.2914e-06 	-5.68318e-06 	0.0747739
0.000301003 	2.61229e-06 	-8.08649e-06 	0.0866033
0.000301003 	2.61229e-06 	-8.08649e-06 	0.0866033
0.000351171 	2.90822e-06 	-1.09035e-05 	0.0975519
0.000401338 	3.17139e-06 	-1.41377e-05 	0.107646
0.000451505 	3.39984e-06 	-1.78091e-05 	0.116903
0.000451505 	3.39984e-06 	-1.78091e-05 	0.116903
0.000501672 	3.596e-06 	-2.19521e-05 	0.125352
0.000551839 	3.76509e-06 	-2.66043e-05 	0.133037
0.000551839 	3.76509e-06 	-2.66043e-05 	0.133037
0.000602007 	3.91331e-06 	-3.17959e-05 	0.140018
0.000602007 	3.91331e-06 	-3.17959e-05 	0.140018
0.000652174 	4.0465e-06 	-3.75476e-05 	0.146365
0.000652174 	4.0465e-06 	-3.75476e-05 	0.146365
0.000702341 	4.16944e-06 	-4.38755e-05 	0.152148
0.000702341 	4.16944e-06 	-4.38755e-05 	0.152148
0.000752508 	4.28574e-06 	-5.07939e-05 	0.157437
0.000802676 	4.39783e-06 	-5.83171e-05 	0.162286
0.000852843 	4.5072e-06 	-6.65417e-05 	0.166689
0.000852843 	4.5072e-06 	-6.65417e-05 	0.166689
0.00090301 	4.6156e-06 	-7.53439e-05 	0.170756
0.00090301 	4.6156e-06 	-7.53439e-05 	0.170756
0.000953177 	4.72396e-06 	-8.46743e-05 	0.174527
0.00100334 	4.83298e-06 	-9.44816e-05 	0.178037
0.00100334 	4.83298e-06 	-9.44816e-05 	0.178037
0.00105351 	4.94315e-06 	-0.000104716 	0.181318
0.00105351 	4.94315e-06 	-0.000104716 	0.181318
0.00110368 	5.05476e-06 	-0.000115342 	0.184393
0.00115385 	5.16826e-06 	-0.000126401 	0.18724
0.00120401 	5.28305e-06 	-0.000137741 	0.189936
0.00120401 	5.28305e-06 	-0.000137741 	0.189936
0.00130435 	5.51606e-06 	-0.000161127 	0.194937
0.00130435 	5.51606e-06 	-0.000161127 	0.194937
0.00135452 	5.63438e-06 	-0.000173161 	0.197233
0.00135452 	5.63438e-06 	-0.000173161 	0.197233
0.00140468 	5.75378e-06 	-0.000185353 	0.199421
0.00145485 	5.87418e-06 	-0.000197652 	0.201524
0.00145485 	5.87418e-06 	-0.000197652 	0.201524
0.00150502 	5.99561e-06 	-0.00021004 	0.20355
0.00150502 	5.99561e-06 	-0.00021004 	0.20355
0.00155518 	6.11897e-06 	-0.000222516 	0.205469
0.00155518 	6.11897e-06 	-0.000222516 	0.205469
0.00160535 	6.24357e-06 	-0.000235011 	0.207327
0.00160535 	6.24357e-06 	-0.000235011 	0.207327
0.00165552 	6.36926e-06 	-0.000247513 	0.209133
0.00165552 	6.36926e-06 	-0.000247513 	0.209133
0.00170569 	6.49634e-06 	-0.000259988 	0.210868
0.00170569 	6.49634e-06 	-0.000259988 	0.210868
0.00175585 	6.62439e-06 	-0.00027239 	0.212548
0.00175585 	6.62439e-06 	-0.00027239 	0.212548
0.00180602 	6.75308e-06 	-0.000284725 	0.21419
0.00180602 	6.75308e-06 	-0.000284725 	0.21419
0.00185619 	6.8827e-06 	-0.000296929 	0.21578
0.00185619 	6.8827e-06 	-0.000296929 	0.21578
0.00190635 	7.01318e-06 	-0.000308967 	0.217324
0.00190635 	7.01318e-06 	-0.000308967 	0.217324
0.00195652 	7.14424e-06 	-0.000320888 	0.218841
0.00195652 	7.14424e-06 	-0.000320888 	0.218841
0.00200669 	7.27637e-06 	-0.000332566 	0.220311
0.00200669 	7.27637e-06 	-0.000332566 	0.220311
0.00205686 	7.40936e-06 	-0.000344031 	0.221748
0.00210702 	7.54293e-06 	-0.000355354 	0.223164
0.00210702 	7.54293e-06 	-0.000355354 	0.223164
0.00215719 	7.67803e-06 	-0.000366272 	0.224532
0.00220736 	7.81379e-06 	-0.000377014 	0.225882
0.00225753 	7.95058e-06 	-0.000387473 	0.227203
0.00225753 	7.95058e-06 	-0.000387473 	0.227203
0.00230769 	8.08872e-06 	-0.000397562 	0.228493
0.00230769 	8.08872e-06 	-0.000397562 	0.228493
0.00235786 	8.22743e-06 	-0.000407488 	0.229769
0.00235786 	8.22743e-06 	-0.000407488 	0.229769
0.00240803 	8.36802e-06 	-0.000416889 	0.231005
0.00240803 	8.36802e-06 	-0.000416889 	0.231005
0.00245819 	8.50931e-06 	-0.000426097 	0.232228
0.00245819 	8.50931e-06 	-0.000426097 	0.232228
0.00250836 	8.652e-06 	-0.00043491 	0.233424
0.00250836 	8.652e-06 	-0.00043491 	0.233424
0.00255853 	8.796e-06 	-0.000443362 	0.234598
0.0026087 	8.94093e-06 	-0.000451556 	0.235754
0.0026087 	8.94093e-06 	-0.000451556 	0.235754
0.00265886 	9.0878e-06 	-0.000459228 	0.23688
0.00270903 	9.23513e-06 	-0.000466776 	0.237998
0.00270903 	9.23513e-06 	-0.000466776 	0.237998
0.0027592 	9.3851e-06 	-0.000473654 	0.239079
0.00280936 	9.53554e-06 	-0.000480424 	0.240153
0.00280936 	9.53554e-06 	-0.000480424 	0.240153
0.00285953 	9.68847e-06 	-0.000486614 	0.241195
0.00285953 	9.68847e-06 	-0.000486614 	0.241195
0.0029097 	9.84235e-06 	-0.000492607 	0.242226
0.0029097 	9.84235e-06 	-0.000492607 	0.242226
0.00295987 	9.99861e-06 	-0.000498103 	0.24323
0.00295987 	9.99861e-06 	-0.000498103 	0.24323
0.00301003 	1.01563e-05 	-0.000503341 	0.24422
0.0030602 	1.03162e-05 	-0.000508152 	0.245186
0.00311037 	1.04778e-05 	-0.000512676 	0.246136
0.00311037 	1.04778e-05 	-0.000512676 	0.246136
0.00316054 	1.06417e-05 	-0.000516828 	0.247064
0.00316054 	1.06417e-05 	-0.000516828 	0.247064
0.00326087 	1.0975e-05 	-0.000524232 	0.248867
0.00326087 	1.0975e-05 	-0.000524232 	0.248867
0.00331104 	1.11446e-05 	-0.000527514 	0.249741
0.0033612 	1.13164e-05 	-0.000530481 	0.250594
0.0033612 	1.13164e-05 	-0.000530481 	0.250594
0.00341137 	1.14901e-05 	-0.000533246 	0.251432
0.00341137 	1.14901e-05 	-0.000533246 	0.251432
0.00346154 	1.16666e-05 	-0.000535703 	0.252248
0.00346154 	1.16666e-05 	-0.000535703 	0.252248
0.00351171 	1.18451e-05 	-0.000538021 	0.253051
0.00356187 	1.20278e-05 	-0.00054003 	0.253829
0.00356187 	1.20278e-05 	-0.00054003 	0.253829
0.00361204 	1.22118e-05 	-0.000541965 	0.254601
0.00366221 	1.24016e-05 	-0.000543583 	0.255343
0.00366221 	1.24016e-05 	-0.000543583 	0.255343
0.00371237 	1.25916e-05 	-0.000545192 	0.256085
0.00371237 	1.25916e-05 	-0.000545192 	0.256085
0.00376254 	1.27884e-05 	-0.000546467 	0.256794
0.00376254 	1.27884e-05 	-0.000546467 	0.256794
0.00381271 	1.29852e-05 	-0.000547743 	0.257504
0.00381271 	1.29852e-05 	-0.000547743 	0.257504
0.00386288 	1.31868e-05 	-0.000548767 	0.258187
0.00391304 	1.33895e-05 	-0.00054974 	0.258864
0.00391304 	1.33895e-05 	-0.00054974 	0.258864
0.00396321 	1.3595e-05 	-0.000550555 	0.259522
0.00401338 	1.38025e-05 	-0.00055126 	0.260168
0.00401338 	1.38025e-05 	-0.00055126 	0.260168
0.00406355 	1.40113e-05 	-0.000551893 	0.260803
0.00406355 	1.40113e-05 	-0.000551893 	0.260803
0.00411371 	1.42231e-05 	-0.000552367 	0.261416
0.00411371 	1.42231e-05 	-0.000552367 	0.261416
0.00421405 	1.46503e-05 	-0.000553122 	0.26261
0.00421405 	1.46503e-05 	-0.000553122 	0.26261
0.00426421 	1.48659e-05 	-0.000553402 	0.263191
0.00426421 	1.48659e-05 	-0.000553402 	0.263191
0.00431438 	1.50835e-05 	-0.000553583 	0.263751
0.00431438 	1.50835e-05 	-0.000553583 	0.263751
0.00436455 	1.53023e-05 	-0.000553705 	0.264299
0.00436455 	1.53023e-05 	-0.000553705 	0.264299
0.00441472 	1.55216e-05 	-0.000553801 	0.26484
0.00441472 	1.55216e-05 	-0.000553801 	0.26484
0.00446488 	1.5743e-05 	-0.000553804 	0.265356
0.00446488 	1.5743e-05 	-0.000553804 	0.265356
0.00451505 	1.59643e-05 	-0.000553808 	0.265871
0.00451505 	1.59643e-05 	-0.000553808 	0.265871
0.00456522 	1.6187e-05 	-0.000553746 	0.266361
0.00456522 	1.6187e-05 	-0.000553746 	0.266361
0.00461538 	1.641e-05 	-0.000553667 	0.266844
0.00461538 	1.641e-05 	-0.000553667 	0.266844
0.00466555 	1.66333e-05 	-0.000553574 	0.267317
0.00471572 	1.68571e-05 	-0.000553447 	0.267767
0.00476589 	1.7081e-05 	-0.000553321 	0.268217
0.00476589 	1.7081e-05 	-0.000553321 	0.268217
0.00486622 	1.75282e-05 	-0.000553043 	0.26906
0.00486622 	1.75282e-05 	-0.000553043 	0.26906
0.00491639 	1.77517e-05 	-0.000552905 	0.269471
0.00496656 	1.79741e-05 	-0.000552779 	0.269856
0.00496656 	1.79741e-05 	-0.000552779 	0.269856
0.00501672 	1.81965e-05 	-0.000552653 	0.27024
0.00506689 	1.84176e-05 	-0.000552549 	0.270607
0.00511706 	1.86378e-05 	-0.000552463 	0.270958
0.00511706 	1.86378e-05 	-0.000552463 	0.270958
0.00521739 	1.9075e-05 	-0.000552341 	0.271634
0.00521739 	1.9075e-05 	-0.000552341 	0.271634
0.00526756 	1.92917e-05 	-0.000552313 	0.271953
0.00526756 	1.92917e-05 	-0.000552313 	0.271953
0.00531773 	1.95076e-05 	-0.000552296 	0.272267
0.00536789 	1.97196e-05 	-0.00055234 	0.272555
0.00536789 	1.97196e-05 	-0.00055234 	0.272555
0.00541806 	1.99317e-05 	-0.000552383 	0.272842
0.00546823 	2.01415e-05 	-0.000552456 	0.273117
0.00551839 	2.03477e-05 	-0.000552578 	0.273373
0.00551839 	2.03477e-05 	-0.000552578 	0.273373
0.00556856 	2.05539e-05 	-0.000552699 	0.273629
0.00556856 	2.05539e-05 	-0.000552699 	0.273629
0.0056689 	2.09555e-05 	-0.000553065 	0.274092
0.0056689 	2.09555e-05 	-0.000553065 	0.274092
0.00571906 	2.11547e-05 	-0.000553265 	0.274317
0.00576923 	2.13482e-05 	-0.000553515 	0.274521
0.00576923 	2.13482e-05 	-0.000553515 	0.274521
0.0058194 	2.15391e-05 	-0.000553788 	0.274716
0.0058194 	2.15391e-05 	-0.000553788 	0.274716
0.00591973 	2.19132e-05 	-0.000554379 	0.275083
0.00591973 	2.19132e-05 	-0.000554379 	0.275083
0.0059699 	2.2094e-05 	-0.000554712 	0.275249
0.0059699 	2.2094e-05 	-0.000554712 	0.275249
0.00602007 	2.22749e-05 	-0.000555044 	0.275415
0.00607023 	2.24462e-05 	-0.000555411 	0.275558
0.0061204 	2.26152e-05 	-0.000555786 	0.275696
0.0061204 	2.26152e-05 	-0.000555786 	0.275696
0.00617057 	2.27841e-05 	-0.000556161 	0.275834
0.00622074 	2.29424e-05 	-0.000556553 	0.275951
0.00622074 	2.29424e-05 	-0.000556553 	0.275951
0.0062709 	2.30974e-05 	-0.000556951 	0.276061
0.00632107 	2.32525e-05 	-0.000557348 	0.276172
0.00632107 	2.32525e-05 	-0.000557348 	0.276172
0.00637124 	2.33968e-05 	-0.000557747 	0.276265
0.00637124 	2.33968e-05 	-0.000557747 	0.276265
0.0064214 	2.35361e-05 	-0.000558146 	0.276349
0.0064214 	2.35361e-05 	-0.000558146 	0.276349
0.00647157 	2.36754e-05 	-0.000558545 	0.276434
0.00647157 	2.36754e-05 	-0.000558545 	0.276434
0.00652174 	2.3805e-05 	-0.000558924 	0.276504
0.00657191 	2.39264e-05 	-0.000559286 	0.276563
0.00657191 	2.39264e-05 	-0.000559286 	0.276563
0.00662207 	2.40478e-05 	-0.000559648 	0.276622
0.00667224 	2.41622e-05 	-0.000559995 	0.276673
0.00672241 	2.42635e-05 	-0.000560316 	0.276707
0.00672241 	2.42635e-05 	-0.000560316 	0.276707
0.00677258 	2.43648e-05 	-0.000560637 	0.276741
0.00682274 	2.44639e-05 	-0.000560955 	0.276772
0.00682274 	2.44639e-05 	-0.000560955 	0.276772
0.00687291 	2.45428e-05 	-0.000561241 	0.276782
0.00687291 	2.45428e-05 	-0.000561241 	0.276782
0.00692308 	2.46217e-05 	-0.000561527 	0.276792
0.00697324 	2.47005e-05 	-0.000561812 	0.276801
0.00702341 	2.47598e-05 	-0.000562033 	0.276792
0.00707358 	2.48139e-05 	-0.000562237 	0.276777
0.00707358 	2.48139e-05 	-0.000562237 	0.276777
0.00717391 	2.491e-05 	-0.000562626 	0.276737
0.00717391 	2.491e-05 	-0.000562626 	0.276737
0.00722408 	2.49353e-05 	-0.000562788 	0.276698
0.00722408 	2.49353e-05 	-0.000562788 	0.276698
0.00727425 	2.49607e-05 	-0.00056295 	0.27666
0.00727425 	2.49607e-05 	-0.00056295 	0.27666
0.00732441 	2.4986e-05 	-0.000563112 	0.276621
0.00732441 	2.4986e-05 	-0.000563112 	0.276621
0.00737458 	2.49785e-05 	-0.000563187 	0.276558
0.00737458 	2.49785e-05 	-0.000563187 	0.276558
0.00742475 	2.49706e-05 	-0.000563262 	0.276495
0.00747492 	2.49628e-05 	-0.000563336 	0.276432
0.00752508 	2.49381e-05 	-0.000563333 	0.276357
0.00752508 	2.49381e-05 	-0.000563333 	0.276357
0.00757525 	2.48966e-05 	-0.000563252 	0.27627
0.00762542 	2.48551e-05 	-0.000563172 	0.276183
0.00767559 	2.48132e-05 	-0.00056309 	0.276096
0.00767559 	2.48132e-05 	-0.00056309 	0.276096
0.00772575 	2.47394e-05 	-0.000562905 	0.275985
0.00777592 	2.46656e-05 	-0.00056272 	0.275874
0.00777592 	2.46656e-05 	-0.00056272 	0.275874
0.00782609 	2.45918e-05 	-0.000562535 	0.275763
0.00787625 	2.4502e-05 	-0.000562258 	0.275638
0.00787625 	2.4502e-05 	-0.000562258 	0.275638
0.00792642 	2.44006e-05 	-0.000561915 	0.275503
0.00797659 	2.42992e-05 	-0.000561571 	0.275369
0.00802676 	2.41931e-05 	-0.000561195 	0.275229
0.00802676 	2.41931e-05 	-0.000561195 	0.275229
0.00807692 	2.40691e-05 	-0.000560699 	0.275071
0.00807692 	2.40691e-05 	-0.000560699 	0.275071
0.00812709 	2.39452e-05 	-0.000560202 	0.274914
0.00817726 	2.38213e-05 	-0.000559705 	0.274756
0.00817726 	2.38213e-05 	-0.000559705 	0.274756
0.00822742 	2.36793e-05 	-0.000559115 	0.274578
0.00827759 	2.35354e-05 	-0.000558515 	0.274397
0.00827759 	2.35354e-05 	-0.000558515 	0.274397
0.00832776 	2.33914e-05 	-0.000557914 	0.274217
0.00832776 	2.33914e-05 	-0.000557914 	0.274217
0.00837793 	2.32362e-05 	-0.000557231 	0.274022
0.00842809 	2.3075e-05 	-0.000556504 	0.273818
0.00842809 	2.3075e-05 	-0.000556504 	0.273818
0.00847826 	2.29137e-05 	-0.000555777 	0.273615
0.00847826 	2.29137e-05 	-0.000555777 	0.273615
0.0085786 	2.25697e-05 	-0.000554139 	0.273176
0.0085786 	2.25697e-05 	-0.000554139 	0.273176
0.00862876 	2.23937e-05 	-0.000553287 	0.27295
0.00867893 	2.22138e-05 	-0.000552395 	0.272717
0.0087291 	2.20255e-05 	-0.000551419 	0.272469
0.00877926 	2.18373e-05 	-0.000550443 	0.272221
0.00882943 	2.16467e-05 	-0.000549438 	0.271967
0.0088796 	2.14485e-05 	-0.000548339 	0.271696
0.0088796 	2.14485e-05 	-0.000548339 	0.271696
0.00892977 	2.12502e-05 	-0.00054724 	0.271425
0.00892977 	2.12502e-05 	-0.00054724 	0.271425
0.00897993 	2.10504e-05 	-0.000546116 	0.27115
0.00897993 	2.10504e-05 	-0.000546116 	0.27115
0.0090301 	2.08442e-05 	-0.000544895 	0.270856
0.00908027 	2.0638e-05 	-0.000543675 	0.270563
0.00908027 	2.0638e-05 	-0.000543675 	0.270563
0.00913043 	2.04305e-05 	-0.000542427 	0.270264
0.0091806 	2.02181e-05 	-0.000541086 	0.269948
0.0091806 	2.02181e-05 	-0.000541086 	0.269948
0.00923077 	2.00058e-05 	-0.000539745 	0.269631
0.00928094 	1.97921e-05 	-0.000538367 	0.269308
0.00928094 	1.97921e-05 	-0.000538367 	0.269308
0.0093311 	1.95751e-05 	-0.000536906 	0.268968
0.00938127 	1.93582e-05 	-0.000535445 	0.268629
0.00938127 	1.93582e-05 	-0.000535445 	0.268629
0.00943144 	1.91399e-05 	-0.000533931 	0.268279
0.00943144 	1.91399e-05 	-0.000533931 	0.268279
0.00948161 	1.89197e-05 	-0.00053235 	0.267917
0.00948161 	1.89197e-05 	-0.00053235 	0.267917
0.00953177 	1.86995e-05 	-0.000530768 	0.267554
0.00953177 	1.86995e-05 	-0.000530768 	0.267554
0.00958194 	1.8478e-05 	-0.000529111 	0.267177
0.00958194 	1.8478e-05 	-0.000529111 	0.267177
0.00963211 	1.82557e-05 	-0.000527407 	0.266791
0.00968227 	1.80334e-05 	-0.000525704 	0.266404
0.00968227 	1.80334e-05 	-0.000525704 	0.266404
0.00973244 	1.78101e-05 	-0.000523895 	0.265998
0.00978261 	1.75866e-05 	-0.000522068 	0.265587
0.00978261 	1.75866e-05 	-0.000522068 	0.265587
0.00983278 	1.73631e-05 	-0.000520225 	0.265174
0.00983278 	1.73631e-05 	-0.000520225 	0.265174
0.00988294 	1.71393e-05 	-0.000518271 	0.264739
0.00993311 	1.69154e-05 	-0.000516317 	0.264304
0.00993311 	1.69154e-05 	-0.000516317 	0.264304
0.00998328 	1.66917e-05 	-0.000514305 	0.263858
0.0100334 	1.64681e-05 	-0.000512221 	0.263399
0.0100836 	1.62445e-05 	-0.000510137 	0.262939
0.0100836 	1.62445e-05 	-0.000510137 	0.262939
0.0101338 	1.60216e-05 	-0.000507943 	0.262458
0.0101839 	1.57988e-05 	-0.000505725 	0.261972
0.0101839 	1.57988e-05 	-0.000505725 	0.261972
0.0102341 	1.55764e-05 	-0.000503474 	0.261481
0.0102341 	1.55764e-05 	-0.000503474 	0.261481
0.0102843 	1.53549e-05 	-0.000501117 	0.260969
0.0103344 	1.51335e-05 	-0.000498761 	0.260457
0.0103344 	1.51335e-05 	-0.000498761 	0.260457
0.0103846 	1.49132e-05 	-0.000496301 	0.259927
0.0103846 	1.49132e-05 	-0.000496301 	0.259927
0.0104348 	1.46934e-05 	-0.0004938 	0.259388
0.0104348 	1.46934e-05 	-0.0004938 	0.259388
0.0104849 	1.4474e-05 	-0.000491266 	0.258844
0.0104849 	1.4474e-05 	-0.000491266 	0.258844
0.0105351 	1.42561e-05 	-0.000488613 	0.258277
0.0105853 	1.40383e-05 	-0.00048596 	0.257711
0.0105853 	1.40383e-05 	-0.00048596 	0.257711
0.0106856 	1.36064e-05 	-0.000480374 	0.256527
0.0106856 	1.36064e-05 	-0.000480374 	0.256527
0.0107358 	1.33917e-05 	-0.000477502 	0.255921
0.010786 	1.31784e-05 	-0.000474526 	0.255296
0.010786 	1.31784e-05 	-0.000474526 	0.255296
0.0108361 	1.29651e-05 	-0.000471548 	0.254671
0.0108863 	1.27542e-05 	-0.000468399 	0.254016
0.0108863 	1.27542e-05 	-0.000468399 	0.254016
0.0109365 	1.25434e-05 	-0.000465249 	0.25336
0.0109365 	1.25434e-05 	-0.000465249 	0.25336
0.0109866 	1.23343e-05 	-0.000461976 	0.252682
0.0110368 	1.2126e-05 	-0.000458646 	0.251994
0.0110368 	1.2126e-05 	-0.000458646 	0.251994
0.011087 	1.19187e-05 	-0.000455238 	0.251293
0.011087 	1.19187e-05 	-0.000455238 	0.251293
0.0111371 	1.17129e-05 	-0.000451716 	0.250571
0.0111873 	1.15076e-05 	-0.00044816 	0.249844
0.0111873 	1.15076e-05 	-0.00044816 	0.249844
0.0112375 	1.13046e-05 	-0.000444433 	0.249088
0.0112876 	1.11015e-05 	-0.000440705 	0.248332
0.0112876 	1.11015e-05 	-0.000440705 	0.248332
0.0113378 	1.09011e-05 	-0.00043676 	0.24754
0.0113378 	1.09011e-05 	-0.00043676 	0.24754
0.011388 	1.07008e-05 	-0.000432808 	0.246746
0.0114381 	1.05028e-05 	-0.000428651 	0.245921
0.0114381 	1.05028e-05 	-0.000428651 	0.245921
0.0114883 	1.03053e-05 	-0.000424444 	0.245088
0.0115385 	1.01098e-05 	-0.000420035 	0.244225
0.0115385 	1.01098e-05 	-0.000420035 	0.244225
0.0115886 	9.91523e-06 	-0.000415534 	0.243348
0.0116388 	9.72246e-06 	-0.000410827 	0.242442
0.0116388 	9.72246e-06 	-0.000410827 	0.242442
0.011689 	9.5309e-06 	-0.000405983 	0.241518
0.0117391 	9.34077e-06 	-0.000400922 	0.240563
0.0117893 	9.15179e-06 	-0.000395685 	0.239585
0.0118395 	8.96371e-06 	-0.000390211 	0.238576
0.0118395 	8.96371e-06 	-0.000390211 	0.238576
0.0118896 	8.77639e-06 	-0.000384538 	0.237539
0.0119398 	8.58942e-06 	-0.000378603 	0.236468
0.0119398 	8.58942e-06 	-0.000378603 	0.236468
0.01199 	8.40272e-06 	-0.000372467 	0.235369
0.0120401 	8.21591e-06 	-0.000366034 	0.234228
0.0120401 	8.21591e-06 	-0.000366034 	0.234228
0.0120903 	8.02903e-06 	-0.000359421 	0.233061
0.0120903 	8.02903e-06 	-0.000359421 	0.233061
0.0121906 	7.65399e-06 	-0.000345365 	0.230605
0.0121906 	7.65399e-06 	-0.000345365 	0.230605
0.0122408 	7.46533e-06 	-0.00033786 	0.229303
0.012291 	7.27647e-06 	-0.000330277 	0.227988
0.012291 	7.27647e-06 	-0.000330277 	0.227988
0.0123411 	7.08587e-06 	-0.000322212 	0.226592
0.0123913 	6.89484e-06 	-0.000314055 	0.225179
0.0123913 	6.89484e-06 	-0.000314055 	0.225179
0.0124415 	6.70199e-06 	-0.000305514 	0.223696
0.0124415 	6.70199e-06 	-0.000305514 	0.223696
0.0124916 	6.50799e-06 	-0.000296783 	0.222176
0.0124916 	6.50799e-06 	-0.000296783 	0.222176
0.0125418 	6.31238e-06 	-0.000287785 	0.220602
0.012592 	6.11459e-06 	-0.000278498 	0.218964
0.0126421 	5.91574e-06 	-0.000269069 	0.217293
0.0126421 	5.91574e-06 	-0.000269069 	0.217293
0.0126923 	5.7134e-06 	-0.000259267 	0.215526
0.0127425 	5.50981e-06 	-0.000249355 	0.213726
0.0127425 	5.50981e-06 	-0.000249355 	0.213726
0.0127926 	5.30331e-06 	-0.000239194 	0.211848
0.0128428 	5.09421e-06 	-0.000228863 	0.209902
0.0128428 	5.09421e-06 	-0.000228863 	0.209902
0.0129431 	4.66843e-06 	-0.000207786 	0.205807
0.0129431 	4.66843e-06 	-0.000207786 	0.205807
0.0129933 	4.45158e-06 	-0.000197096 	0.203652
0.0130435 	4.23205e-06 	-0.000186331 	0.201423
0.0130435 	4.23205e-06 	-0.000186331 	0.201423
0.0131438 	3.78377e-06 	-0.000164749 	0.196691
0.0131438 	3.78377e-06 	-0.000164749 	0.196691
0.013194 	3.55561e-06 	-0.000154 	0.194197
0.0132441 	3.32437e-06 	-0.000143359 	0.191593
0.0132441 	3.32437e-06 	-0.000143359 	0.191593
0.0132943 	3.09119e-06 	-0.000132815 	0.188913
0.0133445 	2.85541e-06 	-0.000122434 	0.186124
0.0133445 	2.85541e-06 	-0.000122434 	0.186124
0.0133946 	2.61706e-06 	-0.000112306 	0.183204
0.0133946 	2.61706e-06 	-0.000112306 	0.183204
0.0134448 	2.37721e-06 	-0.000102381 	0.180189
0.0134448 	2.37721e-06 	-0.000102381 	0.180189
0.013495 	2.13585e-06 	-9.26933e-05 	0.177069
0.0135452 	1.89302e-06 	-8.34461e-05 	0.173771
0.0135452 	1.89302e-06 	-8.34461e-05 	0.173771
0.0135953 	1.64991e-06 	-7.45142e-05 	0.170353
0.0135953 	1.64991e-06 	-7.45142e-05 	0.170353
0.0136455 	1.40676e-06 	-6.59245e-05 	0.166804
0.0136455 	1.40676e-06 	-6.59245e-05 	0.166804
0.0136957 	1.16404e-06 	-5.7776e-05 	0.16309
0.0136957 	1.16404e-06 	-5.7776e-05 	0.16309
0.0137458 	9.22636e-07 	-5.01816e-05 	0.159167
0.013796 	6.82921e-07 	-4.30408e-05 	0.155072
0.013796 	6.82921e-07 	-4.30408e-05 	0.155072
0.0138462 	4.45532e-07 	-3.63833e-05 	0.150791
0.0138462 	4.45532e-07 	-3.63833e-05 	0.150791
0.0138963 	2.11274e-07 	-3.02387e-05 	0.14631
0.0139465 	-1.68584e-08 	-2.47975e-05 	0.141541
0.0139465 	-1.68584e-08 	-2.47975e-05 	0.141541
0.0139967 	-2.38373e-07 	-1.99151e-05 	0.136526
0.0139967 	-2.38373e-07 	-1.99151e-05 	0.136526
0.0140468 	-4.5178e-07 	-1.55896e-05 	0.131251
0.0140468 	-4.5178e-07 	-1.55896e-05 	0.131251
0.014097 	-6.55e-07 	-1.18287e-05 	0.125697
0.0141472 	-8.45405e-07 	-8.63132e-06 	0.119839
0.0141472 	-8.45405e-07 	-8.63132e-06 	0.119839
0.0141973 	-1.01976e-06 	-5.98199e-06 	0.113651
0.0142475 	-1.17148e-06 	-3.92148e-06 	0.107033
0.0142977 	-1.30127e-06 	-2.3183e-06 	0.100005
0.0142977 	-1.30127e-06 	-2.3183e-06 	0.100005
0.0143478 	-1.40792e-06 	-1.12671e-06 	0.0925572
0.014398 	-1.49001e-06 	-3.05104e-07 	0.0847116
0.014398 	-1.49001e-06 	-3.05104e-07 	0.0847116
0.0144482 	-1.54591e-06 	1.98212e-07 	0.0765272
0.0144983 	-1.574e-06 	4.45996e-07 	0.0681086
0.0144983 	-1.574e-06 	4.45996e-07 	0.0681086
0.0145485 	-1.5731e-06 	5.08078e-07 	0.0596037
0.0145485 	-1.5731e-06 	5.08078e-07 	0.0596037
0.0145987 	-1.54242e-06 	4.5487e-07 	0.0511892
0.0146488 	-1.48112e-06 	3.48956e-07 	0.0430411
0.014699 	-1.38724e-06 	2.37419e-07 	0.0353025
0.014699 	-1.38724e-06 	2.37419e-07 	0.0353025
0.0147492 	-1.25557e-06 	1.48313e-07 	0.0280655
0.0147993 	-1.0723e-06 	9.12479e-08 	0.0213733
0.0147993 	-1.0723e-06 	9.12479e-08 	0.0213733
0.0148495 	-8.02343e-07 	6.43659e-08 	0.0152359
0.0148495 	-8.02343e-07 	6.43659e-08 	0.0152359
0.0148997 	-4.27522e-07 	4.71566e-08 	0.00964491
0.0148997 	-4.27522e-07 	4.71566e-08 	0.00964491
0.0149498 	-7.87047e-08 	2.84854e-08 	0.00458011
0.0149498 	-7.87047e-08 	2.84854e-08 	0.00458011
0.015 	0 	0 	0
0.015 	0 	0 	0
