/*--------------------------------*- C++ -*----------------------------------*\
| =========                 |                                                 |
| \\      /  F ield         | OpenFOAM: The Open Source CFD Toolbox           |
|  \\    /   O peration     | Version:  v1906                                 |
|   \\  /    A nd           | Web:      www.OpenFOAM.com                      |
|    \\/     M anipulation  |                                                 |
\*---------------------------------------------------------------------------*/
FoamFile
{
    version     2.0;
    format      ascii;
    class       volScalarField;
    location    "39.6";
    object      pMean;
}
// * * * * * * * * * * * * * * * * * * * * * * * * * * * * * * * * * * * * * //

dimensions      [1 -1 -2 0 0 0 0];


internalField   nonuniform List<scalar> 
2000
(
100000
99999.4
100000
100001
100001
100001
100001
100001
100000
99999.4
100000
99999.4
100000
100001
100001
100001
100001
100001
100000
99999.4
99999.8
99999.5
100001
100001
100001
100001
100001
100001
100001
99999.5
99999.3
99999.5
100001
100001
100001
100001
100001
100001
100001
99999.5
100000
99999.6
100001
100001
100001
100001
100001
100001
100001
99999.6
100000
99999.7
100001
100001
100001
100001
100001
100001
100001
99999.7
100000
99999.9
100001
100001
100001
100002
100001
100001
100001
99999.9
100000
100000
100001
100001
100002
100002
100002
100001
100001
100000
100000
100000
100001
100001
100002
100002
100002
100001
100001
100000
100001
100001
100001
100002
100002
100002
100002
100002
100001
100001
99879
99880.4
99881.2
99881.6
99881.9
99882
99881.9
99881.6
99881.2
99880.4
99879
99880.4
99881.2
99881.6
99881.9
99882
99881.9
99881.6
99881.2
99880.4
99879
99880.4
99881.1
99881.6
99881.9
99882
99881.9
99881.6
99881.1
99880.4
99879
99880.4
99881.1
99881.6
99881.9
99882
99881.9
99881.6
99881.2
99880.4
99879.1
99880.4
99881.2
99881.6
99881.9
99882
99881.9
99881.6
99881.2
99880.4
99879.1
99880.4
99881.2
99881.6
99881.9
99881.9
99881.9
99881.6
99881.2
99880.4
99879.3
99880.5
99881.2
99881.6
99881.9
99881.9
99881.9
99881.6
99881.2
99880.5
99879.6
99880.5
99881.2
99881.6
99881.8
99881.9
99881.8
99881.6
99881.2
99880.5
99879.9
99880.6
99881.3
99881.6
99881.8
99881.9
99881.8
99881.6
99881.3
99880.6
99880.2
99880.7
99881.3
99881.6
99881.8
99881.9
99881.8
99881.6
99881.3
99880.7
99762.1
99762.4
99762.3
99762.3
99762.3
99762.3
99762.3
99762.3
99762.3
99762.4
99762.1
99762.4
99762.3
99762.3
99762.3
99762.3
99762.3
99762.3
99762.3
99762.4
99762.1
99762.4
99762.3
99762.3
99762.3
99762.3
99762.3
99762.3
99762.3
99762.4
99762.1
99762.4
99762.3
99762.3
99762.3
99762.3
99762.3
99762.3
99762.3
99762.4
99762.1
99762.3
99762.3
99762.3
99762.3
99762.3
99762.3
99762.3
99762.3
99762.3
99762.1
99762.3
99762.2
99762.3
99762.3
99762.3
99762.3
99762.3
99762.2
99762.3
99762.1
99762.3
99762.2
99762.3
99762.3
99762.3
99762.3
99762.3
99762.2
99762.3
99762.1
99762.3
99762.2
99762.2
99762.3
99762.3
99762.3
99762.2
99762.2
99762.3
99762
99762.2
99762.2
99762.2
99762.3
99762.3
99762.3
99762.2
99762.2
99762.2
99762
99762.2
99762.2
99762.2
99762.3
99762.3
99762.3
99762.2
99762.2
99762.2
99643.7
99643.8
99643.6
99643.6
99643.6
99643.6
99643.6
99643.6
99643.6
99643.8
99643.7
99643.8
99643.6
99643.6
99643.6
99643.6
99643.6
99643.6
99643.6
99643.8
99643.7
99643.8
99643.6
99643.6
99643.6
99643.6
99643.6
99643.6
99643.6
99643.8
99643.7
99643.7
99643.6
99643.6
99643.6
99643.6
99643.6
99643.6
99643.6
99643.7
99643.7
99643.7
99643.6
99643.6
99643.6
99643.6
99643.6
99643.6
99643.6
99643.7
99643.6
99643.7
99643.6
99643.6
99643.6
99643.6
99643.6
99643.6
99643.6
99643.7
99643.6
99643.7
99643.6
99643.6
99643.6
99643.6
99643.6
99643.6
99643.6
99643.7
99643.6
99643.7
99643.6
99643.6
99643.6
99643.6
99643.6
99643.6
99643.6
99643.7
99643.6
99643.7
99643.6
99643.6
99643.6
99643.6
99643.6
99643.6
99643.6
99643.7
99643.6
99643.6
99643.6
99643.6
99643.6
99643.6
99643.6
99643.6
99643.6
99643.6
99524.8
99524.8
99524.7
99524.7
99524.7
99524.6
99524.7
99524.7
99524.7
99524.8
99524.8
99524.8
99524.7
99524.7
99524.7
99524.6
99524.7
99524.7
99524.7
99524.8
99524.8
99524.8
99524.7
99524.7
99524.7
99524.6
99524.7
99524.7
99524.7
99524.8
99524.8
99524.8
99524.7
99524.7
99524.7
99524.6
99524.7
99524.7
99524.7
99524.8
99524.7
99524.8
99524.7
99524.7
99524.7
99524.6
99524.7
99524.7
99524.7
99524.8
99524.7
99524.8
99524.7
99524.7
99524.7
99524.6
99524.7
99524.7
99524.7
99524.8
99524.7
99524.8
99524.7
99524.7
99524.6
99524.6
99524.6
99524.7
99524.7
99524.8
99524.7
99524.8
99524.7
99524.7
99524.6
99524.6
99524.6
99524.7
99524.7
99524.8
99524.7
99524.7
99524.7
99524.7
99524.6
99524.6
99524.6
99524.7
99524.7
99524.7
99524.7
99524.7
99524.7
99524.6
99524.6
99524.6
99524.6
99524.6
99524.7
99524.7
99405.6
99405.6
99405.6
99405.7
99405.7
99405.7
99405.7
99405.7
99405.6
99405.6
99405.6
99405.6
99405.6
99405.7
99405.7
99405.7
99405.7
99405.7
99405.6
99405.6
99405.6
99405.6
99405.6
99405.7
99405.7
99405.7
99405.7
99405.7
99405.6
99405.6
99405.6
99405.6
99405.6
99405.7
99405.7
99405.7
99405.7
99405.7
99405.6
99405.6
99405.6
99405.6
99405.6
99405.7
99405.7
99405.7
99405.7
99405.7
99405.6
99405.6
99405.6
99405.6
99405.6
99405.7
99405.7
99405.7
99405.7
99405.7
99405.6
99405.6
99405.6
99405.6
99405.6
99405.7
99405.7
99405.7
99405.7
99405.7
99405.6
99405.6
99405.6
99405.6
99405.6
99405.7
99405.7
99405.7
99405.7
99405.7
99405.6
99405.6
99405.6
99405.6
99405.6
99405.7
99405.7
99405.7
99405.7
99405.7
99405.6
99405.6
99405.6
99405.6
99405.6
99405.7
99405.7
99405.7
99405.7
99405.7
99405.6
99405.6
99286.8
99286.8
99286.7
99286.6
99286.5
99286.5
99286.5
99286.6
99286.7
99286.8
99286.8
99286.8
99286.7
99286.6
99286.5
99286.5
99286.5
99286.6
99286.7
99286.8
99286.8
99286.8
99286.7
99286.6
99286.5
99286.5
99286.5
99286.6
99286.7
99286.8
99286.8
99286.8
99286.6
99286.6
99286.5
99286.5
99286.5
99286.6
99286.6
99286.8
99286.8
99286.7
99286.6
99286.6
99286.5
99286.5
99286.5
99286.6
99286.6
99286.7
99286.8
99286.7
99286.6
99286.6
99286.5
99286.5
99286.5
99286.6
99286.6
99286.7
99286.8
99286.7
99286.6
99286.6
99286.5
99286.5
99286.5
99286.6
99286.6
99286.7
99286.7
99286.7
99286.6
99286.5
99286.5
99286.5
99286.5
99286.5
99286.6
99286.7
99286.7
99286.7
99286.6
99286.5
99286.5
99286.5
99286.5
99286.5
99286.6
99286.7
99286.7
99286.7
99286.6
99286.5
99286.4
99286.4
99286.4
99286.5
99286.6
99286.7
99167.5
99167.4
99167.5
99167.5
99167.4
99167.4
99167.4
99167.5
99167.5
99167.4
99167.5
99167.4
99167.5
99167.5
99167.4
99167.4
99167.4
99167.5
99167.5
99167.4
99167.4
99167.4
99167.5
99167.5
99167.4
99167.4
99167.4
99167.5
99167.5
99167.4
99167.4
99167.4
99167.5
99167.5
99167.4
99167.4
99167.4
99167.5
99167.5
99167.4
99167.4
99167.4
99167.5
99167.5
99167.5
99167.5
99167.5
99167.5
99167.5
99167.4
99167.4
99167.4
99167.5
99167.5
99167.5
99167.5
99167.5
99167.5
99167.5
99167.4
99167.4
99167.4
99167.5
99167.5
99167.5
99167.5
99167.5
99167.5
99167.5
99167.4
99167.4
99167.4
99167.5
99167.5
99167.5
99167.5
99167.5
99167.5
99167.5
99167.4
99167.4
99167.5
99167.5
99167.5
99167.5
99167.5
99167.5
99167.5
99167.5
99167.5
99167.5
99167.5
99167.5
99167.5
99167.5
99167.5
99167.5
99167.5
99167.5
99167.5
99050
99049.7
99049.1
99048.7
99048.5
99048.4
99048.5
99048.7
99049.1
99049.7
99050
99049.7
99049.1
99048.7
99048.5
99048.4
99048.5
99048.7
99049.1
99049.7
99050
99049.7
99049.1
99048.7
99048.5
99048.4
99048.5
99048.7
99049.1
99049.7
99050
99049.6
99049.1
99048.7
99048.5
99048.4
99048.5
99048.7
99049.1
99049.6
99050
99049.6
99049
99048.6
99048.4
99048.4
99048.4
99048.6
99049
99049.6
99049.9
99049.5
99049
99048.6
99048.4
99048.3
99048.4
99048.6
99049
99049.5
99049.7
99049.4
99048.9
99048.5
99048.3
99048.2
99048.3
99048.5
99048.9
99049.4
99049.6
99049.3
99048.8
99048.4
99048.2
99048.2
99048.2
99048.4
99048.8
99049.3
99049.4
99049.1
99048.7
99048.3
99048.1
99048.1
99048.1
99048.3
99048.7
99049.1
99049.2
99048.9
99048.5
99048.2
99048
99047.9
99048
99048.2
99048.5
99048.9
98931.8
98930.1
98929.4
98928.9
98928.7
98928.6
98928.7
98928.9
98929.4
98930.1
98931.8
98930.1
98929.4
98929
98928.7
98928.6
98928.7
98929
98929.4
98930.1
98931.8
98930.1
98929.4
98929
98928.7
98928.6
98928.7
98929
98929.4
98930.1
98931.8
98930.1
98929.4
98929
98928.7
98928.6
98928.7
98929
98929.4
98930.1
98931.7
98930.1
98929.4
98929
98928.7
98928.6
98928.7
98929
98929.4
98930.1
98931.5
98930
98929.4
98929
98928.7
98928.6
98928.7
98929
98929.4
98930
98931.3
98930
98929.4
98929
98928.7
98928.6
98928.7
98929
98929.4
98930
98931
98929.9
98929.3
98929
98928.7
98928.6
98928.7
98929
98929.3
98929.9
98930.8
98929.9
98929.3
98928.9
98928.7
98928.6
98928.7
98928.9
98929.3
98929.9
98930.5
98929.8
98929.3
98928.9
98928.7
98928.6
98928.7
98928.9
98929.3
98929.8
100001
100001
100001
100002
100002
100002
100002
100002
100001
100001
100001
100001
100002
100002
100002
100002
100002
100002
100002
100001
100001
100001
100002
100002
100002
100002
100002
100002
100002
100001
100002
100002
100002
100002
100002
100003
100002
100002
100002
100002
100002
100002
100002
100002
100003
100003
100003
100002
100002
100002
100002
100002
100002
100002
100003
100003
100003
100002
100002
100002
100002
100002
100002
100002
100003
100003
100003
100002
100002
100002
100002
100002
100002
100003
100003
100003
100003
100003
100002
100002
100002
100002
100002
100003
100003
100003
100003
100003
100002
100002
100002
100002
100002
100003
100003
100003
100003
100003
100002
100002
99880.4
99880.8
99881.4
99881.6
99881.8
99881.9
99881.8
99881.6
99881.4
99880.8
99880.6
99880.9
99881.4
99881.6
99881.8
99881.9
99881.8
99881.6
99881.4
99880.9
99880.8
99881
99881.4
99881.6
99881.8
99881.9
99881.8
99881.6
99881.4
99881
99880.8
99881
99881.4
99881.6
99881.8
99881.9
99881.8
99881.6
99881.4
99881
99880.9
99881
99881.4
99881.6
99881.8
99881.8
99881.8
99881.6
99881.4
99881
99880.9
99881
99881.4
99881.6
99881.8
99881.8
99881.8
99881.6
99881.4
99881
99881
99881
99881.4
99881.6
99881.8
99881.8
99881.8
99881.6
99881.4
99881
99881
99881
99881.4
99881.6
99881.7
99881.8
99881.7
99881.6
99881.4
99881
99881
99881
99881.4
99881.6
99881.7
99881.8
99881.7
99881.6
99881.4
99881
99881
99881
99881.4
99881.6
99881.7
99881.8
99881.7
99881.6
99881.4
99881
99762
99762.2
99762.2
99762.2
99762.2
99762.3
99762.2
99762.2
99762.2
99762.2
99762
99762.1
99762.2
99762.2
99762.2
99762.2
99762.2
99762.2
99762.2
99762.1
99762
99762.1
99762.2
99762.2
99762.2
99762.2
99762.2
99762.2
99762.2
99762.1
99762
99762.1
99762.2
99762.2
99762.2
99762.2
99762.2
99762.2
99762.2
99762.1
99762
99762.1
99762.2
99762.2
99762.2
99762.2
99762.2
99762.2
99762.2
99762.1
99762
99762.1
99762.2
99762.2
99762.2
99762.2
99762.2
99762.2
99762.2
99762.1
99762
99762.1
99762.1
99762.2
99762.2
99762.2
99762.2
99762.2
99762.1
99762.1
99762
99762.1
99762.1
99762.2
99762.2
99762.2
99762.2
99762.2
99762.1
99762.1
99762
99762
99762.1
99762.2
99762.2
99762.2
99762.2
99762.2
99762.1
99762
99762
99762
99762.1
99762.2
99762.2
99762.2
99762.2
99762.2
99762.1
99762
99643.6
99643.6
99643.6
99643.6
99643.6
99643.6
99643.6
99643.6
99643.6
99643.6
99643.6
99643.6
99643.5
99643.5
99643.6
99643.6
99643.6
99643.5
99643.5
99643.6
99643.5
99643.6
99643.5
99643.5
99643.6
99643.5
99643.6
99643.5
99643.5
99643.6
99643.5
99643.5
99643.5
99643.5
99643.5
99643.5
99643.5
99643.5
99643.5
99643.5
99643.5
99643.5
99643.5
99643.5
99643.5
99643.5
99643.5
99643.5
99643.5
99643.5
99643.5
99643.5
99643.5
99643.5
99643.5
99643.5
99643.5
99643.5
99643.5
99643.5
99643.5
99643.5
99643.5
99643.5
99643.5
99643.5
99643.5
99643.5
99643.5
99643.5
99643.5
99643.5
99643.5
99643.5
99643.5
99643.5
99643.5
99643.5
99643.5
99643.5
99643.5
99643.5
99643.5
99643.5
99643.5
99643.5
99643.5
99643.5
99643.5
99643.5
99643.5
99643.5
99643.5
99643.5
99643.5
99643.5
99643.5
99643.5
99643.5
99643.5
99524.7
99524.7
99524.7
99524.6
99524.6
99524.6
99524.6
99524.6
99524.7
99524.7
99524.7
99524.7
99524.6
99524.6
99524.6
99524.6
99524.6
99524.6
99524.6
99524.7
99524.7
99524.7
99524.6
99524.6
99524.6
99524.6
99524.6
99524.6
99524.6
99524.7
99524.7
99524.7
99524.6
99524.6
99524.6
99524.6
99524.6
99524.6
99524.6
99524.7
99524.7
99524.7
99524.6
99524.6
99524.6
99524.6
99524.6
99524.6
99524.6
99524.7
99524.7
99524.7
99524.6
99524.6
99524.6
99524.6
99524.6
99524.6
99524.6
99524.7
99524.6
99524.6
99524.6
99524.6
99524.6
99524.6
99524.6
99524.6
99524.6
99524.6
99524.6
99524.6
99524.6
99524.6
99524.6
99524.6
99524.6
99524.6
99524.6
99524.6
99524.6
99524.6
99524.6
99524.6
99524.6
99524.6
99524.6
99524.6
99524.6
99524.6
99524.6
99524.6
99524.6
99524.6
99524.6
99524.6
99524.6
99524.6
99524.6
99524.6
99405.6
99405.6
99405.6
99405.7
99405.7
99405.7
99405.7
99405.7
99405.6
99405.6
99405.6
99405.6
99405.6
99405.7
99405.7
99405.7
99405.7
99405.7
99405.6
99405.6
99405.6
99405.6
99405.6
99405.7
99405.7
99405.7
99405.7
99405.7
99405.6
99405.6
99405.6
99405.6
99405.6
99405.7
99405.7
99405.7
99405.7
99405.7
99405.6
99405.6
99405.6
99405.6
99405.6
99405.7
99405.7
99405.7
99405.7
99405.7
99405.6
99405.6
99405.6
99405.6
99405.6
99405.7
99405.7
99405.7
99405.7
99405.7
99405.6
99405.6
99405.6
99405.6
99405.6
99405.7
99405.7
99405.7
99405.7
99405.7
99405.6
99405.6
99405.6
99405.6
99405.6
99405.7
99405.7
99405.7
99405.7
99405.7
99405.6
99405.6
99405.6
99405.6
99405.6
99405.7
99405.7
99405.7
99405.7
99405.7
99405.6
99405.6
99405.6
99405.6
99405.6
99405.7
99405.7
99405.7
99405.7
99405.7
99405.6
99405.6
99286.6
99286.6
99286.5
99286.5
99286.4
99286.4
99286.4
99286.5
99286.5
99286.6
99286.6
99286.6
99286.5
99286.4
99286.4
99286.4
99286.4
99286.4
99286.5
99286.6
99286.6
99286.6
99286.5
99286.4
99286.4
99286.4
99286.4
99286.4
99286.5
99286.6
99286.6
99286.5
99286.5
99286.4
99286.4
99286.3
99286.4
99286.4
99286.5
99286.5
99286.5
99286.5
99286.5
99286.4
99286.4
99286.3
99286.4
99286.4
99286.5
99286.5
99286.5
99286.5
99286.5
99286.4
99286.4
99286.3
99286.4
99286.4
99286.5
99286.5
99286.5
99286.5
99286.4
99286.4
99286.3
99286.3
99286.3
99286.4
99286.4
99286.5
99286.5
99286.5
99286.4
99286.4
99286.3
99286.3
99286.3
99286.4
99286.4
99286.5
99286.5
99286.5
99286.4
99286.4
99286.3
99286.3
99286.3
99286.4
99286.4
99286.5
99286.5
99286.5
99286.4
99286.4
99286.3
99286.3
99286.3
99286.4
99286.4
99286.5
99167.5
99167.5
99167.5
99167.5
99167.5
99167.5
99167.5
99167.5
99167.5
99167.5
99167.5
99167.5
99167.5
99167.5
99167.5
99167.5
99167.5
99167.5
99167.5
99167.5
99167.5
99167.5
99167.5
99167.5
99167.5
99167.5
99167.5
99167.5
99167.5
99167.5
99167.5
99167.5
99167.5
99167.5
99167.5
99167.5
99167.5
99167.5
99167.5
99167.5
99167.5
99167.5
99167.5
99167.5
99167.5
99167.5
99167.5
99167.5
99167.5
99167.5
99167.5
99167.5
99167.5
99167.5
99167.5
99167.5
99167.5
99167.5
99167.5
99167.5
99167.5
99167.5
99167.5
99167.5
99167.5
99167.5
99167.5
99167.5
99167.5
99167.5
99167.5
99167.5
99167.5
99167.5
99167.5
99167.5
99167.6
99167.5
99167.5
99167.5
99167.5
99167.5
99167.5
99167.5
99167.6
99167.5
99167.6
99167.5
99167.5
99167.5
99167.5
99167.5
99167.5
99167.5
99167.5
99167.5
99167.5
99167.5
99167.5
99167.5
99048.9
99048.7
99048.4
99048.1
99047.9
99047.8
99047.9
99048.1
99048.4
99048.7
99048.7
99048.5
99048.2
99047.9
99047.8
99047.7
99047.8
99047.9
99048.2
99048.5
99048.5
99048.4
99048.1
99047.8
99047.7
99047.6
99047.7
99047.8
99048.1
99048.4
99048.4
99048.3
99048
99047.7
99047.6
99047.5
99047.6
99047.7
99048
99048.3
99048.3
99048.2
99047.9
99047.7
99047.5
99047.5
99047.5
99047.7
99047.9
99048.2
99048.2
99048.1
99047.9
99047.6
99047.5
99047.4
99047.5
99047.6
99047.9
99048.1
99048.2
99048.1
99047.8
99047.6
99047.4
99047.4
99047.4
99047.6
99047.8
99048.1
99048.2
99048
99047.8
99047.6
99047.4
99047.4
99047.4
99047.6
99047.8
99048
99048.2
99048
99047.8
99047.6
99047.4
99047.4
99047.4
99047.6
99047.8
99048
99048.2
99048
99047.8
99047.6
99047.4
99047.4
99047.4
99047.6
99047.8
99048
98930.2
98929.7
98929.2
98928.9
98928.7
98928.6
98928.7
98928.9
98929.2
98929.7
98930
98929.6
98929.2
98928.9
98928.7
98928.6
98928.7
98928.9
98929.2
98929.6
98929.9
98929.6
98929.2
98928.9
98928.7
98928.6
98928.7
98928.9
98929.2
98929.6
98929.9
98929.6
98929.2
98928.9
98928.7
98928.6
98928.7
98928.9
98929.2
98929.6
98929.8
98929.6
98929.2
98928.9
98928.7
98928.7
98928.7
98928.9
98929.2
98929.6
98929.8
98929.6
98929.2
98928.9
98928.7
98928.7
98928.7
98928.9
98929.2
98929.6
98929.8
98929.6
98929.2
98929
98928.8
98928.7
98928.8
98929
98929.2
98929.6
98929.8
98929.6
98929.3
98929
98928.8
98928.7
98928.8
98929
98929.3
98929.6
98929.9
98929.7
98929.3
98929
98928.8
98928.7
98928.8
98929
98929.3
98929.7
98929.9
98929.7
98929.3
98929
98928.8
98928.7
98928.8
98929
98929.3
98929.7
)
;

boundaryField
{
    leftWall
    {
        type            calculated;
        value           nonuniform List<scalar> 
100
(
100000
99879
99762.1
99643.7
99524.8
99405.6
99286.8
99167.5
99050
98931.8
99999.4
99880.4
99762.4
99643.8
99524.8
99405.6
99286.8
99167.4
99049.7
98930.1
100000
99881.2
99762.3
99643.6
99524.7
99405.6
99286.7
99167.5
99049.1
98929.4
100001
99881.6
99762.3
99643.6
99524.7
99405.7
99286.6
99167.5
99048.7
98928.9
100001
99881.9
99762.3
99643.6
99524.7
99405.7
99286.5
99167.4
99048.5
98928.7
100001
99882
99762.3
99643.6
99524.6
99405.7
99286.5
99167.4
99048.4
98928.6
100001
99881.9
99762.3
99643.6
99524.7
99405.7
99286.5
99167.4
99048.5
98928.7
100001
99881.6
99762.3
99643.6
99524.7
99405.7
99286.6
99167.5
99048.7
98928.9
100000
99881.2
99762.3
99643.6
99524.7
99405.6
99286.7
99167.5
99049.1
98929.4
99999.4
99880.4
99762.4
99643.8
99524.8
99405.6
99286.8
99167.4
99049.7
98930.1
)
;
    }
    rightWall
    {
        type            calculated;
        value           nonuniform List<scalar> 
100
(
100002
99881
99762
99643.5
99524.6
99405.6
99286.5
99167.5
99048.2
98929.9
100002
99881
99762
99643.5
99524.6
99405.6
99286.5
99167.5
99048
98929.7
100002
99881.4
99762.1
99643.5
99524.6
99405.6
99286.4
99167.5
99047.8
98929.3
100003
99881.6
99762.2
99643.5
99524.6
99405.7
99286.4
99167.5
99047.6
98929
100003
99881.7
99762.2
99643.5
99524.6
99405.7
99286.3
99167.5
99047.4
98928.8
100003
99881.8
99762.2
99643.5
99524.6
99405.7
99286.3
99167.5
99047.4
98928.7
100003
99881.7
99762.2
99643.5
99524.6
99405.7
99286.3
99167.5
99047.4
98928.8
100003
99881.6
99762.2
99643.5
99524.6
99405.7
99286.4
99167.5
99047.6
98929
100002
99881.4
99762.1
99643.5
99524.6
99405.6
99286.4
99167.5
99047.8
98929.3
100002
99881
99762
99643.5
99524.6
99405.6
99286.5
99167.5
99048
98929.7
)
;
    }
    leftSides_periodic0
    {
        type            cyclic;
    }
    leftSides_periodic1
    {
        type            cyclic;
    }
    rightSides_periodic0
    {
        type            cyclic;
    }
    rightSides_periodic1
    {
        type            cyclic;
    }
    leftInOut_periodic0
    {
        type            cyclic;
    }
    leftInOut_periodic1
    {
        type            cyclic;
    }
    rightInOut_periodic0
    {
        type            cyclic;
    }
    rightInOut_periodic1
    {
        type            cyclic;
    }
}


// ************************************************************************* //
