/*--------------------------------*- C++ -*----------------------------------*\
| =========                 |                                                 |
| \\      /  F ield         | OpenFOAM: The Open Source CFD Toolbox           |
|  \\    /   O peration     | Version:  v1912                                 |
|   \\  /    A nd           | Website:  www.openfoam.com                      |
|    \\/     M anipulation  |                                                 |
\*---------------------------------------------------------------------------*/
FoamFile
{
    version     2.0;
    format      ascii;
    class       volScalarField;
    location    "98.4";
    object      pMean;
}
// * * * * * * * * * * * * * * * * * * * * * * * * * * * * * * * * * * * * * //

dimensions      [1 -1 -2 0 0 0 0];


internalField   nonuniform List<scalar> 
2000
(
100000
99999.4
100000
100001
100001
100001
100001
100001
100000
99999.4
100000
99999.4
100000
100001
100001
100001
100001
100001
100000
99999.4
99999.8
99999.4
100000
100001
100001
100001
100001
100001
100000
99999.4
99999.3
99999.5
100000
100001
100001
100001
100001
100001
100000
99999.5
100000
99999.5
100000
100001
100001
100001
100001
100001
100000
99999.5
100000
99999.6
100000
100001
100001
100001
100001
100001
100000
99999.6
100000
99999.8
100001
100001
100001
100001
100001
100001
100001
99999.8
100000
99999.9
100001
100001
100001
100001
100001
100001
100001
99999.9
100000
100000
100001
100001
100001
100001
100001
100001
100001
100000
100001
100000
100001
100001
100002
100002
100002
100001
100001
100000
99879.1
99880.5
99881.2
99881.6
99881.9
99882
99881.9
99881.6
99881.2
99880.5
99879.1
99880.5
99881.2
99881.6
99881.9
99882
99881.9
99881.6
99881.2
99880.5
99879.1
99880.5
99881.2
99881.6
99881.9
99882
99881.9
99881.6
99881.2
99880.5
99879.2
99880.5
99881.2
99881.6
99881.9
99882
99881.9
99881.6
99881.2
99880.5
99879.2
99880.5
99881.2
99881.6
99881.9
99882
99881.9
99881.6
99881.2
99880.5
99879.3
99880.5
99881.2
99881.6
99881.9
99882
99881.9
99881.6
99881.2
99880.5
99879.5
99880.6
99881.3
99881.6
99881.9
99882
99881.9
99881.6
99881.3
99880.6
99879.7
99880.6
99881.3
99881.6
99881.9
99882
99881.9
99881.6
99881.3
99880.6
99880
99880.7
99881.3
99881.6
99881.9
99882
99881.9
99881.6
99881.3
99880.7
99880.3
99880.8
99881.4
99881.6
99881.9
99881.9
99881.9
99881.6
99881.4
99880.8
99762.4
99762.7
99762.6
99762.6
99762.6
99762.6
99762.6
99762.6
99762.6
99762.7
99762.4
99762.6
99762.6
99762.6
99762.6
99762.6
99762.6
99762.6
99762.6
99762.6
99762.4
99762.6
99762.6
99762.6
99762.6
99762.6
99762.6
99762.6
99762.6
99762.6
99762.4
99762.6
99762.5
99762.6
99762.6
99762.6
99762.6
99762.6
99762.5
99762.6
99762.3
99762.6
99762.5
99762.6
99762.6
99762.6
99762.6
99762.6
99762.5
99762.6
99762.3
99762.6
99762.5
99762.6
99762.6
99762.6
99762.6
99762.6
99762.5
99762.6
99762.3
99762.6
99762.5
99762.6
99762.6
99762.6
99762.6
99762.6
99762.5
99762.6
99762.3
99762.6
99762.5
99762.5
99762.6
99762.6
99762.6
99762.5
99762.5
99762.6
99762.3
99762.5
99762.5
99762.5
99762.6
99762.6
99762.6
99762.5
99762.5
99762.5
99762.3
99762.5
99762.5
99762.5
99762.6
99762.6
99762.6
99762.5
99762.5
99762.5
99644.3
99644.3
99644.2
99644.2
99644.2
99644.2
99644.2
99644.2
99644.2
99644.3
99644.3
99644.3
99644.2
99644.2
99644.2
99644.2
99644.2
99644.2
99644.2
99644.3
99644.3
99644.3
99644.2
99644.2
99644.2
99644.2
99644.2
99644.2
99644.2
99644.3
99644.3
99644.3
99644.2
99644.2
99644.2
99644.2
99644.2
99644.2
99644.2
99644.3
99644.2
99644.3
99644.2
99644.2
99644.2
99644.2
99644.2
99644.2
99644.2
99644.3
99644.2
99644.3
99644.2
99644.2
99644.2
99644.2
99644.2
99644.2
99644.2
99644.3
99644.2
99644.3
99644.2
99644.2
99644.2
99644.2
99644.2
99644.2
99644.2
99644.3
99644.2
99644.3
99644.2
99644.2
99644.2
99644.2
99644.2
99644.2
99644.2
99644.3
99644.2
99644.3
99644.2
99644.2
99644.2
99644.2
99644.2
99644.2
99644.2
99644.3
99644.2
99644.2
99644.2
99644.2
99644.2
99644.2
99644.2
99644.2
99644.2
99644.2
99525.7
99525.7
99525.6
99525.6
99525.6
99525.6
99525.6
99525.6
99525.6
99525.7
99525.7
99525.7
99525.6
99525.6
99525.6
99525.6
99525.6
99525.6
99525.6
99525.7
99525.7
99525.7
99525.6
99525.6
99525.6
99525.6
99525.6
99525.6
99525.6
99525.7
99525.7
99525.7
99525.6
99525.6
99525.6
99525.6
99525.6
99525.6
99525.6
99525.7
99525.7
99525.7
99525.6
99525.6
99525.6
99525.6
99525.6
99525.6
99525.6
99525.7
99525.7
99525.7
99525.6
99525.6
99525.6
99525.6
99525.6
99525.6
99525.6
99525.7
99525.7
99525.7
99525.6
99525.6
99525.6
99525.6
99525.6
99525.6
99525.6
99525.7
99525.6
99525.7
99525.6
99525.6
99525.6
99525.6
99525.6
99525.6
99525.6
99525.7
99525.6
99525.7
99525.6
99525.6
99525.6
99525.5
99525.6
99525.6
99525.6
99525.7
99525.6
99525.6
99525.6
99525.6
99525.6
99525.5
99525.6
99525.6
99525.6
99525.6
99406.9
99406.9
99406.9
99406.9
99406.9
99406.9
99406.9
99406.9
99406.9
99406.9
99406.9
99406.9
99406.9
99406.9
99406.9
99406.9
99406.9
99406.9
99406.9
99406.9
99406.9
99406.9
99406.9
99406.9
99406.9
99406.9
99406.9
99406.9
99406.9
99406.9
99406.9
99406.9
99406.9
99406.9
99406.9
99406.9
99406.9
99406.9
99406.9
99406.9
99406.9
99406.9
99406.9
99406.9
99406.9
99406.9
99406.9
99406.9
99406.9
99406.9
99406.9
99406.9
99406.9
99406.9
99406.9
99406.9
99406.9
99406.9
99406.9
99406.9
99406.9
99406.9
99406.9
99406.9
99406.9
99406.9
99406.9
99406.9
99406.9
99406.9
99406.9
99406.9
99406.9
99406.9
99406.9
99406.9
99406.9
99406.9
99406.9
99406.9
99406.9
99406.9
99406.9
99406.9
99406.9
99406.9
99406.9
99406.9
99406.9
99406.9
99406.9
99406.9
99406.9
99406.9
99406.9
99406.9
99406.9
99406.9
99406.9
99406.9
99288.3
99288.3
99288.2
99288.2
99288.1
99288.1
99288.1
99288.2
99288.2
99288.3
99288.3
99288.3
99288.2
99288.2
99288.1
99288.1
99288.1
99288.2
99288.2
99288.3
99288.3
99288.3
99288.2
99288.2
99288.1
99288.1
99288.1
99288.2
99288.2
99288.3
99288.3
99288.3
99288.2
99288.2
99288.1
99288.1
99288.1
99288.2
99288.2
99288.3
99288.3
99288.3
99288.2
99288.2
99288.1
99288.1
99288.1
99288.2
99288.2
99288.3
99288.3
99288.3
99288.2
99288.2
99288.1
99288.1
99288.1
99288.2
99288.2
99288.3
99288.3
99288.3
99288.2
99288.2
99288.1
99288.1
99288.1
99288.2
99288.2
99288.3
99288.3
99288.3
99288.2
99288.1
99288.1
99288.1
99288.1
99288.1
99288.2
99288.3
99288.3
99288.3
99288.2
99288.1
99288.1
99288.1
99288.1
99288.1
99288.2
99288.3
99288.2
99288.2
99288.1
99288.1
99288
99288
99288
99288.1
99288.1
99288.2
99169.4
99169.4
99169.4
99169.4
99169.4
99169.4
99169.4
99169.4
99169.4
99169.4
99169.4
99169.4
99169.4
99169.4
99169.4
99169.4
99169.4
99169.4
99169.4
99169.4
99169.4
99169.4
99169.4
99169.4
99169.4
99169.4
99169.4
99169.4
99169.4
99169.4
99169.4
99169.4
99169.4
99169.4
99169.4
99169.4
99169.4
99169.4
99169.4
99169.4
99169.4
99169.4
99169.4
99169.4
99169.4
99169.4
99169.4
99169.4
99169.4
99169.4
99169.4
99169.4
99169.4
99169.4
99169.4
99169.4
99169.4
99169.4
99169.4
99169.4
99169.4
99169.4
99169.4
99169.4
99169.4
99169.4
99169.4
99169.4
99169.4
99169.4
99169.4
99169.4
99169.4
99169.4
99169.4
99169.4
99169.4
99169.4
99169.4
99169.4
99169.4
99169.4
99169.4
99169.4
99169.4
99169.4
99169.4
99169.4
99169.4
99169.4
99169.4
99169.4
99169.4
99169.4
99169.4
99169.4
99169.4
99169.4
99169.4
99169.4
99052.1
99051.8
99051.3
99051
99050.8
99050.8
99050.8
99051
99051.3
99051.8
99052.1
99051.8
99051.3
99051
99050.8
99050.7
99050.8
99051
99051.3
99051.8
99052.1
99051.8
99051.3
99051
99050.8
99050.7
99050.8
99051
99051.3
99051.8
99052.1
99051.8
99051.3
99051
99050.8
99050.7
99050.8
99051
99051.3
99051.8
99052
99051.7
99051.2
99050.9
99050.7
99050.7
99050.7
99050.9
99051.2
99051.7
99052
99051.7
99051.2
99050.9
99050.7
99050.6
99050.7
99050.9
99051.2
99051.7
99051.8
99051.6
99051.1
99050.8
99050.6
99050.6
99050.6
99050.8
99051.1
99051.6
99051.7
99051.5
99051
99050.7
99050.6
99050.5
99050.6
99050.7
99051
99051.5
99051.5
99051.3
99050.9
99050.6
99050.5
99050.4
99050.5
99050.6
99050.9
99051.3
99051.3
99051.1
99050.8
99050.5
99050.3
99050.3
99050.3
99050.5
99050.8
99051.1
98934.3
98932.7
98932.1
98931.7
98931.4
98931.3
98931.4
98931.7
98932.1
98932.7
98934.4
98932.7
98932.1
98931.7
98931.4
98931.3
98931.4
98931.7
98932.1
98932.7
98934.4
98932.7
98932.1
98931.7
98931.4
98931.3
98931.4
98931.7
98932.1
98932.7
98934.3
98932.7
98932.1
98931.7
98931.4
98931.3
98931.4
98931.7
98932.1
98932.7
98934.2
98932.7
98932.1
98931.7
98931.4
98931.3
98931.4
98931.7
98932.1
98932.7
98934
98932.7
98932.1
98931.7
98931.4
98931.3
98931.4
98931.7
98932.1
98932.7
98933.8
98932.6
98932
98931.7
98931.4
98931.3
98931.4
98931.7
98932
98932.6
98933.6
98932.6
98932
98931.7
98931.4
98931.3
98931.4
98931.7
98932
98932.6
98933.3
98932.5
98932
98931.6
98931.4
98931.3
98931.4
98931.6
98932
98932.5
98933
98932.4
98931.9
98931.6
98931.4
98931.3
98931.4
98931.6
98931.9
98932.4
100001
100001
100001
100002
100002
100002
100002
100002
100001
100001
100001
100001
100001
100002
100002
100002
100002
100002
100001
100001
100001
100001
100002
100002
100002
100002
100002
100002
100002
100001
100001
100001
100002
100002
100002
100002
100002
100002
100002
100001
100002
100002
100002
100002
100002
100002
100002
100002
100002
100002
100002
100002
100002
100002
100002
100002
100002
100002
100002
100002
100002
100002
100002
100002
100002
100002
100002
100002
100002
100002
100002
100002
100002
100002
100002
100002
100002
100002
100002
100002
100002
100002
100002
100002
100002
100002
100002
100002
100002
100002
100002
100002
100002
100002
100002
100002
100002
100002
100002
100002
99880.6
99880.9
99881.4
99881.7
99881.9
99881.9
99881.9
99881.7
99881.4
99880.9
99880.8
99881
99881.4
99881.7
99881.8
99881.9
99881.8
99881.7
99881.4
99881
99880.9
99881.1
99881.4
99881.7
99881.8
99881.9
99881.8
99881.7
99881.4
99881.1
99881
99881.1
99881.4
99881.7
99881.8
99881.9
99881.8
99881.7
99881.4
99881.1
99881
99881.1
99881.4
99881.6
99881.8
99881.9
99881.8
99881.6
99881.4
99881.1
99881
99881.1
99881.4
99881.6
99881.8
99881.9
99881.8
99881.6
99881.4
99881.1
99881
99881.1
99881.4
99881.6
99881.8
99881.8
99881.8
99881.6
99881.4
99881.1
99881.1
99881.1
99881.4
99881.6
99881.8
99881.8
99881.8
99881.6
99881.4
99881.1
99881.1
99881.1
99881.4
99881.6
99881.8
99881.8
99881.8
99881.6
99881.4
99881.1
99881.1
99881.1
99881.4
99881.6
99881.8
99881.8
99881.8
99881.6
99881.4
99881.1
99762.3
99762.4
99762.5
99762.5
99762.5
99762.6
99762.5
99762.5
99762.5
99762.4
99762.3
99762.4
99762.5
99762.5
99762.5
99762.5
99762.5
99762.5
99762.5
99762.4
99762.3
99762.4
99762.5
99762.5
99762.5
99762.5
99762.5
99762.5
99762.5
99762.4
99762.3
99762.4
99762.5
99762.5
99762.5
99762.5
99762.5
99762.5
99762.5
99762.4
99762.3
99762.4
99762.5
99762.5
99762.5
99762.5
99762.5
99762.5
99762.5
99762.4
99762.3
99762.4
99762.5
99762.5
99762.5
99762.5
99762.5
99762.5
99762.5
99762.4
99762.3
99762.4
99762.4
99762.5
99762.5
99762.5
99762.5
99762.5
99762.4
99762.4
99762.3
99762.4
99762.4
99762.5
99762.5
99762.5
99762.5
99762.5
99762.4
99762.4
99762.3
99762.3
99762.4
99762.5
99762.5
99762.5
99762.5
99762.5
99762.4
99762.3
99762.3
99762.3
99762.4
99762.5
99762.5
99762.5
99762.5
99762.5
99762.4
99762.3
99644.2
99644.2
99644.2
99644.1
99644.2
99644.1
99644.2
99644.1
99644.2
99644.2
99644.2
99644.2
99644.1
99644.1
99644.1
99644.1
99644.1
99644.1
99644.1
99644.2
99644.1
99644.2
99644.1
99644.1
99644.1
99644.1
99644.1
99644.1
99644.1
99644.2
99644.1
99644.1
99644.1
99644.1
99644.1
99644.1
99644.1
99644.1
99644.1
99644.1
99644.1
99644.1
99644.1
99644.1
99644.1
99644.1
99644.1
99644.1
99644.1
99644.1
99644.1
99644.1
99644.1
99644.1
99644.1
99644.1
99644.1
99644.1
99644.1
99644.1
99644.1
99644.1
99644.1
99644.1
99644.1
99644.1
99644.1
99644.1
99644.1
99644.1
99644.1
99644.1
99644.1
99644.1
99644.1
99644.1
99644.1
99644.1
99644.1
99644.1
99644.1
99644.1
99644.1
99644.1
99644.1
99644.1
99644.1
99644.1
99644.1
99644.1
99644.1
99644.1
99644.1
99644.1
99644.1
99644.1
99644.1
99644.1
99644.1
99644.1
99525.6
99525.6
99525.6
99525.6
99525.5
99525.5
99525.5
99525.6
99525.6
99525.6
99525.6
99525.6
99525.6
99525.5
99525.5
99525.5
99525.5
99525.5
99525.6
99525.6
99525.6
99525.6
99525.6
99525.5
99525.5
99525.5
99525.5
99525.5
99525.6
99525.6
99525.6
99525.6
99525.6
99525.5
99525.5
99525.5
99525.5
99525.5
99525.6
99525.6
99525.6
99525.6
99525.6
99525.5
99525.5
99525.5
99525.5
99525.5
99525.6
99525.6
99525.6
99525.6
99525.5
99525.5
99525.5
99525.5
99525.5
99525.5
99525.5
99525.6
99525.6
99525.6
99525.5
99525.5
99525.5
99525.5
99525.5
99525.5
99525.5
99525.6
99525.6
99525.6
99525.5
99525.5
99525.5
99525.5
99525.5
99525.5
99525.5
99525.6
99525.6
99525.6
99525.5
99525.5
99525.5
99525.5
99525.5
99525.5
99525.5
99525.6
99525.6
99525.6
99525.5
99525.5
99525.5
99525.5
99525.5
99525.5
99525.5
99525.6
99406.9
99406.9
99406.9
99406.9
99406.9
99406.9
99406.9
99406.9
99406.9
99406.9
99406.9
99406.9
99406.9
99406.9
99406.9
99406.9
99406.9
99406.9
99406.9
99406.9
99406.9
99406.9
99406.9
99406.9
99406.9
99406.9
99406.9
99406.9
99406.9
99406.9
99406.9
99406.9
99406.9
99406.9
99406.9
99406.9
99406.9
99406.9
99406.9
99406.9
99406.9
99406.9
99406.9
99406.9
99406.9
99406.9
99406.9
99406.9
99406.9
99406.9
99406.8
99406.9
99406.9
99406.9
99406.9
99406.9
99406.9
99406.9
99406.9
99406.9
99406.8
99406.9
99406.9
99406.9
99406.9
99406.9
99406.9
99406.9
99406.9
99406.9
99406.8
99406.9
99406.9
99406.9
99406.9
99406.9
99406.9
99406.9
99406.9
99406.9
99406.8
99406.9
99406.9
99406.9
99406.9
99406.9
99406.9
99406.9
99406.9
99406.9
99406.8
99406.9
99406.9
99406.9
99406.9
99406.9
99406.9
99406.9
99406.9
99406.9
99288.2
99288.2
99288.1
99288.1
99288
99288
99288
99288.1
99288.1
99288.2
99288.2
99288.2
99288.1
99288
99288
99288
99288
99288
99288.1
99288.2
99288.2
99288.1
99288.1
99288
99288
99288
99288
99288
99288.1
99288.1
99288.1
99288.1
99288.1
99288
99288
99288
99288
99288
99288.1
99288.1
99288.1
99288.1
99288
99288
99288
99287.9
99288
99288
99288
99288.1
99288.1
99288.1
99288
99288
99288
99287.9
99288
99288
99288
99288.1
99288.1
99288.1
99288
99288
99287.9
99287.9
99287.9
99288
99288
99288.1
99288.1
99288.1
99288
99288
99287.9
99287.9
99287.9
99288
99288
99288.1
99288.1
99288.1
99288
99288
99287.9
99287.9
99287.9
99288
99288
99288.1
99288.1
99288.1
99288
99288
99287.9
99287.9
99287.9
99288
99288
99288.1
99169.4
99169.4
99169.4
99169.4
99169.4
99169.4
99169.4
99169.4
99169.4
99169.4
99169.4
99169.4
99169.4
99169.5
99169.5
99169.5
99169.5
99169.5
99169.4
99169.4
99169.4
99169.4
99169.4
99169.5
99169.5
99169.5
99169.5
99169.5
99169.4
99169.4
99169.4
99169.5
99169.5
99169.5
99169.5
99169.5
99169.5
99169.5
99169.5
99169.5
99169.4
99169.5
99169.5
99169.5
99169.5
99169.5
99169.5
99169.5
99169.5
99169.5
99169.4
99169.5
99169.5
99169.5
99169.5
99169.5
99169.5
99169.5
99169.5
99169.5
99169.4
99169.5
99169.5
99169.5
99169.5
99169.5
99169.5
99169.5
99169.5
99169.5
99169.4
99169.5
99169.5
99169.5
99169.5
99169.5
99169.5
99169.5
99169.5
99169.5
99169.4
99169.5
99169.5
99169.5
99169.5
99169.5
99169.5
99169.5
99169.5
99169.5
99169.4
99169.5
99169.5
99169.5
99169.5
99169.5
99169.5
99169.5
99169.5
99169.5
99051.1
99051
99050.6
99050.4
99050.2
99050.1
99050.2
99050.4
99050.6
99051
99050.9
99050.8
99050.5
99050.2
99050.1
99050
99050.1
99050.2
99050.5
99050.8
99050.7
99050.6
99050.4
99050.1
99050
99049.9
99050
99050.1
99050.4
99050.6
99050.6
99050.5
99050.3
99050
99049.9
99049.8
99049.9
99050
99050.3
99050.5
99050.5
99050.4
99050.2
99050
99049.8
99049.8
99049.8
99050
99050.2
99050.4
99050.5
99050.4
99050.1
99049.9
99049.8
99049.7
99049.8
99049.9
99050.1
99050.4
99050.4
99050.3
99050.1
99049.9
99049.8
99049.7
99049.8
99049.9
99050.1
99050.3
99050.4
99050.3
99050.1
99049.9
99049.7
99049.7
99049.7
99049.9
99050.1
99050.3
99050.4
99050.3
99050.1
99049.9
99049.7
99049.7
99049.7
99049.9
99050.1
99050.3
99050.4
99050.3
99050.1
99049.9
99049.7
99049.7
99049.7
99049.9
99050.1
99050.3
98932.8
98932.3
98931.9
98931.6
98931.4
98931.3
98931.4
98931.6
98931.9
98932.3
98932.6
98932.3
98931.9
98931.6
98931.4
98931.3
98931.4
98931.6
98931.9
98932.3
98932.5
98932.2
98931.9
98931.6
98931.4
98931.3
98931.4
98931.6
98931.9
98932.2
98932.5
98932.2
98931.9
98931.6
98931.4
98931.4
98931.4
98931.6
98931.9
98932.2
98932.4
98932.2
98931.9
98931.6
98931.4
98931.4
98931.4
98931.6
98931.9
98932.2
98932.4
98932.2
98931.9
98931.6
98931.5
98931.4
98931.5
98931.6
98931.9
98932.2
98932.4
98932.2
98931.9
98931.6
98931.5
98931.4
98931.5
98931.6
98931.9
98932.2
98932.4
98932.3
98931.9
98931.7
98931.5
98931.4
98931.5
98931.7
98931.9
98932.3
98932.5
98932.3
98931.9
98931.7
98931.5
98931.4
98931.5
98931.7
98931.9
98932.3
98932.5
98932.3
98931.9
98931.7
98931.5
98931.4
98931.5
98931.7
98931.9
98932.3
)
;

boundaryField
{
    leftWall
    {
        type            calculated;
        value           nonuniform List<scalar> 
100
(
100000
99879.1
99762.4
99644.3
99525.7
99406.9
99288.3
99169.4
99052.1
98934.3
99999.4
99880.5
99762.7
99644.3
99525.7
99406.9
99288.3
99169.4
99051.8
98932.7
100000
99881.2
99762.6
99644.2
99525.6
99406.9
99288.2
99169.4
99051.3
98932.1
100001
99881.6
99762.6
99644.2
99525.6
99406.9
99288.2
99169.4
99051
98931.7
100001
99881.9
99762.6
99644.2
99525.6
99406.9
99288.1
99169.4
99050.8
98931.4
100001
99882
99762.6
99644.2
99525.6
99406.9
99288.1
99169.4
99050.8
98931.3
100001
99881.9
99762.6
99644.2
99525.6
99406.9
99288.1
99169.4
99050.8
98931.4
100001
99881.6
99762.6
99644.2
99525.6
99406.9
99288.2
99169.4
99051
98931.7
100000
99881.2
99762.6
99644.2
99525.6
99406.9
99288.2
99169.4
99051.3
98932.1
99999.4
99880.5
99762.7
99644.3
99525.7
99406.9
99288.3
99169.4
99051.8
98932.7
)
;
    }
    rightWall
    {
        type            calculated;
        value           nonuniform List<scalar> 
100
(
100002
99881.1
99762.3
99644.1
99525.6
99406.8
99288.1
99169.4
99050.4
98932.5
100002
99881.1
99762.3
99644.1
99525.6
99406.9
99288.1
99169.5
99050.3
98932.3
100002
99881.4
99762.4
99644.1
99525.5
99406.9
99288
99169.5
99050.1
98931.9
100002
99881.6
99762.5
99644.1
99525.5
99406.9
99288
99169.5
99049.9
98931.7
100002
99881.8
99762.5
99644.1
99525.5
99406.9
99287.9
99169.5
99049.7
98931.5
100002
99881.8
99762.5
99644.1
99525.5
99406.9
99287.9
99169.5
99049.7
98931.4
100002
99881.8
99762.5
99644.1
99525.5
99406.9
99287.9
99169.5
99049.7
98931.5
100002
99881.6
99762.5
99644.1
99525.5
99406.9
99288
99169.5
99049.9
98931.7
100002
99881.4
99762.4
99644.1
99525.5
99406.9
99288
99169.5
99050.1
98931.9
100002
99881.1
99762.3
99644.1
99525.6
99406.9
99288.1
99169.5
99050.3
98932.3
)
;
    }
    leftSides_periodic0
    {
        type            cyclic;
    }
    leftSides_periodic1
    {
        type            cyclic;
    }
    rightSides_periodic0
    {
        type            cyclic;
    }
    rightSides_periodic1
    {
        type            cyclic;
    }
    leftInOut_periodic0
    {
        type            cyclic;
    }
    leftInOut_periodic1
    {
        type            cyclic;
    }
    rightInOut_periodic0
    {
        type            cyclic;
    }
    rightInOut_periodic1
    {
        type            cyclic;
    }
}


// ************************************************************************* //
