-0.0075 	0 	0 	0
-0.0075 	-6.45841e-22 	-3.32838e-22 	1.41954e-18
-0.00745622 	4.17036e-06 	2.14922e-06 	-0.00916635
-0.00745622 	4.17036e-06 	2.14922e-06 	-0.00916635
-0.00741165 	6.96914e-06 	7.63095e-06 	-0.0185235
-0.00741165 	6.96914e-06 	7.63095e-06 	-0.0185235
-0.00736628 	8.903e-06 	1.67704e-05 	-0.0280577
-0.00736628 	8.903e-06 	1.67704e-05 	-0.0280577
-0.0073201 	1.0507e-05 	2.949e-05 	-0.0377117
-0.0073201 	1.0507e-05 	2.949e-05 	-0.0377117
-0.00727309 	1.22769e-05 	4.55885e-05 	-0.0474273
-0.00727309 	1.22769e-05 	4.55885e-05 	-0.0474273
-0.00722524 	1.46733e-05 	6.48749e-05 	-0.0571477
-0.00722524 	1.46733e-05 	6.48749e-05 	-0.0571477
-0.00717653 	1.81258e-05 	8.71605e-05 	-0.0668198
-0.00717653 	1.81258e-05 	8.71605e-05 	-0.0668198
-0.00712695 	2.30245e-05 	0.000112246 	-0.0763974
-0.00712695 	2.30245e-05 	0.000112246 	-0.0763974
-0.00707647 	2.97098e-05 	0.000139931 	-0.085843
-0.00707647 	2.97098e-05 	0.000139931 	-0.085843
-0.0070251 	3.84644e-05 	0.000170027 	-0.0951289
-0.0070251 	3.84644e-05 	0.000170027 	-0.0951289
-0.0069728 	4.95072e-05 	0.000202364 	-0.104238
-0.0069728 	4.95072e-05 	0.000202364 	-0.104238
-0.00691956 	6.29879e-05 	0.0002368 	-0.11316
-0.00691956 	6.29879e-05 	0.0002368 	-0.11316
-0.00686537 	7.89813e-05 	0.000273219 	-0.121895
-0.00686537 	7.89813e-05 	0.000273219 	-0.121895
-0.00681021 	9.74777e-05 	0.000311526 	-0.13044
-0.00681021 	9.74777e-05 	0.000311526 	-0.13044
-0.00675406 	0.000118374 	0.000351642 	-0.138797
-0.00675406 	0.000118374 	0.000351642 	-0.138797
-0.0066969 	0.000141468 	0.000393495 	-0.146964
-0.0066969 	0.000141468 	0.000393495 	-0.146964
-0.00663871 	0.000166453 	0.000437008 	-0.154936
-0.00663871 	0.000166453 	0.000437008 	-0.154936
-0.00657949 	0.000192921 	0.000482083 	-0.162707
-0.00657949 	0.000192921 	0.000482083 	-0.162707
-0.0065192 	0.000220367 	0.000528591 	-0.170263
-0.0065192 	0.000220367 	0.000528591 	-0.170263
-0.00645783 	0.000248213 	0.000576362 	-0.17759
-0.00645783 	0.000248213 	0.000576362 	-0.17759
-0.00639535 	0.000275833 	0.00062518 	-0.184669
-0.00639535 	0.000275833 	0.00062518 	-0.184669
-0.00633176 	0.000302592 	0.000674781 	-0.191479
-0.00633176 	0.000302592 	0.000674781 	-0.191479
-0.00626703 	0.000327885 	0.000724854 	-0.197998
-0.00626703 	0.000327885 	0.000724854 	-0.197998
-0.00620114 	0.000351175 	0.000775048 	-0.204206
-0.00620114 	0.000351175 	0.000775048 	-0.204206
-0.00613406 	0.000372029 	0.000824969 	-0.210083
-0.00613406 	0.000372029 	0.000824969 	-0.210083
-0.00606579 	0.00039014 	0.000874193 	-0.215609
-0.00606579 	0.00039014 	0.000874193 	-0.215609
-0.00599629 	0.000405337 	0.000922269 	-0.220772
-0.00599629 	0.000405337 	0.000922269 	-0.220772
-0.00592554 	0.000417581 	0.000968729 	-0.225557
-0.00592554 	0.000417581 	0.000968729 	-0.225557
-0.00585352 	0.000426947 	0.00101309 	-0.229959
-0.00585352 	0.000426947 	0.00101309 	-0.229959
-0.00578022 	0.000433599 	0.00105489 	-0.233972
-0.00578022 	0.000433599 	0.00105489 	-0.233972
-0.00570559 	0.000437749 	0.00109364 	-0.237599
-0.00570559 	0.000437749 	0.00109364 	-0.237599
-0.00562963 	0.000439623 	0.00112891 	-0.240843
-0.00562963 	0.000439623 	0.00112891 	-0.240843
-0.00555231 	0.000439427 	0.00116028 	-0.243715
-0.00555231 	0.000439427 	0.00116028 	-0.243715
-0.0054736 	0.000437316 	0.00118739 	-0.246228
-0.0054736 	0.000437316 	0.00118739 	-0.246228
-0.00539348 	0.000433372 	0.00120993 	-0.248401
-0.00539348 	0.000433372 	0.00120993 	-0.248401
-0.00531193 	0.000427609 	0.00122767 	-0.250253
-0.00531193 	0.000427609 	0.00122767 	-0.250253
-0.00522891 	0.00041997 	0.00124045 	-0.251808
-0.00522891 	0.00041997 	0.00124045 	-0.251808
-0.0051444 	0.000410358 	0.00124821 	-0.253091
-0.0051444 	0.000410358 	0.00124821 	-0.253091
-0.00505838 	0.000398648 	0.00125102 	-0.254131
-0.00505838 	0.000398648 	0.00125102 	-0.254131
-0.00497081 	0.00038471 	0.00124901 	-0.254956
-0.00497081 	0.00038471 	0.00124901 	-0.254956
-0.00488168 	0.000368446 	0.00124241 	-0.255598
-0.00488168 	0.000368446 	0.00124241 	-0.255598
-0.00479094 	0.000349817 	0.00123151 	-0.256081
-0.00479094 	0.000349817 	0.00123151 	-0.256081
-0.00469858 	0.000328852 	0.00121669 	-0.256433
-0.00469858 	0.000328852 	0.00121669 	-0.256433
-0.00460456 	0.000305663 	0.00119835 	-0.256679
-0.00460456 	0.000305663 	0.00119835 	-0.256679
-0.00450886 	0.000280422 	0.00117693 	-0.256838
-0.00450886 	0.000280422 	0.00117693 	-0.256838
-0.00441144 	0.000253351 	0.00115287 	-0.256931
-0.00441144 	0.000253351 	0.00115287 	-0.256931
-0.00431227 	0.000224684 	0.00112659 	-0.256972
-0.00431227 	0.000224684 	0.00112659 	-0.256972
-0.00421133 	0.000194651 	0.00109847 	-0.256974
-0.00421133 	0.000194651 	0.00109847 	-0.256974
-0.00410857 	0.000163452 	0.00106886 	-0.256946
-0.00410857 	0.000163452 	0.00106886 	-0.256946
-0.00400397 	0.000131252 	0.00103803 	-0.256896
-0.00400397 	0.000131252 	0.00103803 	-0.256896
-0.0038975 	9.81741e-05 	0.00100619 	-0.256828
-0.0038975 	9.81741e-05 	0.00100619 	-0.256828
-0.00378912 	6.42962e-05 	0.000973705 	-0.256748
-0.00378912 	6.42962e-05 	0.000973705 	-0.256748
-0.00367879 	2.96521e-05 	0.00094071 	-0.256655
-0.00367879 	2.96521e-05 	0.00094071 	-0.256655
-0.00356649 	-5.70473e-06 	0.00090711 	-0.25655
-0.00356649 	-5.70473e-06 	0.00090711 	-0.25655
-0.00345217 	-4.16141e-05 	0.000873128 	-0.256433
-0.00345217 	-4.16141e-05 	0.000873128 	-0.256433
-0.0033358 	-7.78066e-05 	0.000839089 	-0.256306
-0.0033358 	-7.78066e-05 	0.000839089 	-0.256306
-0.00321735 	-0.000113923 	0.000805176 	-0.25617
-0.00321735 	-0.000113923 	0.000805176 	-0.25617
-0.00309677 	-0.000149511 	0.000771653 	-0.256028
-0.00309677 	-0.000149511 	0.000771653 	-0.256028
-0.00297403 	-0.000184063 	0.000738773 	-0.255883
-0.00297403 	-0.000184063 	0.000738773 	-0.255883
-0.00284909 	-0.000217074 	0.000706701 	-0.255736
-0.00284909 	-0.000217074 	0.000706701 	-0.255736
-0.0027219 	-0.000248054 	0.000675561 	-0.255591
-0.0027219 	-0.000248054 	0.000675561 	-0.255591
-0.00259244 	-0.000276564 	0.000645432 	-0.255447
-0.00259244 	-0.000276564 	0.000645432 	-0.255447
-0.00246065 	-0.000302222 	0.000616337 	-0.255307
-0.00246065 	-0.000302222 	0.000616337 	-0.255307
-0.00232651 	-0.000324727 	0.00058824 	-0.255172
-0.00232651 	-0.000324727 	0.00058824 	-0.255172
-0.00218995 	-0.000343878 	0.000561059 	-0.255043
-0.00218995 	-0.000343878 	0.000561059 	-0.255043
-0.00205095 	-0.000359593 	0.000534663 	-0.254921
-0.00205095 	-0.000359593 	0.000534663 	-0.254921
-0.00190946 	-0.000371935 	0.000508899 	-0.254808
-0.00190946 	-0.000371935 	0.000508899 	-0.254808
-0.00176543 	-0.000381097 	0.000483604 	-0.254704
-0.00176543 	-0.000381097 	0.000483604 	-0.254704
-0.00161881 	-0.000387312 	0.00045864 	-0.254611
-0.00161881 	-0.000387312 	0.00045864 	-0.254611
-0.00146957 	-0.000390716 	0.000433954 	-0.254529
-0.00146957 	-0.000390716 	0.000433954 	-0.254529
-0.00131765 	-0.00039123 	0.000409441 	-0.254457
-0.00131765 	-0.00039123 	0.000409441 	-0.254457
-0.001163 	-0.000388693 	0.000384917 	-0.254396
-0.001163 	-0.000388693 	0.000384917 	-0.254396
-0.00100559 	-0.000383146 	0.000360353 	-0.254346
-0.00100559 	-0.000383146 	0.000360353 	-0.254346
-0.000845345 	-0.000374761 	0.00033573 	-0.254308
-0.000845345 	-0.000374761 	0.00033573 	-0.254308
-0.000682232 	-0.000363645 	0.000310923 	-0.254283
-0.000682232 	-0.000363645 	0.000310923 	-0.254283
-0.000516194 	-0.000349851 	0.000285801 	-0.254272
-0.000516194 	-0.000349851 	0.000285801 	-0.254272
-0.000347178 	-0.000333407 	0.000260216 	-0.254276
-0.000347178 	-0.000333407 	0.000260216 	-0.254276
-0.000175132 	-0.000314332 	0.000233985 	-0.254296
-0.000175132 	-0.000314332 	0.000233985 	-0.254296
0 	-0.00029275 	0.000206986 	-0.254332
0 	-0.00029275 	0.000206986 	-0.254332
0.000175132 	-0.00026907 	0.000179267 	-0.254384
0.000175132 	-0.00026907 	0.000179267 	-0.254384
0.000347178 	-0.000243858 	0.000150893 	-0.254451
0.000347178 	-0.000243858 	0.000150893 	-0.254451
0.000516194 	-0.000217453 	0.000121918 	-0.254532
0.000516194 	-0.000217453 	0.000121918 	-0.254532
0.000682232 	-0.000189434 	9.21299e-05 	-0.254627
0.000682232 	-0.000189434 	9.21299e-05 	-0.254627
0.000845345 	-0.00015897 	6.09649e-05 	-0.254738
0.000845345 	-0.00015897 	6.09649e-05 	-0.254738
0.00100559 	-0.000126298 	2.81916e-05 	-0.254866
0.00100559 	-0.000126298 	2.81916e-05 	-0.254866
0.001163 	-9.29184e-05 	-6.21368e-06 	-0.25501
0.001163 	-9.29184e-05 	-6.21368e-06 	-0.25501
0.00131765 	-6.07219e-05 	-4.24332e-05 	-0.255166
0.00131765 	-6.07219e-05 	-4.24332e-05 	-0.255166
0.00146957 	-3.15807e-05 	-8.0598e-05 	-0.255332
0.00146957 	-3.15807e-05 	-8.0598e-05 	-0.255332
0.00161881 	-7.1315e-06 	-0.000120715 	-0.255507
0.00161881 	-7.1315e-06 	-0.000120715 	-0.255507
0.00176543 	1.13431e-05 	-0.000162685 	-0.255687
0.00176543 	1.13431e-05 	-0.000162685 	-0.255687
0.00190946 	2.29634e-05 	-0.000206322 	-0.255872
0.00190946 	2.29634e-05 	-0.000206322 	-0.255872
0.00205095 	2.72583e-05 	-0.000251374 	-0.25606
0.00205095 	2.72583e-05 	-0.000251374 	-0.25606
0.00218995 	2.41419e-05 	-0.000297535 	-0.256251
0.00218995 	2.41419e-05 	-0.000297535 	-0.256251
0.00232651 	1.38714e-05 	-0.000344464 	-0.256443
0.00232651 	1.38714e-05 	-0.000344464 	-0.256443
0.00246065 	-3.00611e-06 	-0.000391804 	-0.256637
0.00246065 	-3.00611e-06 	-0.000391804 	-0.256637
0.00259244 	-2.57137e-05 	-0.000439194 	-0.256831
0.00259244 	-2.57137e-05 	-0.000439194 	-0.256831
0.0027219 	-5.33071e-05 	-0.000486278 	-0.257025
0.0027219 	-5.33071e-05 	-0.000486278 	-0.257025
0.00284909 	-8.47398e-05 	-0.00053272 	-0.257218
0.00284909 	-8.47398e-05 	-0.00053272 	-0.257218
0.00297403 	-0.000118928 	-0.000578201 	-0.257409
0.00297403 	-0.000118928 	-0.000578201 	-0.257409
0.00309677 	-0.000154821 	-0.000622431 	-0.257596
0.00309677 	-0.000154821 	-0.000622431 	-0.257596
0.00321735 	-0.000191468 	-0.000665173 	-0.257776
0.00321735 	-0.000191468 	-0.000665173 	-0.257776
0.0033358 	-0.000228094 	-0.000706278 	-0.257948
0.0033358 	-0.000228094 	-0.000706278 	-0.257948
0.00345217 	-0.00026417 	-0.000745554 	-0.258106
0.00345217 	-0.00026417 	-0.000745554 	-0.258106
0.00356649 	-0.000299392 	-0.000782492 	-0.258247
0.00356649 	-0.000299392 	-0.000782492 	-0.258247
0.00367879 	-0.000333418 	-0.00081713 	-0.258371
0.00367879 	-0.000333418 	-0.00081713 	-0.258371
0.00378912 	-0.000365742 	-0.000850087 	-0.258481
0.00378912 	-0.000365742 	-0.000850087 	-0.258481
0.0038975 	-0.000395942 	-0.000881243 	-0.258576
0.0038975 	-0.000395942 	-0.000881243 	-0.258576
0.00400397 	-0.000423716 	-0.00091028 	-0.258649
0.00400397 	-0.000423716 	-0.00091028 	-0.258649
0.00410857 	-0.000448731 	-0.000937179 	-0.258697
0.00410857 	-0.000448731 	-0.000937179 	-0.258697
0.00421133 	-0.000470607 	-0.000961819 	-0.258708
0.00421133 	-0.000470607 	-0.000961819 	-0.258708
0.00431227 	-0.000488935 	-0.00098403 	-0.25867
0.00431227 	-0.000488935 	-0.00098403 	-0.25867
0.00441144 	-0.000503301 	-0.00100361 	-0.258569
0.00441144 	-0.000503301 	-0.00100361 	-0.258569
0.00450886 	-0.000513323 	-0.00102032 	-0.258383
0.00450886 	-0.000513323 	-0.00102032 	-0.258383
0.00460456 	-0.000518682 	-0.00103394 	-0.258089
0.00460456 	-0.000518682 	-0.00103394 	-0.258089
0.00469858 	-0.000519159 	-0.00104419 	-0.257659
0.00469858 	-0.000519159 	-0.00104419 	-0.257659
0.00479094 	-0.000514664 	-0.00105083 	-0.257061
0.00479094 	-0.000514664 	-0.00105083 	-0.257061
0.00488168 	-0.000505265 	-0.00105362 	-0.256262
0.00488168 	-0.000505265 	-0.00105362 	-0.256262
0.00497081 	-0.00049112 	-0.00105235 	-0.255228
0.00497081 	-0.00049112 	-0.00105235 	-0.255228
0.00505838 	-0.000472423 	-0.00104684 	-0.25392
0.00505838 	-0.000472423 	-0.00104684 	-0.25392
0.0051444 	-0.000449492 	-0.00103693 	-0.252304
0.0051444 	-0.000449492 	-0.00103693 	-0.252304
0.00522891 	-0.000422757 	-0.00102259 	-0.250346
0.00522891 	-0.000422757 	-0.00102259 	-0.250346
0.00531193 	-0.000392687 	-0.00100382 	-0.248019
0.00531193 	-0.000392687 	-0.00100382 	-0.248019
0.00539348 	-0.000359773 	-0.000980718 	-0.245295
0.00539348 	-0.000359773 	-0.000980718 	-0.245295
0.0054736 	-0.000324531 	-0.000953454 	-0.242155
0.0054736 	-0.000324531 	-0.000953454 	-0.242155
0.00555231 	-0.000287502 	-0.000922261 	-0.238583
0.00555231 	-0.000287502 	-0.000922261 	-0.238583
0.00562963 	-0.00024925 	-0.000887447 	-0.234568
0.00562963 	-0.00024925 	-0.000887447 	-0.234568
0.00570559 	-0.000210363 	-0.000849381 	-0.230106
0.00570559 	-0.000210363 	-0.000849381 	-0.230106
0.00578022 	-0.000171448 	-0.00080849 	-0.225199
0.00578022 	-0.000171448 	-0.00080849 	-0.225199
0.00585352 	-0.000133122 	-0.00076524 	-0.219854
0.00585352 	-0.000133122 	-0.00076524 	-0.219854
0.00592554 	-9.59921e-05 	-0.000720125 	-0.214083
0.00592554 	-9.59921e-05 	-0.000720125 	-0.214083
0.00599629 	-6.06439e-05 	-0.000673647 	-0.207903
0.00599629 	-6.06439e-05 	-0.000673647 	-0.207903
0.00606579 	-2.76214e-05 	-0.000626304 	-0.201334
0.00606579 	-2.76214e-05 	-0.000626304 	-0.201334
0.00613406 	2.58637e-06 	-0.000578584 	-0.1944
0.00613406 	2.58637e-06 	-0.000578584 	-0.1944
0.00620114 	2.9563e-05 	-0.000530955 	-0.187128
0.00620114 	2.9563e-05 	-0.000530955 	-0.187128
0.00626703 	5.29819e-05 	-0.000483866 	-0.179549
0.00626703 	5.29819e-05 	-0.000483866 	-0.179549
0.00633176 	7.26206e-05 	-0.000437741 	-0.171697
0.00633176 	7.26206e-05 	-0.000437741 	-0.171697
0.00639535 	8.83694e-05 	-0.000392973 	-0.163605
0.00639535 	8.83694e-05 	-0.000392973 	-0.163605
0.00645783 	0.000100234 	-0.000349919 	-0.155311
0.00645783 	0.000100234 	-0.000349919 	-0.155311
0.0065192 	0.000108332 	-0.000308898 	-0.146852
0.0065192 	0.000108332 	-0.000308898 	-0.146852
0.00657949 	0.000112884 	-0.000270183 	-0.138267
0.00657949 	0.000112884 	-0.000270183 	-0.138267
0.00663871 	0.000114197 	-0.000234003 	-0.129596
0.00663871 	0.000114197 	-0.000234003 	-0.129596
0.0066969 	0.000112652 	-0.000200535 	-0.120879
0.0066969 	0.000112652 	-0.000200535 	-0.120879
0.00675406 	0.000108675 	-0.000169902 	-0.112156
0.00675406 	0.000108675 	-0.000169902 	-0.112156
0.00681021 	0.000102726 	-0.00014217 	-0.103469
0.00681021 	0.000102726 	-0.00014217 	-0.103469
0.00686537 	9.52656e-05 	-0.000117356 	-0.0948577
0.00686537 	9.52656e-05 	-0.000117356 	-0.0948577
0.00691956 	8.67456e-05 	-9.5426e-05 	-0.0863608
0.00691956 	8.67456e-05 	-9.5426e-05 	-0.0863608
0.0069728 	7.7583e-05 	-7.62995e-05 	-0.0780145
0.0069728 	7.7583e-05 	-7.62995e-05 	-0.0780145
0.0070251 	6.81466e-05 	-5.98494e-05 	-0.0698484
0.0070251 	6.81466e-05 	-5.98494e-05 	-0.0698484
0.00707647 	5.87461e-05 	-4.5911e-05 	-0.0618849
0.00707647 	5.87461e-05 	-4.5911e-05 	-0.0618849
0.00712695 	4.96286e-05 	-3.42915e-05 	-0.0541387
0.00712695 	4.96286e-05 	-3.42915e-05 	-0.0541387
0.00717653 	4.09805e-05 	-2.47814e-05 	-0.0466179
0.00717653 	4.09805e-05 	-2.47814e-05 	-0.0466179
0.00722524 	3.29337e-05 	-1.71643e-05 	-0.0393244
0.00722524 	3.29337e-05 	-1.71643e-05 	-0.0393244
0.00727309 	2.55741e-05 	-1.12252e-05 	-0.0322558
0.00727309 	2.55741e-05 	-1.12252e-05 	-0.0322558
0.0073201 	1.89517e-05 	-6.75888e-06 	-0.0254062
0.0073201 	1.89517e-05 	-6.75888e-06 	-0.0254062
0.00736628 	1.30897e-05 	-3.57275e-06 	-0.0187678
0.00736628 	1.30897e-05 	-3.57275e-06 	-0.0187678
0.00741165 	7.98656e-06 	-1.50686e-06 	-0.0123316
0.00741165 	7.98656e-06 	-1.50686e-06 	-0.0123316
0.00745622 	3.62766e-06 	-3.87337e-07 	-0.00608788
0.00745622 	3.62766e-06 	-3.87337e-07 	-0.00608788
0.0075 	0 	0 	0
0.0075 	0 	0 	0
