0 	0 	0 	0
0 	-9.32452e-36 	-1.74863e-36 	1.85759e-31
5.01672e-05 	-8.24778e-07 	-2.09509e-07 	0.0173285
5.01672e-05 	-8.24778e-07 	-2.09509e-07 	0.0173285
0.000100334 	-1.2623e-06 	-8.21322e-07 	0.0333329
0.000150502 	-1.62755e-06 	-1.87405e-06 	0.0481753
0.000150502 	-1.62755e-06 	-1.87405e-06 	0.0481753
0.000200669 	-2.00439e-06 	-3.37212e-06 	0.0619427
0.000200669 	-2.00439e-06 	-3.37212e-06 	0.0619427
0.000250836 	-2.36322e-06 	-5.29526e-06 	0.0747167
0.000301003 	-2.68267e-06 	-7.63471e-06 	0.086566
0.000301003 	-2.68267e-06 	-7.63471e-06 	0.086566
0.000351171 	-2.95919e-06 	-1.03834e-05 	0.0975367
0.000401338 	-3.19471e-06 	-1.35466e-05 	0.107652
0.000451505 	-3.39224e-06 	-1.7146e-05 	0.116928
0.000451505 	-3.39224e-06 	-1.7146e-05 	0.116928
0.000501672 	-3.55462e-06 	-2.12165e-05 	0.125392
0.000551839 	-3.68433e-06 	-2.57956e-05 	0.133089
0.000551839 	-3.68433e-06 	-2.57956e-05 	0.133089
0.000602007 	-3.78374e-06 	-3.09129e-05 	0.140079
0.000602007 	-3.78374e-06 	-3.09129e-05 	0.140079
0.000652174 	-3.85519e-06 	-3.65894e-05 	0.146434
0.000652174 	-3.85519e-06 	-3.65894e-05 	0.146434
0.000702341 	-3.90104e-06 	-4.28417e-05 	0.152224
0.000702341 	-3.90104e-06 	-4.28417e-05 	0.152224
0.000752508 	-3.92357e-06 	-4.96844e-05 	0.157518
0.000802676 	-3.92464e-06 	-5.71315e-05 	0.162373
0.000852843 	-3.90336e-06 	-6.5279e-05 	0.166781
0.000852843 	-3.90336e-06 	-6.5279e-05 	0.166781
0.00090301 	-3.86516e-06 	-7.40019e-05 	0.170852
0.00090301 	-3.86516e-06 	-7.40019e-05 	0.170852
0.000953177 	-3.81216e-06 	-8.32509e-05 	0.174627
0.00100334 	-3.74623e-06 	-9.29745e-05 	0.17814
0.00100334 	-3.74623e-06 	-9.29745e-05 	0.17814
0.00105351 	-3.66901e-06 	-0.000103124 	0.181424
0.00105351 	-3.66901e-06 	-0.000103124 	0.181424
0.00110368 	-3.58167e-06 	-0.000113661 	0.184502
0.00115385 	-3.48326e-06 	-0.00012463 	0.187351
0.00120401 	-3.37774e-06 	-0.000135878 	0.19005
0.00120401 	-3.37774e-06 	-0.000135878 	0.19005
0.00130435 	-3.14878e-06 	-0.000159074 	0.195055
0.00130435 	-3.14878e-06 	-0.000159074 	0.195055
0.00135452 	-3.02543e-06 	-0.000171011 	0.197354
0.00135452 	-3.02543e-06 	-0.000171011 	0.197354
0.00140468 	-2.89766e-06 	-0.000183105 	0.199543
0.00145485 	-2.76671e-06 	-0.000195305 	0.201649
0.00145485 	-2.76671e-06 	-0.000195305 	0.201649
0.00150502 	-2.63295e-06 	-0.000207594 	0.203677
0.00150502 	-2.63295e-06 	-0.000207594 	0.203677
0.00155518 	-2.49564e-06 	-0.000219968 	0.205598
0.00155518 	-2.49564e-06 	-0.000219968 	0.205598
0.00160535 	-2.35652e-06 	-0.00023236 	0.207458
0.00160535 	-2.35652e-06 	-0.00023236 	0.207458
0.00165552 	-2.21581e-06 	-0.000244758 	0.209266
0.00165552 	-2.21581e-06 	-0.000244758 	0.209266
0.00170569 	-2.07303e-06 	-0.000257127 	0.211003
0.00170569 	-2.07303e-06 	-0.000257127 	0.211003
0.00175585 	-1.92868e-06 	-0.000269422 	0.212684
0.00175585 	-1.92868e-06 	-0.000269422 	0.212684
0.00180602 	-1.78326e-06 	-0.000281649 	0.214329
0.00180602 	-1.78326e-06 	-0.000281649 	0.214329
0.00185619 	-1.63637e-06 	-0.000293745 	0.215919
0.00185619 	-1.63637e-06 	-0.000293745 	0.215919
0.00190635 	-1.48828e-06 	-0.000305674 	0.217465
0.00190635 	-1.48828e-06 	-0.000305674 	0.217465
0.00195652 	-1.33945e-06 	-0.000317486 	0.218983
0.00195652 	-1.33945e-06 	-0.000317486 	0.218983
0.00200669 	-1.18938e-06 	-0.000329056 	0.220453
0.00200669 	-1.18938e-06 	-0.000329056 	0.220453
0.00205686 	-1.03846e-06 	-0.000340413 	0.221891
0.00210702 	-8.86984e-07 	-0.000351627 	0.223307
0.00210702 	-8.86984e-07 	-0.000351627 	0.223307
0.00215719 	-7.34191e-07 	-0.000362439 	0.224675
0.00220736 	-5.8089e-07 	-0.000373075 	0.226025
0.00225753 	-4.26775e-07 	-0.000383429 	0.227346
0.00225753 	-4.26775e-07 	-0.000383429 	0.227346
0.00230769 	-2.71669e-07 	-0.000393415 	0.228635
0.00230769 	-2.71669e-07 	-0.000393415 	0.228635
0.00235786 	-1.16131e-07 	-0.000403239 	0.229911
0.00235786 	-1.16131e-07 	-0.000403239 	0.229911
0.00240803 	4.07814e-08 	-0.00041254 	0.231146
0.00240803 	4.07814e-08 	-0.00041254 	0.231146
0.00245819 	1.9821e-07 	-0.000421649 	0.232368
0.00245819 	1.9821e-07 	-0.000421649 	0.232368
0.00250836 	3.56686e-07 	-0.000430367 	0.233563
0.00250836 	3.56686e-07 	-0.000430367 	0.233563
0.00255853 	5.16168e-07 	-0.000438725 	0.234734
0.0026087 	6.76366e-07 	-0.000446828 	0.23589
0.0026087 	6.76366e-07 	-0.000446828 	0.23589
0.00265886 	8.38101e-07 	-0.000454412 	0.237013
0.00270903 	1.0002e-06 	-0.000461874 	0.23813
0.00270903 	1.0002e-06 	-0.000461874 	0.23813
0.0027592 	1.16439e-06 	-0.000468671 	0.239207
0.00280936 	1.32895e-06 	-0.00047536 	0.240279
0.00280936 	1.32895e-06 	-0.00047536 	0.240279
0.00285953 	1.49545e-06 	-0.000481476 	0.241318
0.00285953 	1.49545e-06 	-0.000481476 	0.241318
0.0029097 	1.66266e-06 	-0.000487396 	0.242347
0.0029097 	1.66266e-06 	-0.000487396 	0.242347
0.00295987 	1.8317e-06 	-0.000492825 	0.243348
0.00295987 	1.8317e-06 	-0.000492825 	0.243348
0.00301003 	2.00181e-06 	-0.000497999 	0.244334
0.0030602 	2.17369e-06 	-0.000502751 	0.245297
0.00311037 	2.34696e-06 	-0.000507222 	0.246244
0.00311037 	2.34696e-06 	-0.000507222 	0.246244
0.00316054 	2.52205e-06 	-0.000511325 	0.247169
0.00316054 	2.52205e-06 	-0.000511325 	0.247169
0.00326087 	2.87755e-06 	-0.000518648 	0.248964
0.00326087 	2.87755e-06 	-0.000518648 	0.248964
0.00331104 	3.05808e-06 	-0.000521897 	0.249834
0.0033612 	3.24085e-06 	-0.000524838 	0.250683
0.0033612 	3.24085e-06 	-0.000524838 	0.250683
0.00341137 	3.42526e-06 	-0.000527581 	0.251517
0.00341137 	3.42526e-06 	-0.000527581 	0.251517
0.00346154 	3.61217e-06 	-0.000530024 	0.252328
0.00346154 	3.61217e-06 	-0.000530024 	0.252328
0.00351171 	3.80032e-06 	-0.000532331 	0.253127
0.00356187 	3.99121e-06 	-0.000534337 	0.253901
0.00356187 	3.99121e-06 	-0.000534337 	0.253901
0.00361204 	4.18282e-06 	-0.00053627 	0.254668
0.00366221 	4.37755e-06 	-0.000537892 	0.255406
0.00366221 	4.37755e-06 	-0.000537892 	0.255406
0.00371237 	4.57239e-06 	-0.000539505 	0.256144
0.00371237 	4.57239e-06 	-0.000539505 	0.256144
0.00376254 	4.77111e-06 	-0.000540792 	0.256849
0.00376254 	4.77111e-06 	-0.000540792 	0.256849
0.00381271 	4.96983e-06 	-0.000542078 	0.257555
0.00381271 	4.96983e-06 	-0.000542078 	0.257555
0.00386288 	5.17209e-06 	-0.000543118 	0.258234
0.00391304 	5.37507e-06 	-0.000544108 	0.258907
0.00391304 	5.37507e-06 	-0.000544108 	0.258907
0.00396321 	5.58057e-06 	-0.000544942 	0.259561
0.00401338 	5.78779e-06 	-0.000545669 	0.260203
0.00401338 	5.78779e-06 	-0.000545669 	0.260203
0.00406355 	5.99624e-06 	-0.000546325 	0.260834
0.00406355 	5.99624e-06 	-0.000546325 	0.260834
0.00411371 	6.20737e-06 	-0.000546826 	0.261443
0.00411371 	6.20737e-06 	-0.000546826 	0.261443
0.00421405 	6.63301e-06 	-0.000547637 	0.262629
0.00421405 	6.63301e-06 	-0.000547637 	0.262629
0.00426421 	6.84755e-06 	-0.000547947 	0.263206
0.00426421 	6.84755e-06 	-0.000547947 	0.263206
0.00431438 	7.06387e-06 	-0.00054816 	0.263762
0.00431438 	7.06387e-06 	-0.00054816 	0.263762
0.00436455 	7.28123e-06 	-0.000548316 	0.264306
0.00436455 	7.28123e-06 	-0.000548316 	0.264306
0.00441472 	7.49909e-06 	-0.000548445 	0.264843
0.00441472 	7.49909e-06 	-0.000548445 	0.264843
0.00446488 	7.71859e-06 	-0.000548483 	0.265355
0.00446488 	7.71859e-06 	-0.000548483 	0.265355
0.00451505 	7.93809e-06 	-0.000548521 	0.265867
0.00451505 	7.93809e-06 	-0.000548521 	0.265867
0.00456522 	8.15865e-06 	-0.000548496 	0.266353
0.00456522 	8.15865e-06 	-0.000548496 	0.266353
0.00461538 	8.3795e-06 	-0.000548452 	0.266832
0.00461538 	8.3795e-06 	-0.000548452 	0.266832
0.00466555 	8.60049e-06 	-0.000548395 	0.267302
0.00471572 	8.82178e-06 	-0.000548303 	0.267748
0.00476589 	9.04308e-06 	-0.000548212 	0.268195
0.00476589 	9.04308e-06 	-0.000548212 	0.268195
0.00486622 	9.48474e-06 	-0.000548002 	0.269031
0.00486622 	9.48474e-06 	-0.000548002 	0.269031
0.00491639 	9.70524e-06 	-0.000547897 	0.269439
0.00496656 	9.92443e-06 	-0.000547803 	0.26982
0.00496656 	9.92443e-06 	-0.000547803 	0.26982
0.00501672 	1.01436e-05 	-0.000547708 	0.270202
0.00506689 	1.03613e-05 	-0.000547634 	0.270565
0.00511706 	1.05778e-05 	-0.000547577 	0.270914
0.00511706 	1.05778e-05 	-0.000547577 	0.270914
0.00521739 	1.10072e-05 	-0.00054751 	0.271584
0.00521739 	1.10072e-05 	-0.00054751 	0.271584
0.00526756 	1.12197e-05 	-0.000547508 	0.271901
0.00526756 	1.12197e-05 	-0.000547508 	0.271901
0.00531773 	1.14313e-05 	-0.000547517 	0.272213
0.00536789 	1.16385e-05 	-0.000547583 	0.272498
0.00536789 	1.16385e-05 	-0.000547583 	0.272498
0.00541806 	1.18457e-05 	-0.000547649 	0.272783
0.00546823 	1.20502e-05 	-0.000547744 	0.273056
0.00551839 	1.22505e-05 	-0.000547886 	0.27331
0.00551839 	1.22505e-05 	-0.000547886 	0.27331
0.00556856 	1.24508e-05 	-0.000548027 	0.273564
0.00556856 	1.24508e-05 	-0.000548027 	0.273564
0.0056689 	1.28381e-05 	-0.000548428 	0.274023
0.0056689 	1.28381e-05 	-0.000548428 	0.274023
0.00571906 	1.30298e-05 	-0.000548646 	0.274246
0.00576923 	1.32144e-05 	-0.000548911 	0.274449
0.00576923 	1.32144e-05 	-0.000548911 	0.274449
0.0058194 	1.33957e-05 	-0.000549199 	0.274642
0.0058194 	1.33957e-05 	-0.000549199 	0.274642
0.00591973 	1.37488e-05 	-0.000549817 	0.275006
0.00591973 	1.37488e-05 	-0.000549817 	0.275006
0.0059699 	1.39177e-05 	-0.000550162 	0.275171
0.0059699 	1.39177e-05 	-0.000550162 	0.275171
0.00602007 	1.40866e-05 	-0.000550508 	0.275335
0.00607023 	1.42441e-05 	-0.000550885 	0.275478
0.0061204 	1.43987e-05 	-0.000551271 	0.275614
0.0061204 	1.43987e-05 	-0.000551271 	0.275614
0.00617057 	1.45533e-05 	-0.000551657 	0.275751
0.00622074 	1.46954e-05 	-0.000552059 	0.275867
0.00622074 	1.46954e-05 	-0.000552059 	0.275867
0.0062709 	1.48338e-05 	-0.000552467 	0.275977
0.00632107 	1.49721e-05 	-0.000552874 	0.276086
0.00632107 	1.49721e-05 	-0.000552874 	0.276086
0.00637124 	1.5098e-05 	-0.000553281 	0.276178
0.00637124 	1.5098e-05 	-0.000553281 	0.276178
0.0064214 	1.5218e-05 	-0.000553689 	0.276262
0.0064214 	1.5218e-05 	-0.000553689 	0.276262
0.00647157 	1.5338e-05 	-0.000554096 	0.276346
0.00647157 	1.5338e-05 	-0.000554096 	0.276346
0.00652174 	1.54469e-05 	-0.000554498 	0.276415
0.00657191 	1.55463e-05 	-0.000554893 	0.276474
0.00657191 	1.55463e-05 	-0.000554893 	0.276474
0.00662207 	1.56457e-05 	-0.000555289 	0.276532
0.00667224 	1.5737e-05 	-0.000555671 	0.276582
0.00672241 	1.58131e-05 	-0.00055603 	0.276615
0.00672241 	1.58131e-05 	-0.00055603 	0.276615
0.00677258 	1.58893e-05 	-0.000556389 	0.276649
0.00682274 	1.59628e-05 	-0.000556742 	0.27668
0.00682274 	1.59628e-05 	-0.000556742 	0.27668
0.00687291 	1.60129e-05 	-0.000557038 	0.276689
0.00687291 	1.60129e-05 	-0.000557038 	0.276689
0.00692308 	1.60629e-05 	-0.000557335 	0.276698
0.00697324 	1.61129e-05 	-0.000557631 	0.276708
0.00702341 	1.614e-05 	-0.000557874 	0.276698
0.00707358 	1.61609e-05 	-0.000558103 	0.276683
0.00707358 	1.61609e-05 	-0.000558103 	0.276683
0.00717391 	1.61896e-05 	-0.000558517 	0.276642
0.00717391 	1.61896e-05 	-0.000558517 	0.276642
0.00722408 	1.61792e-05 	-0.000558642 	0.276603
0.00722408 	1.61792e-05 	-0.000558642 	0.276603
0.00727425 	1.61688e-05 	-0.000558767 	0.276564
0.00727425 	1.61688e-05 	-0.000558767 	0.276564
0.00732441 	1.61583e-05 	-0.000558893 	0.276525
0.00732441 	1.61583e-05 	-0.000558893 	0.276525
0.00737458 	1.61159e-05 	-0.000558913 	0.276463
0.00737458 	1.61159e-05 	-0.000558913 	0.276463
0.00742475 	1.60731e-05 	-0.000558933 	0.2764
0.00747492 	1.60303e-05 	-0.000558953 	0.276337
0.00752508 	1.59712e-05 	-0.000558926 	0.276262
0.00752508 	1.59712e-05 	-0.000558926 	0.276262
0.00757525 	1.58956e-05 	-0.000558851 	0.276176
0.00762542 	1.582e-05 	-0.000558776 	0.276089
0.00767559 	1.57442e-05 	-0.0005587 	0.276002
0.00767559 	1.57442e-05 	-0.0005587 	0.276002
0.00772575 	1.56368e-05 	-0.0005585 	0.275891
0.00777592 	1.55295e-05 	-0.0005583 	0.275781
0.00777592 	1.55295e-05 	-0.0005583 	0.275781
0.00782609 	1.54221e-05 	-0.000558101 	0.27567
0.00787625 	1.52979e-05 	-0.000557837 	0.275546
0.00787625 	1.52979e-05 	-0.000557837 	0.275546
0.00792642 	1.51615e-05 	-0.000557528 	0.275412
0.00797659 	1.50251e-05 	-0.000557219 	0.275278
0.00802676 	1.48831e-05 	-0.000556885 	0.275139
0.00802676 	1.48831e-05 	-0.000556885 	0.275139
0.00807692 	1.47205e-05 	-0.000556461 	0.274982
0.00807692 	1.47205e-05 	-0.000556461 	0.274982
0.00812709 	1.45579e-05 	-0.000556037 	0.274825
0.00817726 	1.43953e-05 	-0.000555612 	0.274668
0.00817726 	1.43953e-05 	-0.000555612 	0.274668
0.00822742 	1.42124e-05 	-0.000555068 	0.274491
0.00827759 	1.40272e-05 	-0.000554511 	0.274311
0.00827759 	1.40272e-05 	-0.000554511 	0.274311
0.00832776 	1.38421e-05 	-0.000553953 	0.274131
0.00832776 	1.38421e-05 	-0.000553953 	0.274131
0.00837793 	1.36446e-05 	-0.000553316 	0.273937
0.00842809 	1.34403e-05 	-0.000552635 	0.273735
0.00842809 	1.34403e-05 	-0.000552635 	0.273735
0.00847826 	1.32361e-05 	-0.000551955 	0.273533
0.00847826 	1.32361e-05 	-0.000551955 	0.273533
0.0085786 	1.28044e-05 	-0.000550416 	0.273096
0.0085786 	1.28044e-05 	-0.000550416 	0.273096
0.00862876 	1.25842e-05 	-0.000549613 	0.272871
0.00867893 	1.23598e-05 	-0.000548772 	0.272639
0.0087291 	1.21264e-05 	-0.000547849 	0.272392
0.00877926 	1.1893e-05 	-0.000546926 	0.272145
0.00882943 	1.16571e-05 	-0.000545975 	0.271892
0.0088796 	1.1413e-05 	-0.000544933 	0.271623
0.0088796 	1.1413e-05 	-0.000544933 	0.271623
0.00892977 	1.1169e-05 	-0.000543891 	0.271353
0.00892977 	1.1169e-05 	-0.000543891 	0.271353
0.00897993 	1.09232e-05 	-0.000542825 	0.271079
0.00897993 	1.09232e-05 	-0.000542825 	0.271079
0.0090301 	1.06708e-05 	-0.000541666 	0.270786
0.00908027 	1.04184e-05 	-0.000540506 	0.270494
0.00908027 	1.04184e-05 	-0.000540506 	0.270494
0.00913043 	1.01646e-05 	-0.00053932 	0.270196
0.0091806 	9.90585e-06 	-0.000538044 	0.269881
0.0091806 	9.90585e-06 	-0.000538044 	0.269881
0.00923077 	9.64713e-06 	-0.000536768 	0.269566
0.00928094 	9.387e-06 	-0.000535455 	0.269244
0.00928094 	9.387e-06 	-0.000535455 	0.269244
0.0093311 	9.12374e-06 	-0.000534062 	0.268906
0.00938127 	8.86048e-06 	-0.000532668 	0.268568
0.00938127 	8.86048e-06 	-0.000532668 	0.268568
0.00943144 	8.59592e-06 	-0.000531223 	0.26822
0.00943144 	8.59592e-06 	-0.000531223 	0.26822
0.00948161 	8.32969e-06 	-0.000529711 	0.267859
0.00948161 	8.32969e-06 	-0.000529711 	0.267859
0.00953177 	8.06346e-06 	-0.000528199 	0.267498
0.00953177 	8.06346e-06 	-0.000528199 	0.267498
0.00958194 	7.79624e-06 	-0.000526613 	0.267122
0.00958194 	7.79624e-06 	-0.000526613 	0.267122
0.00963211 	7.52842e-06 	-0.000524981 	0.266737
0.00968227 	7.2606e-06 	-0.00052335 	0.266352
0.00968227 	7.2606e-06 	-0.00052335 	0.266352
0.00973244 	6.99243e-06 	-0.000521614 	0.265947
0.00978261 	6.72421e-06 	-0.000519861 	0.265539
0.00978261 	6.72421e-06 	-0.000519861 	0.265539
0.00983278 	6.45606e-06 	-0.000518091 	0.265127
0.00983278 	6.45606e-06 	-0.000518091 	0.265127
0.00988294 	6.18847e-06 	-0.000516212 	0.264694
0.00993311 	5.92089e-06 	-0.000514333 	0.264261
0.00993311 	5.92089e-06 	-0.000514333 	0.264261
0.00998328 	5.65399e-06 	-0.000512397 	0.263816
0.0100334 	5.38795e-06 	-0.000510389 	0.263358
0.0100836 	5.1219e-06 	-0.000508381 	0.2629
0.0100836 	5.1219e-06 	-0.000508381 	0.2629
0.0101338 	4.85776e-06 	-0.000506264 	0.262421
0.0101839 	4.59403e-06 	-0.000504123 	0.261937
0.0101839 	4.59403e-06 	-0.000504123 	0.261937
0.0102341 	4.33103e-06 	-0.000501949 	0.261448
0.0102341 	4.33103e-06 	-0.000501949 	0.261448
0.0102843 	4.07029e-06 	-0.000499669 	0.260938
0.0103344 	3.80955e-06 	-0.00049739 	0.260428
0.0103344 	3.80955e-06 	-0.00049739 	0.260428
0.0103846 	3.55133e-06 	-0.000495008 	0.259899
0.0103846 	3.55133e-06 	-0.000495008 	0.259899
0.0104348 	3.29415e-06 	-0.000492584 	0.259363
0.0104348 	3.29415e-06 	-0.000492584 	0.259363
0.0104849 	3.03786e-06 	-0.000490126 	0.25882
0.0104849 	3.03786e-06 	-0.000490126 	0.25882
0.0105351 	2.78476e-06 	-0.00048755 	0.258255
0.0105853 	2.53166e-06 	-0.000484975 	0.257691
0.0105853 	2.53166e-06 	-0.000484975 	0.257691
0.0106856 	2.03346e-06 	-0.000479541 	0.256511
0.0106856 	2.03346e-06 	-0.000479541 	0.256511
0.0107358 	1.78668e-06 	-0.000476745 	0.255907
0.010786 	1.543e-06 	-0.000473843 	0.255285
0.010786 	1.543e-06 	-0.000473843 	0.255285
0.0108361 	1.29935e-06 	-0.00047094 	0.254662
0.0108863 	1.06091e-06 	-0.000467863 	0.254008
0.0108863 	1.06091e-06 	-0.000467863 	0.254008
0.0109365 	8.22463e-07 	-0.000464787 	0.253354
0.0109365 	8.22463e-07 	-0.000464787 	0.253354
0.0109866 	5.8783e-07 	-0.000461585 	0.252679
0.0110368 	3.54935e-07 	-0.000458326 	0.251993
0.0110368 	3.54935e-07 	-0.000458326 	0.251993
0.011087 	1.24419e-07 	-0.000454988 	0.251294
0.011087 	1.24419e-07 	-0.000454988 	0.251294
0.0111371 	-1.02646e-07 	-0.000451536 	0.250574
0.0111873 	-3.28678e-07 	-0.000448048 	0.249849
0.0111873 	-3.28678e-07 	-0.000448048 	0.249849
0.0112375 	-5.49645e-07 	-0.000444387 	0.249095
0.0112876 	-7.70612e-07 	-0.000440727 	0.248341
0.0112876 	-7.70612e-07 	-0.000440727 	0.248341
0.0113378 	-9.85406e-07 	-0.000436847 	0.247551
0.0113378 	-9.85406e-07 	-0.000436847 	0.247551
0.011388 	-1.20001e-06 	-0.00043296 	0.24676
0.0114381 	-1.4093e-06 	-0.000428867 	0.245937
0.0114381 	-1.4093e-06 	-0.000428867 	0.245937
0.0114883 	-1.61734e-06 	-0.000424725 	0.245107
0.0115385 	-1.82085e-06 	-0.000420381 	0.244246
0.0115385 	-1.82085e-06 	-0.000420381 	0.244246
0.0115886 	-2.02231e-06 	-0.000415943 	0.243372
0.0116388 	-2.21993e-06 	-0.000411299 	0.242468
0.0116388 	-2.21993e-06 	-0.000411299 	0.242468
0.011689 	-2.41503e-06 	-0.000406519 	0.241546
0.0117391 	-2.60683e-06 	-0.000401521 	0.240595
0.0117893 	-2.79598e-06 	-0.000396347 	0.239621
0.0118395 	-2.98208e-06 	-0.000390936 	0.238615
0.0118395 	-2.98208e-06 	-0.000390936 	0.238615
0.0118896 	-3.16558e-06 	-0.000385324 	0.237583
0.0119398 	-3.34589e-06 	-0.00037945 	0.236515
0.0119398 	-3.34589e-06 	-0.00037945 	0.236515
0.01199 	-3.52373e-06 	-0.000373373 	0.23542
0.0120401 	-3.69797e-06 	-0.000366999 	0.234283
0.0120401 	-3.69797e-06 	-0.000366999 	0.234283
0.0120903 	-3.87003e-06 	-0.000360444 	0.233121
0.0120903 	-3.87003e-06 	-0.000360444 	0.233121
0.0121906 	-4.20407e-06 	-0.000346505 	0.230674
0.0121906 	-4.20407e-06 	-0.000346505 	0.230674
0.0122408 	-4.36528e-06 	-0.000339059 	0.229376
0.012291 	-4.52555e-06 	-0.000331535 	0.228066
0.012291 	-4.52555e-06 	-0.000331535 	0.228066
0.0123411 	-4.6799e-06 	-0.000323528 	0.226674
0.0123913 	-4.8331e-06 	-0.00031543 	0.225265
0.0123913 	-4.8331e-06 	-0.00031543 	0.225265
0.0124415 	-4.98148e-06 	-0.000306948 	0.223787
0.0124415 	-4.98148e-06 	-0.000306948 	0.223787
0.0124916 	-5.12737e-06 	-0.000298276 	0.222271
0.0124916 	-5.12737e-06 	-0.000298276 	0.222271
0.0125418 	-5.26974e-06 	-0.000289334 	0.220702
0.012592 	-5.40803e-06 	-0.000280102 	0.219068
0.0126421 	-5.54432e-06 	-0.000270728 	0.217402
0.0126421 	-5.54432e-06 	-0.000270728 	0.217402
0.0126923 	-5.67471e-06 	-0.000260974 	0.21564
0.0127425 	-5.80311e-06 	-0.00025111 	0.213844
0.0127425 	-5.80311e-06 	-0.00025111 	0.213844
0.0127926 	-5.92692e-06 	-0.000240992 	0.211971
0.0128428 	-6.04673e-06 	-0.000230699 	0.210028
0.0128428 	-6.04673e-06 	-0.000230699 	0.210028
0.0129431 	-6.27476e-06 	-0.000209684 	0.205942
0.0129431 	-6.27476e-06 	-0.000209684 	0.205942
0.0129933 	-6.38265e-06 	-0.000199016 	0.203792
0.0130435 	-6.48629e-06 	-0.000188268 	0.201567
0.0130435 	-6.48629e-06 	-0.000188268 	0.201567
0.0131438 	-6.67801e-06 	-0.000166698 	0.196844
0.0131438 	-6.67801e-06 	-0.000166698 	0.196844
0.013194 	-6.76654e-06 	-0.000155945 	0.194354
0.0132441 	-6.84869e-06 	-0.000145293 	0.191755
0.0132441 	-6.84869e-06 	-0.000145293 	0.191755
0.0132943 	-6.92639e-06 	-0.000134732 	0.189079
0.0133445 	-6.99765e-06 	-0.000124328 	0.186295
0.0133445 	-6.99765e-06 	-0.000124328 	0.186295
0.0133946 	-7.06094e-06 	-0.00011417 	0.183379
0.0133946 	-7.06094e-06 	-0.00011417 	0.183379
0.0134448 	-7.11842e-06 	-0.00010421 	0.180369
0.0134448 	-7.11842e-06 	-0.00010421 	0.180369
0.013495 	-7.16938e-06 	-9.4482e-05 	0.177253
0.0135452 	-7.20912e-06 	-8.51868e-05 	0.17396
0.0135452 	-7.20912e-06 	-8.51868e-05 	0.17396
0.0135953 	-7.24118e-06 	-7.62025e-05 	0.170547
0.0135953 	-7.24118e-06 	-7.62025e-05 	0.170547
0.0136455 	-7.26493e-06 	-6.75562e-05 	0.167003
0.0136455 	-7.26493e-06 	-6.75562e-05 	0.167003
0.0136957 	-7.27805e-06 	-5.93461e-05 	0.163294
0.0136957 	-7.27805e-06 	-5.93461e-05 	0.163294
0.0137458 	-7.27753e-06 	-5.1684e-05 	0.159376
0.013796 	-7.26547e-06 	-4.44709e-05 	0.155286
0.013796 	-7.26547e-06 	-4.44709e-05 	0.155286
0.0138462 	-7.24074e-06 	-3.77368e-05 	0.15101
0.0138462 	-7.24074e-06 	-3.77368e-05 	0.15101
0.0138963 	-7.20205e-06 	-3.15119e-05 	0.146533
0.0139465 	-7.14274e-06 	-2.59866e-05 	0.141767
0.0139465 	-7.14274e-06 	-2.59866e-05 	0.141767
0.0139967 	-7.06542e-06 	-2.10179e-05 	0.136755
0.0139967 	-7.06542e-06 	-2.10179e-05 	0.136755
0.0140468 	-6.9687e-06 	-1.66045e-05 	0.131482
0.0140468 	-6.9687e-06 	-1.66045e-05 	0.131482
0.014097 	-6.85065e-06 	-1.27545e-05 	0.125929
0.0141472 	-6.70924e-06 	-9.46723e-06 	0.12007
0.0141472 	-6.70924e-06 	-9.46723e-06 	0.12007
0.0141973 	-6.54236e-06 	-6.72816e-06 	0.113881
0.0142475 	-6.34262e-06 	-4.57885e-06 	0.107261
0.0142977 	-6.11075e-06 	-2.88713e-06 	0.100227
0.0142977 	-6.11075e-06 	-2.88713e-06 	0.100227
0.0143478 	-5.8437e-06 	-1.60757e-06 	0.0927708
0.014398 	-5.53891e-06 	-6.99767e-07 	0.0849108
0.014398 	-5.53891e-06 	-6.99767e-07 	0.0849108
0.0144482 	-5.19502e-06 	-1.13926e-07 	0.0767061
0.0144983 	-4.81218e-06 	2.10447e-07 	0.068261
0.0144983 	-4.81218e-06 	2.10447e-07 	0.068261
0.0145485 	-4.39234e-06 	3.40844e-07 	0.0597251
0.0145485 	-4.39234e-06 	3.40844e-07 	0.0597251
0.0145987 	-3.93932e-06 	3.4512e-07 	0.0512774
0.0146488 	-3.45866e-06 	2.83073e-07 	0.0430973
0.014699 	-2.95741e-06 	1.99238e-07 	0.0353312
0.014699 	-2.95741e-06 	1.99238e-07 	0.0353312
0.0147492 	-2.44431e-06 	1.20375e-07 	0.0280732
0.0147993 	-1.93177e-06 	5.89048e-08 	0.021367
0.0147993 	-1.93177e-06 	5.89048e-08 	0.021367
0.0148495 	-1.44166e-06 	1.58142e-08 	0.0152215
0.0148495 	-1.44166e-06 	1.58142e-08 	0.0152215
0.0148997 	-9.92268e-07 	-5.49329e-09 	0.0096268
0.0148997 	-9.92268e-07 	-5.49329e-09 	0.0096268
0.0149498 	-5.43568e-07 	-9.10906e-09 	0.00456549
0.0149498 	-5.43568e-07 	-9.10906e-09 	0.00456549
0.015 	0 	0 	0
0.015 	0 	0 	0
