-0.0075 	0 	0 	0
-0.0075 	1.72066e-21 	-3.22341e-22 	1.43577e-18
-0.00745622 	-1.11107e-05 	2.08144e-06 	-0.00927114
-0.00745622 	-1.11107e-05 	2.08144e-06 	-0.00927114
-0.00741165 	-2.22344e-05 	7.39449e-06 	-0.0187409
-0.00741165 	-2.22344e-05 	7.39449e-06 	-0.0187409
-0.00736628 	-3.34704e-05 	1.62512e-05 	-0.0283985
-0.00736628 	-3.34704e-05 	1.62512e-05 	-0.0283985
-0.0073201 	-4.4855e-05 	2.85969e-05 	-0.0381882
-0.0073201 	-4.4855e-05 	2.85969e-05 	-0.0381882
-0.00727309 	-5.64772e-05 	4.41762e-05 	-0.0480516
-0.00727309 	-5.64772e-05 	4.41762e-05 	-0.0480516
-0.00722524 	-6.84482e-05 	6.27751e-05 	-0.05793
-0.00722524 	-6.84482e-05 	6.27751e-05 	-0.05793
-0.00717653 	-8.08717e-05 	8.41521e-05 	-0.0677671
-0.00717653 	-8.08717e-05 	8.41521e-05 	-0.0677671
-0.00712695 	-9.38232e-05 	0.000108045 	-0.077512
-0.00712695 	-9.38232e-05 	0.000108045 	-0.077512
-0.00707647 	-0.000107335 	0.000134184 	-0.0871224
-0.00707647 	-0.000107335 	0.000134184 	-0.0871224
-0.0070251 	-0.000121381 	0.000162308 	-0.0965662
-0.0070251 	-0.000121381 	0.000162308 	-0.0965662
-0.0069728 	-0.000135873 	0.000192185 	-0.105823
-0.0069728 	-0.000135873 	0.000192185 	-0.105823
-0.00691956 	-0.000150644 	0.000223625 	-0.114881
-0.00691956 	-0.000150644 	0.000223625 	-0.114881
-0.00686537 	-0.00016545 	0.000256482 	-0.123738
-0.00686537 	-0.00016545 	0.000256482 	-0.123738
-0.00681021 	-0.000179951 	0.000290648 	-0.132394
-0.00681021 	-0.000179951 	0.000290648 	-0.132394
-0.00675406 	-0.000193713 	0.000326045 	-0.14085
-0.00675406 	-0.000193713 	0.000326045 	-0.14085
-0.0066969 	-0.000206212 	0.000362612 	-0.149106
-0.0066969 	-0.000206212 	0.000362612 	-0.149106
-0.00663871 	-0.000216838 	0.000400281 	-0.157158
-0.00663871 	-0.000216838 	0.000400281 	-0.157158
-0.00657949 	-0.000224917 	0.000438964 	-0.164998
-0.00657949 	-0.000224917 	0.000438964 	-0.164998
-0.0065192 	-0.000229748 	0.000478536 	-0.172614
-0.0065192 	-0.000229748 	0.000478536 	-0.172614
-0.00645783 	-0.00023064 	0.000518825 	-0.179987
-0.00645783 	-0.00023064 	0.000518825 	-0.179987
-0.00639535 	-0.000226971 	0.000559617 	-0.187098
-0.00639535 	-0.000226971 	0.000559617 	-0.187098
-0.00633176 	-0.000218237 	0.000600651 	-0.193924
-0.00633176 	-0.000218237 	0.000600651 	-0.193924
-0.00626703 	-0.000204109 	0.000641628 	-0.200442
-0.00626703 	-0.000204109 	0.000641628 	-0.200442
-0.00620114 	-0.000184476 	0.000682222 	-0.20663
-0.00620114 	-0.000184476 	0.000682222 	-0.20663
-0.00613406 	-0.000159473 	0.00072208 	-0.212467
-0.00613406 	-0.000159473 	0.00072208 	-0.212467
-0.00606579 	-0.000129495 	0.00076084 	-0.217936
-0.00606579 	-0.000129495 	0.00076084 	-0.217936
-0.00599629 	-9.51874e-05 	0.000798132 	-0.22302
-0.00599629 	-9.51874e-05 	0.000798132 	-0.22302
-0.00592554 	-5.74179e-05 	0.000833587 	-0.22771
-0.00592554 	-5.74179e-05 	0.000833587 	-0.22771
-0.00585352 	-1.72315e-05 	0.000866848 	-0.231999
-0.00585352 	-1.72315e-05 	0.000866848 	-0.231999
-0.00578022 	2.42087e-05 	0.000897574 	-0.235884
-0.00578022 	2.42087e-05 	0.000897574 	-0.235884
-0.00570559 	6.56894e-05 	0.000925454 	-0.239369
-0.00570559 	6.56894e-05 	0.000925454 	-0.239369
-0.00562963 	0.000106017 	0.00095021 	-0.242462
-0.00562963 	0.000106017 	0.00095021 	-0.242462
-0.00555231 	0.000144081 	0.000971608 	-0.245173
-0.00555231 	0.000144081 	0.000971608 	-0.245173
-0.0054736 	0.000178912 	0.000989462 	-0.247521
-0.0054736 	0.000178912 	0.000989462 	-0.247521
-0.00539348 	0.000209719 	0.00100364 	-0.249526
-0.00539348 	0.000209719 	0.00100364 	-0.249526
-0.00531193 	0.000235913 	0.00101407 	-0.25121
-0.00531193 	0.000235913 	0.00101407 	-0.25121
-0.00522891 	0.000257124 	0.00102076 	-0.252601
-0.00522891 	0.000257124 	0.00102076 	-0.252601
-0.0051444 	0.000273217 	0.00102378 	-0.253726
-0.0051444 	0.000273217 	0.00102378 	-0.253726
-0.00505838 	0.000284276 	0.00102328 	-0.254618
-0.00505838 	0.000284276 	0.00102328 	-0.254618
-0.00497081 	0.000290542 	0.00101946 	-0.255308
-0.00497081 	0.000290542 	0.00101946 	-0.255308
-0.00488168 	0.000292383 	0.00101254 	-0.255824
-0.00488168 	0.000292383 	0.00101254 	-0.255824
-0.00479094 	0.000290275 	0.00100279 	-0.256196
-0.00479094 	0.000290275 	0.00100279 	-0.256196
-0.00469858 	0.000284758 	0.000990473 	-0.256449
-0.00469858 	0.000284758 	0.000990473 	-0.256449
-0.00460456 	0.000276392 	0.000975882 	-0.256608
-0.00460456 	0.000276392 	0.000975882 	-0.256608
-0.00450886 	0.000265722 	0.000959292 	-0.256693
-0.00450886 	0.000265722 	0.000959292 	-0.256693
-0.00441144 	0.000253238 	0.000940958 	-0.256722
-0.00441144 	0.000253238 	0.000940958 	-0.256722
-0.00431227 	0.000239362 	0.000921106 	-0.256709
-0.00431227 	0.000239362 	0.000921106 	-0.256709
-0.00421133 	0.000224431 	0.000899932 	-0.256665
-0.00421133 	0.000224431 	0.000899932 	-0.256665
-0.00410857 	0.000208701 	0.000877594 	-0.256599
-0.00410857 	0.000208701 	0.000877594 	-0.256599
-0.00400397 	0.00019236 	0.000854185 	-0.256516
-0.00400397 	0.00019236 	0.000854185 	-0.256516
-0.0038975 	0.00017557 	0.000829764 	-0.25642
-0.0038975 	0.00017557 	0.000829764 	-0.25642
-0.00378912 	0.000158469 	0.000804428 	-0.256316
-0.00378912 	0.000158469 	0.000804428 	-0.256316
-0.00367879 	0.000141076 	0.000778207 	-0.256203
-0.00367879 	0.000141076 	0.000778207 	-0.256203
-0.00356649 	0.000123333 	0.000751038 	-0.256083
-0.00356649 	0.000123333 	0.000751038 	-0.256083
-0.00345217 	0.00010537 	0.000722985 	-0.255956
-0.00345217 	0.00010537 	0.000722985 	-0.255956
-0.0033358 	8.75995e-05 	0.000694218 	-0.255825
-0.0033358 	8.75995e-05 	0.000694218 	-0.255825
-0.00321735 	7.05876e-05 	0.000664901 	-0.255692
-0.00321735 	7.05876e-05 	0.000664901 	-0.255692
-0.00309677 	5.48824e-05 	0.000635181 	-0.25556
-0.00309677 	5.48824e-05 	0.000635181 	-0.25556
-0.00297403 	4.08869e-05 	0.000605131 	-0.255431
-0.00297403 	4.08869e-05 	0.000605131 	-0.255431
-0.00284909 	2.88621e-05 	0.000574785 	-0.255308
-0.00284909 	2.88621e-05 	0.000574785 	-0.255308
-0.0027219 	1.89778e-05 	0.000544162 	-0.255191
-0.0027219 	1.89778e-05 	0.000544162 	-0.255191
-0.00259244 	1.13372e-05 	0.000513273 	-0.25508
-0.00259244 	1.13372e-05 	0.000513273 	-0.25508
-0.00246065 	5.97589e-06 	0.000482171 	-0.254978
-0.00246065 	5.97589e-06 	0.000482171 	-0.254978
-0.00232651 	2.85386e-06 	0.000450854 	-0.254884
-0.00232651 	2.85386e-06 	0.000450854 	-0.254884
-0.00218995 	1.88992e-06 	0.000419223 	-0.254799
-0.00218995 	1.88992e-06 	0.000419223 	-0.254799
-0.00205095 	2.99475e-06 	0.000387254 	-0.254724
-0.00205095 	2.99475e-06 	0.000387254 	-0.254724
-0.00190946 	6.05179e-06 	0.000354929 	-0.254657
-0.00190946 	6.05179e-06 	0.000354929 	-0.254657
-0.00176543 	1.09073e-05 	0.000322203 	-0.254599
-0.00176543 	1.09073e-05 	0.000322203 	-0.254599
-0.00161881 	1.73687e-05 	0.000289121 	-0.254551
-0.00161881 	1.73687e-05 	0.000289121 	-0.254551
-0.00146957 	2.51896e-05 	0.000255739 	-0.254513
-0.00146957 	2.51896e-05 	0.000255739 	-0.254513
-0.00131765 	3.40642e-05 	0.000222083 	-0.254486
-0.00131765 	3.40642e-05 	0.000222083 	-0.254486
-0.001163 	4.36341e-05 	0.000188183 	-0.254469
-0.001163 	4.36341e-05 	0.000188183 	-0.254469
-0.00100559 	5.34992e-05 	0.000154069 	-0.254464
-0.00100559 	5.34992e-05 	0.000154069 	-0.254464
-0.000845345 	6.32334e-05 	0.000119772 	-0.254471
-0.000845345 	6.32334e-05 	0.000119772 	-0.254471
-0.000682232 	7.24027e-05 	8.53142e-05 	-0.254489
-0.000682232 	7.24027e-05 	8.53142e-05 	-0.254489
-0.000516194 	8.0588e-05 	5.07083e-05 	-0.254519
-0.000516194 	8.0588e-05 	5.07083e-05 	-0.254519
-0.000347178 	8.74088e-05 	1.5954e-05 	-0.254561
-0.000347178 	8.74088e-05 	1.5954e-05 	-0.254561
-0.000175132 	9.25485e-05 	-1.89651e-05 	-0.254614
-0.000175132 	9.25485e-05 	-1.89651e-05 	-0.254614
0 	9.57683e-05 	-5.39282e-05 	-0.254679
0 	9.57683e-05 	-5.39282e-05 	-0.254679
0.000175132 	9.69699e-05 	-8.8531e-05 	-0.254753
0.000175132 	9.69699e-05 	-8.8531e-05 	-0.254753
0.000347178 	9.62653e-05 	-0.000122398 	-0.254836
0.000347178 	9.62653e-05 	-0.000122398 	-0.254836
0.000516194 	9.39172e-05 	-0.000155445 	-0.254925
0.000516194 	9.39172e-05 	-0.000155445 	-0.254925
0.000682232 	9.02096e-05 	-0.000187729 	-0.25502
0.000682232 	9.02096e-05 	-0.000187729 	-0.25502
0.000845345 	8.53988e-05 	-0.000219387 	-0.255121
0.000845345 	8.53988e-05 	-0.000219387 	-0.255121
0.00100559 	7.97689e-05 	-0.000250556 	-0.255228
0.00100559 	7.97689e-05 	-0.000250556 	-0.255228
0.001163 	7.36576e-05 	-0.000281248 	-0.255341
0.001163 	7.36576e-05 	-0.000281248 	-0.255341
0.00131765 	6.73748e-05 	-0.000311466 	-0.255458
0.00131765 	6.73748e-05 	-0.000311466 	-0.255458
0.00146957 	6.11497e-05 	-0.000341253 	-0.255581
0.00146957 	6.11497e-05 	-0.000341253 	-0.255581
0.00161881 	5.51377e-05 	-0.00037055 	-0.255707
0.00161881 	5.51377e-05 	-0.00037055 	-0.255707
0.00176543 	4.94017e-05 	-0.000399276 	-0.255837
0.00176543 	4.94017e-05 	-0.000399276 	-0.255837
0.00190946 	4.39164e-05 	-0.000427412 	-0.25597
0.00190946 	4.39164e-05 	-0.000427412 	-0.25597
0.00205095 	3.86223e-05 	-0.000454946 	-0.256105
0.00205095 	3.86223e-05 	-0.000454946 	-0.256105
0.00218995 	3.34628e-05 	-0.000481883 	-0.256243
0.00218995 	3.34628e-05 	-0.000481883 	-0.256243
0.00232651 	2.83952e-05 	-0.000508236 	-0.256383
0.00232651 	2.83952e-05 	-0.000508236 	-0.256383
0.00246065 	2.33952e-05 	-0.000534028 	-0.256525
0.00246065 	2.33952e-05 	-0.000534028 	-0.256525
0.00259244 	1.84606e-05 	-0.000559284 	-0.256669
0.00259244 	1.84606e-05 	-0.000559284 	-0.256669
0.0027219 	1.36151e-05 	-0.000584028 	-0.256815
0.0027219 	1.36151e-05 	-0.000584028 	-0.256815
0.00284909 	8.91323e-06 	-0.000608277 	-0.256963
0.00284909 	8.91323e-06 	-0.000608277 	-0.256963
0.00297403 	4.4463e-06 	-0.00063204 	-0.25711
0.00297403 	4.4463e-06 	-0.00063204 	-0.25711
0.00309677 	3.41527e-07 	-0.000655303 	-0.257257
0.00309677 	3.41527e-07 	-0.000655303 	-0.257257
0.00321735 	-3.27154e-06 	-0.000678048 	-0.2574
0.00321735 	-3.27154e-06 	-0.000678048 	-0.2574
0.0033358 	-6.31317e-06 	-0.000700273 	-0.257538
0.0033358 	-6.31317e-06 	-0.000700273 	-0.257538
0.00345217 	-8.74602e-06 	-0.000721928 	-0.257667
0.00345217 	-8.74602e-06 	-0.000721928 	-0.257667
0.00356649 	-1.04899e-05 	-0.000742932 	-0.257787
0.00356649 	-1.04899e-05 	-0.000742932 	-0.257787
0.00367879 	-1.13442e-05 	-0.000763392 	-0.257897
0.00367879 	-1.13442e-05 	-0.000763392 	-0.257897
0.00378912 	-1.10508e-05 	-0.000783461 	-0.257997
0.00378912 	-1.10508e-05 	-0.000783461 	-0.257997
0.0038975 	-9.42495e-06 	-0.000803093 	-0.258083
0.0038975 	-9.42495e-06 	-0.000803093 	-0.258083
0.00400397 	-6.32658e-06 	-0.000822212 	-0.258153
0.00400397 	-6.32658e-06 	-0.000822212 	-0.258153
0.00410857 	-1.60106e-06 	-0.000840766 	-0.258198
0.00410857 	-1.60106e-06 	-0.000840766 	-0.258198
0.00421133 	4.88601e-06 	-0.000858641 	-0.258211
0.00421133 	4.88601e-06 	-0.000858641 	-0.258211
0.00431227 	1.32165e-05 	-0.000875674 	-0.25818
0.00431227 	1.32165e-05 	-0.000875674 	-0.25818
0.00441144 	2.33955e-05 	-0.000891659 	-0.258088
0.00441144 	2.33955e-05 	-0.000891659 	-0.258088
0.00450886 	3.53245e-05 	-0.000906342 	-0.257916
0.00450886 	3.53245e-05 	-0.000906342 	-0.257916
0.00460456 	4.87769e-05 	-0.000919423 	-0.25764
0.00460456 	4.87769e-05 	-0.000919423 	-0.25764
0.00469858 	6.33816e-05 	-0.000930565 	-0.257231
0.00469858 	6.33816e-05 	-0.000930565 	-0.257231
0.00479094 	7.86191e-05 	-0.000939412 	-0.256659
0.00479094 	7.86191e-05 	-0.000939412 	-0.256659
0.00488168 	9.38342e-05 	-0.000945586 	-0.255889
0.00488168 	9.38342e-05 	-0.000945586 	-0.255889
0.00497081 	0.000108295 	-0.000948716 	-0.254886
0.00497081 	0.000108295 	-0.000948716 	-0.254886
0.00505838 	0.000121259 	-0.000948444 	-0.253612
0.00505838 	0.000121259 	-0.000948444 	-0.253612
0.0051444 	0.000131995 	-0.000944442 	-0.252029
0.0051444 	0.000131995 	-0.000944442 	-0.252029
0.00522891 	0.000139823 	-0.000936457 	-0.250106
0.00522891 	0.000139823 	-0.000936457 	-0.250106
0.00531193 	0.000144194 	-0.000924335 	-0.24781
0.00531193 	0.000144194 	-0.000924335 	-0.24781
0.00539348 	0.00014473 	-0.000908006 	-0.245117
0.00539348 	0.00014473 	-0.000908006 	-0.245117
0.0054736 	0.000141246 	-0.000887483 	-0.242005
0.0054736 	0.000141246 	-0.000887483 	-0.242005
0.00555231 	0.000133761 	-0.000862866 	-0.238456
0.00555231 	0.000133761 	-0.000862866 	-0.238456
0.00562963 	0.000122492 	-0.000834351 	-0.234461
0.00562963 	0.000122492 	-0.000834351 	-0.234461
0.00570559 	0.000107838 	-0.000802215 	-0.230015
0.00570559 	0.000107838 	-0.000802215 	-0.230015
0.00578022 	9.03546e-05 	-0.000766813 	-0.225118
0.00578022 	9.03546e-05 	-0.000766813 	-0.225118
0.00585352 	7.07174e-05 	-0.000728567 	-0.21978
0.00585352 	7.07174e-05 	-0.000728567 	-0.21978
0.00592554 	4.96778e-05 	-0.000687942 	-0.214011
0.00592554 	4.96778e-05 	-0.000687942 	-0.214011
0.00599629 	2.80194e-05 	-0.000645439 	-0.207828
0.00599629 	2.80194e-05 	-0.000645439 	-0.207828
0.00606579 	6.51599e-06 	-0.000601568 	-0.201253
0.00606579 	6.51599e-06 	-0.000601568 	-0.201253
0.00613406 	-1.41052e-05 	-0.000556845 	-0.194308
0.00613406 	-1.41052e-05 	-0.000556845 	-0.194308
0.00620114 	-3.31975e-05 	-0.000511781 	-0.187022
0.00620114 	-3.31975e-05 	-0.000511781 	-0.187022
0.00626703 	-5.0223e-05 	-0.000466877 	-0.179426
0.00626703 	-5.0223e-05 	-0.000466877 	-0.179426
0.00633176 	-6.47732e-05 	-0.000422613 	-0.171556
0.00633176 	-6.47732e-05 	-0.000422613 	-0.171556
0.00639535 	-7.65819e-05 	-0.000379441 	-0.163445
0.00639535 	-7.65819e-05 	-0.000379441 	-0.163445
0.00645783 	-8.5527e-05 	-0.000337776 	-0.155134
0.00645783 	-8.5527e-05 	-0.000337776 	-0.155134
0.0065192 	-9.16242e-05 	-0.000297982 	-0.14666
0.0065192 	-9.16242e-05 	-0.000297982 	-0.14666
0.00657949 	-9.50118e-05 	-0.000260371 	-0.138063
0.00657949 	-9.50118e-05 	-0.000260371 	-0.138063
0.00663871 	-9.59295e-05 	-0.000225198 	-0.129384
0.00663871 	-9.59295e-05 	-0.000225198 	-0.129384
0.0066969 	-9.46918e-05 	-0.000192656 	-0.120663
0.0066969 	-9.46918e-05 	-0.000192656 	-0.120663
0.00675406 	-9.16602e-05 	-0.000162878 	-0.111941
0.00675406 	-9.16602e-05 	-0.000162878 	-0.111941
0.00681021 	-8.7214e-05 	-0.000135936 	-0.103257
0.00681021 	-8.7214e-05 	-0.000135936 	-0.103257
0.00686537 	-8.17249e-05 	-0.000111854 	-0.0946523
0.00686537 	-8.17249e-05 	-0.000111854 	-0.0946523
0.00691956 	-7.5535e-05 	-9.06034e-05 	-0.0861651
0.00691956 	-7.5535e-05 	-9.06034e-05 	-0.0861651
0.0069728 	-6.89391e-05 	-7.21118e-05 	-0.077831
0.0069728 	-6.89391e-05 	-7.21118e-05 	-0.077831
0.0070251 	-6.21723e-05 	-5.6259e-05 	-0.0696796
0.0070251 	-6.21723e-05 	-5.6259e-05 	-0.0696796
0.00707647 	-5.54059e-05 	-4.2886e-05 	-0.0617328
0.00707647 	-5.54059e-05 	-4.2886e-05 	-0.0617328
0.00712695 	-4.87498e-05 	-3.18024e-05 	-0.0540051
0.00712695 	-4.87498e-05 	-3.18024e-05 	-0.0540051
0.00717653 	-4.226e-05 	-2.2797e-05 	-0.0465038
0.00717653 	-4.226e-05 	-2.2797e-05 	-0.0465038
0.00722524 	-3.59496e-05 	-1.56477e-05 	-0.0392302
0.00722524 	-3.59496e-05 	-1.56477e-05 	-0.0392302
0.00727309 	-2.98007e-05 	-1.01311e-05 	-0.0321811
0.00727309 	-2.98007e-05 	-1.01311e-05 	-0.0321811
0.0073201 	-2.37755e-05 	-6.03081e-06 	-0.0253501
0.0073201 	-2.37755e-05 	-6.03081e-06 	-0.0253501
0.00736628 	-1.7826e-05 	-3.14843e-06 	-0.0187288
0.00736628 	-1.7826e-05 	-3.14843e-06 	-0.0187288
0.00741165 	-1.19105e-05 	-1.3043e-06 	-0.0123077
0.00741165 	-1.19105e-05 	-1.3043e-06 	-0.0123077
0.00745622 	-5.99791e-06 	-3.24818e-07 	-0.00607707
0.00745622 	-5.99791e-06 	-3.24818e-07 	-0.00607707
0.0075 	0 	0 	0
0.0075 	0 	0 	0
