0 	0 	0 	0
5.01672e-05 	0.000231546 	-4.92881e-07 	0.0175881
0.000100334 	0.000321195 	-3.76969e-06 	0.0338251
0.000150502 	0.000368023 	-9.50845e-06 	0.0487496
0.000200669 	0.000443201 	-1.84513e-05 	0.0624626
0.000250836 	0.000545672 	-2.97107e-05 	0.075108
0.000301003 	0.000662436 	-4.30827e-05 	0.0868108
0.000351171 	0.000786298 	-5.83322e-05 	0.0976708
0.000401338 	0.000912123 	-7.52596e-05 	0.10776
0.000451505 	0.00103622 	-9.36352e-05 	0.117129
0.000501672 	0.00115612 	-0.000113172 	0.125819
0.000551839 	0.00127016 	-0.000133634 	0.133878
0.000602007 	0.00137726 	-0.000154933 	0.141357
0.000652174 	0.00147664 	-0.000177021 	0.148308
0.000702341 	0.0015677 	-0.000199775 	0.154779
0.000752508 	0.00164998 	-0.000223036 	0.160815
0.000802676 	0.00172318 	-0.000246713 	0.166453
0.000852843 	0.00178564 	-0.000270822 	0.171672
0.00090301 	0.00183879 	-0.000295262 	0.176566
0.000953177 	0.00188276 	-0.000319996 	0.181158
0.00100334 	0.00191776 	-0.000344984 	0.185474
0.00105351 	0.001944 	-0.000370197 	0.189535
0.00110368 	0.0019615 	-0.000395617 	0.193353
0.00115385 	0.00196788 	-0.000421287 	0.196885
0.00120401 	0.00196591 	-0.000447146 	0.200217
0.00125418 	0.0019558 	-0.000473197 	0.203361
0.00130435 	0.00193779 	-0.000499439 	0.206331
0.00135452 	0.00190952 	-0.000525948 	0.209088
0.00140468 	0.00187244 	-0.000552712 	0.211671
0.00145485 	0.00182837 	-0.000579723 	0.214117
0.00150502 	0.00177778 	-0.000606988 	0.216433
0.00155518 	0.00171815 	-0.000634586 	0.218557
0.00160535 	0.00165318 	-0.000662249 	0.220569
0.00165552 	0.0015833 	-0.000689992 	0.222482
0.00170569 	0.00150615 	-0.000717913 	0.22426
0.00175585 	0.00142254 	-0.000746132 	0.225929
0.00180602 	0.00133436 	-0.000774534 	0.22752
0.00185619 	0.00123937 	-0.000803156 	0.229001
0.00190635 	0.0011387 	-0.000831922 	0.230383
0.00195652 	0.00103473 	-0.000860791 	0.231703
0.00200669 	0.000925796 	-0.000889871 	0.232916
0.00205686 	0.000814749 	-0.000919091 	0.234052
0.00210702 	0.000702332 	-0.000948404 	0.235139
0.00215719 	0.00058953 	-0.000977846 	0.23611
0.00220736 	0.000477862 	-0.00100728 	0.23704
0.00225753 	0.000368008 	-0.00103672 	0.237905
0.00230769 	0.000262488 	-0.00106606 	0.238701
0.00235786 	0.00015894 	-0.00109537 	0.239469
0.00240803 	6.31359e-05 	-0.00112451 	0.24016
0.00245819 	-2.94257e-05 	-0.00115359 	0.24083
0.00250836 	-0.000115414 	-0.00118251 	0.241455
0.00255853 	-0.000195143 	-0.00121115 	0.24205
0.0026087 	-0.000270429 	-0.00123958 	0.242622
0.00265886 	-0.000337727 	-0.00126729 	0.243158
0.00270903 	-0.000403128 	-0.00129483 	0.243686
0.0027592 	-0.000460018 	-0.00132159 	0.244177
0.00280936 	-0.0005158 	-0.00134826 	0.244663
0.00285953 	-0.000565711 	-0.00137446 	0.245122
0.0029097 	-0.000614276 	-0.00140046 	0.245575
0.00295987 	-0.000659449 	-0.00142594 	0.246009
0.00301003 	-0.000703575 	-0.0014511 	0.246435
0.0030602 	-0.000745967 	-0.00147572 	0.246847
0.00311037 	-0.000787684 	-0.00149998 	0.24725
0.00316054 	-0.000828521 	-0.00152375 	0.247642
0.0032107 	-0.000868984 	-0.00154712 	0.248025
0.00326087 	-0.000909004 	-0.00157003 	0.248398
0.00331104 	-0.000948809 	-0.00159254 	0.248762
0.0033612 	-0.000988346 	-0.00161457 	0.249115
0.00341137 	-0.00102772 	-0.00163624 	0.24946
0.00346154 	-0.00106684 	-0.00165739 	0.249793
0.00351171 	-0.00110583 	-0.00167827 	0.25012
0.00356187 	-0.00114452 	-0.00169857 	0.250432
0.00361204 	-0.00118313 	-0.00171872 	0.25074
0.00366221 	-0.00122139 	-0.00173823 	0.25103
0.00371237 	-0.00125963 	-0.00175772 	0.25132
0.00376254 	-0.00129749 	-0.0017764 	0.251589
0.00381271 	-0.00133534 	-0.00179508 	0.251859
0.00386288 	-0.00137288 	-0.00181303 	0.252112
0.00391304 	-0.00141035 	-0.00183083 	0.252362
0.00396321 	-0.00144754 	-0.00184821 	0.252602
0.00401338 	-0.00148456 	-0.00186529 	0.252835
0.00406355 	-0.00152142 	-0.00188215 	0.253063
0.00411371 	-0.00155793 	-0.00189854 	0.25328
0.00416388 	-0.00159445 	-0.00191494 	0.253497
0.00421405 	-0.00163061 	-0.0019305 	0.253699
0.00426421 	-0.00166677 	-0.00194605 	0.253902
0.00431438 	-0.0017028 	-0.00196111 	0.254095
0.00436455 	-0.00173876 	-0.00197587 	0.254283
0.00441472 	-0.00177471 	-0.00199048 	0.254468
0.00446488 	-0.0018106 	-0.00200456 	0.254643
0.00451505 	-0.00184649 	-0.00201863 	0.254817
0.00456522 	-0.00188245 	-0.00203221 	0.25498
0.00461538 	-0.00191844 	-0.00204564 	0.255141
0.00466555 	-0.00195447 	-0.00205891 	0.255297
0.00471572 	-0.00199063 	-0.00207178 	0.255444
0.00476589 	-0.00202679 	-0.00208464 	0.255592
0.00481605 	-0.00206312 	-0.00209713 	0.255729
0.00486622 	-0.0020995 	-0.00210949 	0.255863
0.00491639 	-0.00213594 	-0.00212178 	0.255995
0.00496656 	-0.00217262 	-0.00213371 	0.256116
0.00501672 	-0.00220931 	-0.00214564 	0.256237
0.00506689 	-0.0022462 	-0.00215734 	0.256351
0.00511706 	-0.00228326 	-0.00216885 	0.25646
0.00516722 	-0.00232032 	-0.00218036 	0.256569
0.00521739 	-0.00235773 	-0.0021915 	0.256668
0.00526756 	-0.00239519 	-0.00220257 	0.256765
0.00531773 	-0.00243272 	-0.00221357 	0.256861
0.00536789 	-0.00247061 	-0.00222416 	0.256947
0.00541806 	-0.00250851 	-0.00223475 	0.257033
0.00546823 	-0.00254659 	-0.00224513 	0.257115
0.00551839 	-0.00258497 	-0.00225518 	0.257191
0.00556856 	-0.00262335 	-0.00226523 	0.257266
0.00561873 	-0.00266206 	-0.00227496 	0.257335
0.0056689 	-0.00270103 	-0.00228445 	0.2574
0.00571906 	-0.00273999 	-0.00229393 	0.257465
0.00576923 	-0.00277942 	-0.00230303 	0.257523
0.0058194 	-0.00281907 	-0.00231195 	0.257577
0.00586957 	-0.00285872 	-0.00232087 	0.257632
0.00591973 	-0.00289899 	-0.00232937 	0.257678
0.0059699 	-0.00293945 	-0.00233773 	0.257722
0.00602007 	-0.00297992 	-0.00234609 	0.257767
0.00607023 	-0.00302114 	-0.00235402 	0.257803
0.0061204 	-0.00306256 	-0.00236183 	0.257837
0.00617057 	-0.00310398 	-0.00236964 	0.257871
0.00622074 	-0.00314626 	-0.00237704 	0.257897
0.0062709 	-0.00318881 	-0.00238432 	0.257921
0.00632107 	-0.00323135 	-0.00239159 	0.257945
0.00637124 	-0.00327479 	-0.0023985 	0.257962
0.0064214 	-0.00331863 	-0.00240524 	0.257975
0.00647157 	-0.00336248 	-0.00241197 	0.257989
0.00652174 	-0.00340715 	-0.00241843 	0.257997
0.00657191 	-0.00345251 	-0.00242464 	0.258
0.00662207 	-0.00349786 	-0.00243086 	0.258003
0.00667224 	-0.00354382 	-0.00243688 	0.258002
0.00672241 	-0.0035909 	-0.00244256 	0.257994
0.00677258 	-0.00363798 	-0.00244825 	0.257987
0.00682274 	-0.00368526 	-0.00245387 	0.257978
0.00687291 	-0.00373434 	-0.00245893 	0.257959
0.00692308 	-0.00378342 	-0.00246399 	0.25794
0.00697324 	-0.00383249 	-0.00246906 	0.257921
0.00702341 	-0.00388331 	-0.002474 	0.257893
0.00707358 	-0.0039346 	-0.00247891 	0.257863
0.00712375 	-0.00398589 	-0.00248382 	0.257832
0.00717391 	-0.00403786 	-0.00248862 	0.257797
0.00722408 	-0.00409078 	-0.00249326 	0.257755
0.00727425 	-0.0041437 	-0.0024979 	0.257713
0.00732441 	-0.00419662 	-0.00250254 	0.257671
0.00737458 	-0.00425017 	-0.00250627 	0.25762
0.00742475 	-0.00430372 	-0.00250998 	0.257568
0.00747492 	-0.00435727 	-0.0025137 	0.257517
0.00752508 	-0.00441121 	-0.00251693 	0.257461
0.00757525 	-0.00446554 	-0.00251968 	0.257401
0.00762542 	-0.00451987 	-0.00252242 	0.257341
0.00767559 	-0.00457421 	-0.00252516 	0.257281
0.00772575 	-0.0046297 	-0.00252694 	0.25721
0.00777592 	-0.0046852 	-0.00252871 	0.25714
0.00782609 	-0.00474069 	-0.00253048 	0.257069
0.00787625 	-0.00479707 	-0.00253202 	0.256991
0.00792642 	-0.00485409 	-0.00253337 	0.256909
0.00797659 	-0.0049111 	-0.00253473 	0.256826
0.00802676 	-0.00496854 	-0.002536 	0.25674
0.00807692 	-0.00502756 	-0.00253692 	0.256644
0.00812709 	-0.00508657 	-0.00253785 	0.256548
0.00817726 	-0.00514559 	-0.00253878 	0.256452
0.00822742 	-0.0052062 	-0.00253886 	0.256344
0.00827759 	-0.005267 	-0.00253884 	0.256235
0.00832776 	-0.00532779 	-0.00253882 	0.256125
0.00837793 	-0.00538956 	-0.00253823 	0.256007
0.00842809 	-0.00545186 	-0.00253732 	0.255884
0.00847826 	-0.00551415 	-0.00253641 	0.255761
0.00852843 	-0.005577 	-0.00253511 	0.255632
0.0085786 	-0.00564052 	-0.00253333 	0.255495
0.00862876 	-0.00570403 	-0.00253156 	0.255359
0.00867893 	-0.00576784 	-0.00252951 	0.255217
0.0087291 	-0.00583227 	-0.00252688 	0.255066
0.00877926 	-0.00589671 	-0.00252425 	0.254915
0.00882943 	-0.00596128 	-0.00252142 	0.254761
0.0088796 	-0.0060263 	-0.00251793 	0.254595
0.00892977 	-0.00609133 	-0.00251445 	0.254429
0.00897993 	-0.00615641 	-0.00251079 	0.25426
0.0090301 	-0.0062217 	-0.00250646 	0.254078
0.00908027 	-0.006287 	-0.00250213 	0.253897
0.00913043 	-0.00635229 	-0.00249761 	0.253712
0.0091806 	-0.00641757 	-0.00249245 	0.253514
0.00923077 	-0.00648285 	-0.00248729 	0.253316
0.00928094 	-0.00654803 	-0.00248188 	0.253112
0.0093311 	-0.00661299 	-0.00247591 	0.252897
0.00938127 	-0.00667795 	-0.00246994 	0.252682
0.00943144 	-0.00674262 	-0.00246358 	0.252459
0.00948161 	-0.00680691 	-0.00245674 	0.252225
0.00953177 	-0.00687119 	-0.00244989 	0.251992
0.00958194 	-0.00693478 	-0.00244245 	0.251746
0.00963211 	-0.00699794 	-0.00243463 	0.251494
0.00968227 	-0.00706109 	-0.00242681 	0.251241
0.00973244 	-0.00712284 	-0.00241817 	0.250971
0.00978261 	-0.00718433 	-0.00240939 	0.250697
0.00983278 	-0.00724555 	-0.0024005 	0.250421
0.00988294 	-0.00730481 	-0.00239086 	0.250127
0.00993311 	-0.00736408 	-0.00238121 	0.249832
0.00998328 	-0.00742207 	-0.00237119 	0.249528
0.0100334 	-0.00747851 	-0.00236071 	0.249212
0.0100836 	-0.00753494 	-0.00235023 	0.248896
0.0101338 	-0.00758846 	-0.00233897 	0.24856
0.0101839 	-0.00764136 	-0.00232754 	0.248221
0.0102341 	-0.00769322 	-0.00231585 	0.247876
0.0102843 	-0.00774182 	-0.00230336 	0.247512
0.0103344 	-0.00779042 	-0.00229087 	0.247148
0.0103846 	-0.00783547 	-0.00227759 	0.246766
0.0104348 	-0.00787907 	-0.00226398 	0.246376
0.0104849 	-0.00792145 	-0.00225012 	0.24598
0.0105351 	-0.00795947 	-0.00223534 	0.245562
0.0105853 	-0.00799749 	-0.00222056 	0.245144
0.0106355 	-0.00803088 	-0.00220488 	0.244703
0.0106856 	-0.00806289 	-0.00218893 	0.244255
0.0107358 	-0.0080926 	-0.00217258 	0.243794
0.010786 	-0.00811833 	-0.00215553 	0.243314
0.0108361 	-0.00814402 	-0.00213848 	0.242833
0.0108863 	-0.00816332 	-0.00212042 	0.242318
0.0109365 	-0.00818262 	-0.00210235 	0.241804
0.0109866 	-0.0081975 	-0.00208362 	0.241264
0.0110368 	-0.00821036 	-0.00206458 	0.240714
0.011087 	-0.00822062 	-0.00204514 	0.240147
0.0111371 	-0.00822712 	-0.00202514 	0.239559
0.0111873 	-0.00823256 	-0.00200497 	0.238963
0.0112375 	-0.00823281 	-0.00198402 	0.238335
0.0112876 	-0.00823305 	-0.00196306 	0.237706
0.0113378 	-0.00822736 	-0.00194119 	0.237036
0.011388 	-0.00822148 	-0.00191928 	0.236366
0.0114381 	-0.00821076 	-0.0018966 	0.235659
0.0114883 	-0.00819891 	-0.00187374 	0.234944
0.0115385 	-0.00818306 	-0.00185019 	0.234197
0.0115886 	-0.0081654 	-0.00182633 	0.233436
0.0116388 	-0.00814437 	-0.00180186 	0.232645
0.011689 	-0.00812112 	-0.001777 	0.231835
0.0117391 	-0.0080949 	-0.0017516 	0.230996
0.0117893 	-0.0080663 	-0.00172578 	0.230135
0.0118395 	-0.00803495 	-0.00169948 	0.229245
0.0118896 	-0.00800129 	-0.00167278 	0.22833
0.0119398 	-0.00796494 	-0.00164564 	0.227384
0.01199 	-0.00792654 	-0.00161816 	0.226414
0.0120401 	-0.00788544 	-0.00159021 	0.225408
0.0120903 	-0.00784272 	-0.00156197 	0.22438
0.0121405 	-0.00779723 	-0.00153324 	0.223308
0.0121906 	-0.00775064 	-0.00150431 	0.22222
0.0122408 	-0.00770112 	-0.00147464 	0.221077
0.012291 	-0.00765105 	-0.00144483 	0.219925
0.0123411 	-0.0075973 	-0.00141357 	0.218704
0.0123913 	-0.00754252 	-0.0013821 	0.21747
0.0124415 	-0.00748347 	-0.00134974 	0.216178
0.0124916 	-0.00742119 	-0.00131739 	0.214853
0.0125418 	-0.00735439 	-0.00128502 	0.213482
0.012592 	-0.00728126 	-0.00125301 	0.212053
0.0126421 	-0.00720503 	-0.00122117 	0.210596
0.0126923 	-0.00711993 	-0.00118941 	0.209047
0.0127425 	-0.00703243 	-0.00115736 	0.207466
0.0127926 	-0.00693958 	-0.00112451 	0.205811
0.0128428 	-0.00684356 	-0.00109077 	0.20409
0.012893 	-0.00674555 	-0.00105647 	0.202328
0.0129431 	-0.00664355 	-0.00102148 	0.200455
0.0129933 	-0.00654007 	-0.000986352 	0.198535
0.0130435 	-0.00643439 	-0.000951024 	0.196542
0.0130936 	-0.00632586 	-0.000915499 	0.194447
0.0131438 	-0.00621586 	-0.000879901 	0.192293
0.013194 	-0.00610367 	-0.000844227 	0.190042
0.0132441 	-0.00598986 	-0.00080851 	0.187681
0.0132943 	-0.00587533 	-0.000772762 	0.185243
0.0133445 	-0.00576025 	-0.000736972 	0.182692
0.0133946 	-0.00564553 	-0.000701169 	0.179999
0.0134448 	-0.00553132 	-0.000665421 	0.177203
0.013495 	-0.00541782 	-0.000629761 	0.174289
0.0135452 	-0.00530554 	-0.000594424 	0.171178
0.0135953 	-0.00519391 	-0.000559334 	0.167933
0.0136455 	-0.00508292 	-0.000524505 	0.164546
0.0136957 	-0.00497263 	-0.000489992 	0.160981
0.0137458 	-0.00486296 	-0.000455877 	0.157196
0.013796 	-0.00475348 	-0.00042215 	0.15323
0.0138462 	-0.00464389 	-0.000388903 	0.149071
0.0138963 	-0.00453383 	-0.000356254 	0.144702
0.0139465 	-0.00442238 	-0.000324602 	0.140032
0.0139967 	-0.00430939 	-0.000293812 	0.135108
0.0140468 	-0.00419446 	-0.000263914 	0.129916
0.014097 	-0.00407686 	-0.00023499 	0.124436
0.0141472 	-0.00395546 	-0.000207166 	0.118647
0.0141973 	-0.00382843 	-0.000180619 	0.11253
0.0142475 	-0.0036907 	-0.000155748 	0.106019
0.0142977 	-0.00353833 	-0.000132486 	0.0991626
0.0143478 	-0.00336585 	-0.000111113 	0.0919653
0.014398 	-0.00316787 	-9.18896e-05 	0.0844393
0.0144482 	-0.00294086 	-7.48762e-05 	0.0766165
0.0144983 	-0.00268522 	-5.99448e-05 	0.0685591
0.0145485 	-0.00240633 	-4.68982e-05 	0.0603665
0.0145987 	-0.00211364 	-3.55393e-05 	0.0521738
0.0146488 	-0.00181833 	-2.56562e-05 	0.0441371
0.014699 	-0.00152989 	-1.70857e-05 	0.0364082
0.0147492 	-0.00125257 	-9.81781e-06 	0.0291035
0.0147993 	-0.000983988 	-3.86893e-06 	0.0222842
0.0148495 	-0.000716644 	1.88883e-08 	0.0159521
0.0148997 	-0.000450987 	1.80892e-06 	0.0100862
0.0149498 	-0.000207532 	2.02274e-06 	0.00473684
0.015 	0 	0 	0
