/*--------------------------------*- C++ -*----------------------------------*\
| =========                 |                                                 |
| \\      /  F ield         | OpenFOAM: The Open Source CFD Toolbox           |
|  \\    /   O peration     | Version:  v1906                                 |
|   \\  /    A nd           | Web:      www.OpenFOAM.com                      |
|    \\/     M anipulation  |                                                 |
\*---------------------------------------------------------------------------*/
FoamFile
{
    version     2.0;
    format      ascii;
    class       volVectorField;
    location    "99.2";
    object      U;
}
// * * * * * * * * * * * * * * * * * * * * * * * * * * * * * * * * * * * * * //

dimensions      [0 1 -1 0 0 0 0];


internalField   nonuniform List<vector> 
634
(
(-0.000303195 -2.47657e-05 -0.00742809)
(0.00171925 1.77842e-05 -0.00580476)
(0.000274247 -5.0007e-06 -0.0080669)
(-0.00168019 2.0856e-05 -0.00687267)
(-0.000695312 -5.03823e-05 -0.0192842)
(0.00274497 4.59762e-05 -0.0151478)
(0.000609446 -1.14739e-05 -0.0211847)
(-0.00262371 4.55899e-05 -0.0180226)
(-0.000905113 -9.64628e-05 -0.0301737)
(0.00203141 9.24766e-05 -0.0240701)
(0.000760949 -2.6218e-05 -0.03325)
(-0.00183244 0.000101667 -0.0285125)
(-0.00107282 -0.000139087 -0.0415841)
(0.00123223 0.00014299 -0.0337536)
(0.000867589 -4.08384e-05 -0.0457938)
(-0.000972587 0.000152599 -0.0395836)
(-0.00124821 -0.000172147 -0.0533733)
(0.000810659 0.000193933 -0.0439881)
(0.000977943 -5.60151e-05 -0.0586943)
(-0.000508935 0.000207639 -0.0510168)
(-0.00141309 -0.00020243 -0.0650681)
(0.000492754 0.00024827 -0.0543442)
(0.00107306 -7.08994e-05 -0.0714457)
(-0.00017875 0.000264931 -0.0623687)
(-0.00156115 -0.000228539 -0.0764618)
(0.000171995 0.0003046 -0.0646111)
(0.00114646 -8.56701e-05 -0.0838119)
(0.000116482 0.000323974 -0.0734442)
(-0.00169077 -0.000250919 -0.0874341)
(-0.000188437 0.00036276 -0.0746453)
(0.00119692 -0.000100203 -0.0956524)
(0.000410086 0.000384456 -0.084134)
(-0.00180217 -0.00026945 -0.0979017)
(-0.000594884 0.000422741 -0.0843383)
(0.00122558 -0.000115665 -0.106875)
(0.000710018 0.00044638 -0.0943687)
(-0.00189654 -0.000285254 -0.107806)
(-0.00103924 0.000483949 -0.0936097)
(0.00123515 -0.000132273 -0.117429)
(0.00101402 0.000509267 -0.104101)
(-0.00197615 -0.000298209 -0.117121)
(-0.00149961 0.000546986 -0.102414)
(0.00122918 -0.000150224 -0.127305)
(0.00130947 0.000573886 -0.113309)
(-0.00204363 -0.000307642 -0.125858)
(-0.00195103 0.000610565 -0.110746)
(0.00121099 -0.000169506 -0.136549)
(0.00157991 0.000639121 -0.121999)
(-0.00210135 -0.000313265 -0.134074)
(-0.00238046 0.000673769 -0.11865)
(0.00118311 -0.000189471 -0.145231)
(0.00181648 0.000704105 -0.130221)
(-0.00215117 -0.000315261 -0.141817)
(-0.00278474 0.000737938 -0.126167)
(0.00114723 -0.000211079 -0.153396)
(0.00201792 0.000769969 -0.138023)
(-0.00219396 -0.000315431 -0.149109)
(-0.00316806 0.00080272 -0.133309)
(0.00110459 -0.000234433 -0.161072)
(0.00218946 0.000836403 -0.145427)
(-0.00223052 -0.00031348 -0.155971)
(-0.00353202 0.000868244 -0.14009)
(0.00105655 -0.000259384 -0.168291)
(0.0023346 0.000903706 -0.152451)
(-0.00226189 -0.000309237 -0.162431)
(-0.00387299 0.000934235 -0.146529)
(0.00100445 -0.000286149 -0.175083)
(0.00245235 0.000971606 -0.159117)
(-0.00228896 -0.000303284 -0.168513)
(-0.00418828 0.00100042 -0.152643)
(0.00094945 -0.000314702 -0.181479)
(0.00254188 0.00103988 -0.165446)
(-0.00231246 -0.000295695 -0.174241)
(-0.00447566 0.00106692 -0.158447)
(0.000892516 -0.000345053 -0.187506)
(0.00260263 0.00110868 -0.171457)
(-0.00233298 -0.000286772 -0.179637)
(-0.00473341 0.00113355 -0.163958)
(0.000834467 -0.000377236 -0.193189)
(0.00263438 0.0011779 -0.177168)
(-0.00235102 -0.000276821 -0.184725)
(-0.00496023 0.00120022 -0.169192)
(0.000775965 -0.000411251 -0.198552)
(0.00263725 0.00124749 -0.182598)
(-0.00236696 -0.000266158 -0.189525)
(-0.00515507 0.00126682 -0.174163)
(0.000717548 -0.000447093 -0.203617)
(0.00261157 0.00131741 -0.187762)
(-0.00238109 -0.000255022 -0.194056)
(-0.00531716 0.00133324 -0.178882)
(0.000659681 -0.000484782 -0.208403)
(0.00255776 0.00138765 -0.192675)
(-0.0023936 -0.000243606 -0.198337)
(-0.00544619 0.00139944 -0.183363)
(0.000602867 -0.000524388 -0.212929)
(0.0024759 0.00145813 -0.197352)
(-0.00240453 -0.000231937 -0.202384)
(-0.00554269 0.00146528 -0.187615)
(0.000547757 -0.000565946 -0.217217)
(0.00236556 0.00152877 -0.201805)
(-0.00241373 -0.000219873 -0.206209)
(-0.00561009 0.00153017 -0.191642)
(0.000495156 -0.000609032 -0.221294)
(0.00222606 0.0015995 -0.20605)
(-0.00242087 -0.000207559 -0.209815)
(-0.0056575 0.00159387 -0.195444)
(0.00044571 -0.000652596 -0.225192)
(0.00205778 0.00166997 -0.210098)
(-0.00242561 -0.000196025 -0.213204)
(-0.00569751 0.00165759 -0.199008)
(0.000399383 -0.000695585 -0.228928)
(0.00186545 0.00173946 -0.213955)
(-0.00242792 -0.000187157 -0.216379)
(-0.00573754 0.00172287 -0.202321)
(0.000355144 -0.00073808 -0.232488)
(0.00166151 0.0018078 -0.217617)
(-0.00242825 -0.000178841 -0.219354)
(-0.00577113 0.00178885 -0.205393)
(0.000311382 -0.000782456 -0.235824)
(0.00146395 0.0018764 -0.221062)
(-0.00242716 -0.000170335 -0.22216)
(-0.00577982 0.00185383 -0.208264)
(0.000267356 -0.000834077 -0.238887)
(0.00128627 0.0019472 -0.224266)
(-0.00242512 -0.000163093 -0.22483)
(-0.00574258 0.00191589 -0.210988)
(0.00022479 -0.000890407 -0.241681)
(0.00112594 0.00202006 -0.22723)
(-0.00242237 -0.000143921 -0.227388)
(-0.00564782 0.00197496 -0.213603)
(0.000186161 -0.000943313 -0.244281)
(0.000963185 0.00209259 -0.229991)
(-0.00241857 -0.00013508 -0.229851)
(-0.00549781 0.00203359 -0.216131)
(0.000152594 -0.000990838 -0.24678)
(0.00077333 0.00216161 -0.232608)
(-0.00241657 -0.000165332 -0.232263)
(-0.00530243 0.00209266 -0.218577)
(0.000124271 -0.0010363 -0.249204)
(0.000542586 0.00222657 -0.235124)
(-0.00242319 -0.000183443 -0.234748)
(-0.00507418 0.00214608 -0.220937)
(0.000100326 -0.00108544 -0.251535)
(0.000271417 0.00229067 -0.237557)
(-0.0024401 -0.000132542 -0.237499)
(-0.00482526 0.00220338 -0.223208)
(8.03864e-05 -0.00113656 -0.253773)
(-3.22016e-05 0.00235753 -0.239905)
(-0.00245959 -3.33207e-05 -0.240546)
(-0.00450275 0.00229142 -0.225431)
(6.49225e-05 -0.00118635 -0.255928)
(-0.000358895 0.00242823 -0.242162)
(-0.00246653 -4.07831e-06 -0.243456)
(-0.00392709 0.00238207 -0.227826)
(5.3399e-05 -0.00123534 -0.258006)
(-0.000698797 0.00249761 -0.244329)
(-0.00245078 -0.000107133 -0.24578)
(-0.00296604 0.0024063 -0.230764)
(4.39638e-05 -0.00128261 -0.260012)
(-0.00103438 0.00255197 -0.246404)
(-0.0024202 -0.000216192 -0.247684)
(-0.00170775 0.00236121 -0.234384)
(3.42612e-05 -0.00132728 -0.26194)
(-0.00136427 0.00264339 -0.248382)
(-0.00238838 -0.000246293 -0.249542)
(-0.000594537 0.00237884 -0.237858)
(2.37829e-05 -0.00136765 -0.263777)
(-0.00189699 0.00277889 -0.250481)
(-0.00236299 -0.000226152 -0.251489)
(-7.1732e-05 0.00253505 -0.240138)
(1.54433e-05 -0.00139647 -0.265506)
(-0.00288393 0.00283542 -0.253202)
(-0.00234441 -0.000232824 -0.253463)
(9.87928e-05 0.00267169 -0.24165)
(1.30814e-05 -0.00142712 -0.267098)
(-0.0043133 0.00276169 -0.25699)
(-0.00232976 -0.000284216 -0.255407)
(0.000317466 0.00271844 -0.243153)
(3.24898e-05 -0.00148455 -0.268684)
(-0.0058068 0.00271421 -0.261092)
(-0.00231573 -0.00034259 -0.257316)
(0.000729872 0.00272149 -0.244855)
(9.14757e-05 -0.00152963 -0.27071)
(-0.00650314 0.00291791 -0.263466)
(-0.00229883 -0.000400327 -0.259196)
(0.00124252 0.00274922 -0.246596)
(0.000179389 -0.00147214 -0.273593)
(-0.00657636 0.00312531 -0.264593)
(-0.00227742 -0.000459978 -0.261055)
(0.00176233 0.00280281 -0.248289)
(0.000276412 -0.0013714 -0.276916)
(-0.00662072 0.00319549 -0.26567)
(-0.00225225 -0.000522903 -0.262897)
(0.00228036 0.00285159 -0.249935)
(0.00034747 -0.00145072 -0.279007)
(-0.00687175 0.0031992 -0.267031)
(-0.00222463 -0.000590118 -0.264724)
(0.00279974 0.00289754 -0.25154)
(0.000378863 -0.00156583 -0.279957)
(-0.00723902 0.00323038 -0.268468)
(-0.00219491 -0.000661422 -0.266532)
(0.0033212 0.00294194 -0.253104)
(0.000395776 -0.00156213 -0.280875)
(-0.0076025 0.00329814 -0.269834)
(-0.00216278 -0.000736135 -0.268318)
(0.00384348 0.00298581 -0.254627)
(0.000429963 -0.00152214 -0.282053)
(-0.00794424 0.00336355 -0.27112)
(-0.00212787 -0.000814132 -0.270079)
(0.0043647 0.0030295 -0.256107)
(0.000473055 -0.00150414 -0.283152)
(-0.00826756 0.00342585 -0.272333)
(-0.00208988 -0.000897307 -0.271808)
(0.004883 0.00307303 -0.257541)
(0.000537219 -0.00153882 -0.284259)
(-0.00857401 0.00348731 -0.273473)
(-0.00204843 -0.000987142 -0.273501)
(0.0053964 0.0031164 -0.258927)
(0.000650975 -0.00159631 -0.286146)
(-0.0088642 0.00354891 -0.27454)
(-0.00200305 -0.00107976 -0.275146)
(0.00590187 0.00315965 -0.260261)
(0.000805563 -0.00148791 -0.289547)
(-0.00913734 0.00361176 -0.275535)
(-0.00195302 -0.00113702 -0.276726)
(0.00639577 0.00320243 -0.261542)
(0.00100635 -0.00129803 -0.294052)
(-0.00939179 0.00367627 -0.276457)
(-0.00189726 -0.00127024 -0.278208)
(0.00687491 0.00324324 -0.262773)
(0.00118033 -0.00137413 -0.296422)
(-0.00962635 0.00374144 -0.277307)
(-0.00184872 -0.00152007 -0.279727)
(0.00733967 0.00328071 -0.263956)
(0.00127823 -0.00150076 -0.296842)
(-0.00984308 0.00380574 -0.278085)
(-0.00182004 -0.00158301 -0.281726)
(0.00779625 0.00331602 -0.265099)
(0.00133027 -0.00145109 -0.297145)
(-0.0100489 0.00386978 -0.278787)
(-0.00178652 -0.00141635 -0.284498)
(0.00825053 0.00335151 -0.266206)
(0.00139207 -0.0013811 -0.297879)
(-0.0102499 0.00393571 -0.279412)
(-0.00173711 -0.00135653 -0.287294)
(0.00870147 0.00338725 -0.26728)
(0.00146267 -0.00135847 -0.298672)
(-0.0104464 0.0040035 -0.279954)
(-0.00167368 -0.00176571 -0.288542)
(0.00913864 0.00342149 -0.268319)
(0.00152309 -0.0013244 -0.299349)
(-0.0106306 0.00407068 -0.280409)
(-0.00159745 -0.0021285 -0.289056)
(0.0095499 0.00345271 -0.269322)
(0.0015738 -0.00129239 -0.299943)
(-0.0107932 0.00413561 -0.280775)
(-0.00152562 -0.00219696 -0.289721)
(0.00993025 0.003481 -0.27029)
(0.00161469 -0.00125499 -0.300459)
(-0.0109312 0.00419841 -0.281049)
(-0.00146381 -0.00222066 -0.29053)
(0.0102819 0.00350716 -0.271225)
(0.00164556 -0.00121302 -0.300904)
(-0.0110483 0.00425979 -0.281228)
(-0.00140339 -0.00235651 -0.291247)
(0.0106064 0.00353169 -0.272126)
(0.00166628 -0.00116655 -0.301285)
(-0.0111479 0.00431965 -0.281312)
(-0.00133998 -0.00252655 -0.291821)
(0.010901 0.00355678 -0.272992)
(0.00167691 -0.00111557 -0.30161)
(-0.0112301 0.00437742 -0.281297)
(-0.00127432 -0.0026865 -0.292265)
(0.0111609 0.00358093 -0.273813)
(0.00167766 -0.0010602 -0.301889)
(-0.0112948 0.00443241 -0.281185)
(-0.0012069 -0.00285093 -0.292584)
(0.0113786 0.00360329 -0.27457)
(0.00166904 -0.00100049 -0.302133)
(-0.0113419 0.00448388 -0.280975)
(-0.00113792 -0.00301758 -0.292782)
(0.0115364 0.00359825 -0.275185)
(0.00165198 -0.000936555 -0.302354)
(-0.0113714 0.00453108 -0.280671)
(-0.00106782 -0.00318692 -0.292862)
(0.0117287 0.00368042 -0.275947)
(0.00162875 -0.000868603 -0.302561)
(-0.0113835 0.00457306 -0.280277)
(-0.000997595 -0.00336057 -0.292822)
(0.012138 0.00383224 -0.277922)
(0.00160188 -0.000795706 -0.302764)
(-0.0113777 0.00460901 -0.279801)
(-0.0009253 -0.0035426 -0.292662)
(0.0128099 0.00362466 -0.281967)
(0.00156769 -0.000716488 -0.302969)
(-0.0113529 0.004638 -0.279249)
(-0.000847704 -0.00373664 -0.29238)
(0.0136528 0.00332221 -0.287388)
(0.00152342 -0.000639408 -0.30318)
(-0.0113068 0.0046539 -0.278628)
(-0.000763707 -0.00393084 -0.291972)
(0.0139119 0.00361766 -0.288935)
(0.0014693 -0.000546173 -0.30339)
(-0.0112353 0.004683 -0.277914)
(-0.000675765 -0.00412963 -0.291436)
(0.0137916 0.0038347 -0.288422)
(0.00140891 -0.000447613 -0.303603)
(-0.0111721 0.00478814 -0.2773)
(-0.00058492 -0.00430415 -0.290765)
(0.0136211 0.00376284 -0.288101)
(0.00134208 -0.000350491 -0.303821)
(-0.0111626 0.00486165 -0.277321)
(-0.000492759 -0.00445138 -0.289892)
(0.0134845 0.00367961 -0.288238)
(0.00126811 -0.000203999 -0.303986)
(-0.0111137 0.00460323 -0.277579)
(0.000193604 1.07614e-06 -0.00933447)
(-0.000286446 -3.14288e-06 -0.00637866)
(-0.000245296 -4.18615e-06 -0.00953099)
(0.000174524 -5.50383e-06 -0.00516968)
(0.00031022 6.77496e-06 -0.0226667)
(-0.000608033 2.75702e-07 -0.0193545)
(-0.00045974 -1.01055e-05 -0.0251364)
(0.000277305 -6.44251e-06 -0.0158124)
(0.000311751 1.69345e-05 -0.0323277)
(-0.000732597 -2.34634e-06 -0.0327825)
(-0.000554284 -1.51611e-05 -0.0388207)
(0.000188464 -1.24364e-05 -0.0270517)
(0.000348972 3.38115e-05 -0.0415281)
(-0.000832495 7.705e-06 -0.0459952)
(-0.000678728 -2.22488e-05 -0.0521312)
(8.26757e-05 -7.52085e-06 -0.0381514)
(0.000437264 5.22062e-05 -0.051096)
(-0.000963734 1.50161e-05 -0.0585755)
(-0.000847476 -2.61245e-05 -0.0651848)
(1.80756e-05 -4.20332e-06 -0.0486729)
(0.000544454 7.29359e-05 -0.0605035)
(-0.00109806 2.47773e-05 -0.0705535)
(-0.0010284 -3.10309e-05 -0.0776634)
(-3.12558e-05 5.99091e-07 -0.0586887)
(0.000657577 9.54069e-05 -0.0695839)
(-0.00122334 3.55552e-05 -0.0819571)
(-0.00120839 -3.68086e-05 -0.0894853)
(-7.54077e-05 5.97361e-06 -0.0682649)
(0.000771185 0.000119272 -0.0782764)
(-0.00133383 4.69257e-05 -0.0927841)
(-0.00138151 -4.38049e-05 -0.100629)
(-0.000118486 1.13579e-05 -0.0774356)
(0.000882701 0.000144419 -0.0865547)
(-0.0014264 5.88619e-05 -0.103015)
(-0.00154442 -5.18242e-05 -0.111083)
(-0.00016255 1.67492e-05 -0.0862143)
(0.000990623 0.000170611 -0.0944028)
(-0.00149916 7.11128e-05 -0.112625)
(-0.00169503 -6.05316e-05 -0.120835)
(-0.000209069 2.21008e-05 -0.0945999)
(0.00109393 0.000197789 -0.101811)
(-0.0015511 8.39471e-05 -0.121597)
(-0.00183245 -6.99764e-05 -0.129886)
(-0.000259336 2.72807e-05 -0.102583)
(0.00119212 0.000225418 -0.108781)
(-0.00158203 9.72041e-05 -0.129932)
(-0.00195707 -7.9745e-05 -0.138259)
(-0.000314499 3.24636e-05 -0.110156)
(0.0012854 0.000253473 -0.115332)
(-0.00159242 0.000110814 -0.137652)
(-0.00206994 -8.98028e-05 -0.146)
(-0.000375498 3.7472e-05 -0.117314)
(0.00137436 0.000281449 -0.121492)
(-0.00158269 0.000124641 -0.144798)
(-0.00217179 -0.000100245 -0.15317)
(-0.000442985 4.21702e-05 -0.124062)
(0.00145884 0.000308772 -0.127293)
(-0.00155269 0.000138227 -0.15143)
(-0.00226243 -0.000110717 -0.15982)
(-0.00051768 4.64245e-05 -0.130421)
(0.00153752 0.000335899 -0.132742)
(-0.00150206 0.000151832 -0.157592)
(-0.00234152 -0.000121515 -0.165983)
(-0.000600577 4.99395e-05 -0.136427)
(0.00160876 0.000362415 -0.137833)
(-0.00143055 0.000165325 -0.163316)
(-0.00240918 -0.000132422 -0.171698)
(-0.000692721 5.29465e-05 -0.142101)
(0.00167171 0.000388163 -0.14257)
(-0.00133856 0.000178566 -0.168633)
(-0.00246574 -0.000143241 -0.176999)
(-0.000794997 5.54264e-05 -0.14746)
(0.00172614 0.000413075 -0.146968)
(-0.00122707 0.000191411 -0.173575)
(-0.00251153 -0.000154044 -0.181917)
(-0.000907747 5.73045e-05 -0.152521)
(0.00177224 0.000436831 -0.151047)
(-0.00109743 0.000203979 -0.178168)
(-0.00254711 -0.000164631 -0.186481)
(-0.00103078 5.85696e-05 -0.157299)
(0.00181052 0.00045938 -0.154833)
(-0.000951581 0.000216304 -0.182438)
(-0.00257343 -0.000174814 -0.190727)
(-0.0011636 5.91773e-05 -0.161809)
(0.00184176 0.000480629 -0.158353)
(-0.000791872 0.000227949 -0.186409)
(-0.0025916 -0.00018444 -0.19469)
(-0.00130544 5.914e-05 -0.166069)
(0.00186688 0.000500486 -0.161638)
(-0.000620102 0.000238741 -0.190114)
(-0.00260265 -0.000193453 -0.198405)
(-0.00145529 5.84662e-05 -0.170091)
(0.00188687 0.000518903 -0.164716)
(-0.000437478 0.000248588 -0.193589)
(-0.00260746 -0.000201857 -0.201902)
(-0.00161189 5.71663e-05 -0.173892)
(0.00190264 0.000535808 -0.167615)
(-0.00024512 0.000257704 -0.196862)
(-0.00260693 -0.000209375 -0.205205)
(-0.00177376 5.52604e-05 -0.177485)
(0.00191498 0.000551125 -0.170359)
(-4.43761e-05 0.00026633 -0.199955)
(-0.00260184 -0.000215751 -0.20834)
(-0.00193926 5.27306e-05 -0.180883)
(0.00192455 0.000564806 -0.172968)
(0.000163037 0.00027431 -0.202886)
(-0.00259259 -0.000220858 -0.211325)
(-0.00210657 4.98213e-05 -0.184098)
(0.00193186 0.000576865 -0.175461)
(0.000375301 0.000281657 -0.205671)
(-0.0025792 -0.000224614 -0.214172)
(-0.00227358 4.65135e-05 -0.187142)
(0.00193735 0.000587406 -0.177853)
(0.000590639 0.000288536 -0.208322)
(-0.00256167 -0.000227163 -0.216889)
(-0.00243815 4.25168e-05 -0.190026)
(0.00194156 0.000596507 -0.180158)
(0.000807275 0.000295119 -0.210851)
(-0.00254014 -0.000228431 -0.219485)
(-0.00259867 3.78692e-05 -0.192767)
(0.00194497 0.000604074 -0.18239)
(0.00102342 0.000301548 -0.21327)
(-0.00251486 -0.000228092 -0.221971)
(-0.00275378 3.25737e-05 -0.195381)
(0.00194782 0.000610139 -0.184559)
(0.00123733 0.000307914 -0.215585)
(-0.00248611 -0.00022611 -0.224355)
(-0.00290199 2.70628e-05 -0.19788)
(0.00195004 0.000614932 -0.186669)
(0.00144731 0.000314276 -0.217806)
(-0.00245419 -0.000222686 -0.226646)
(-0.00304156 2.16657e-05 -0.200275)
(0.00195155 0.000618371 -0.18872)
(0.0016518 0.000320636 -0.21994)
(-0.00241941 -0.000217784 -0.228853)
(-0.00317043 1.62423e-05 -0.202572)
(0.00195239 0.000620503 -0.190717)
(0.00184938 0.000326951 -0.221992)
(-0.00238205 -0.000211345 -0.23098)
(-0.0032865 1.08295e-05 -0.204778)
(0.00195269 0.000621438 -0.192663)
(0.00203876 0.000333213 -0.223969)
(-0.0023424 -0.000203443 -0.233033)
(-0.00338784 5.47959e-06 -0.206898)
(0.00195256 0.000620511 -0.194561)
(0.00221877 0.000339514 -0.225875)
(-0.00230073 -0.000194076 -0.235016)
(-0.00347266 2.02083e-07 -0.208936)
(0.00195204 0.00061707 -0.196413)
(0.00238831 0.000345896 -0.227716)
(-0.00225734 -0.000183336 -0.236935)
(-0.0035393 -5.00434e-06 -0.210896)
(0.00195102 0.000611553 -0.198228)
(0.00254598 0.00035215 -0.229497)
(-0.00221249 -0.000171294 -0.238792)
(-0.00358633 -1.00996e-05 -0.21278)
(0.00194941 0.000604682 -0.200016)
(0.00269008 0.000357594 -0.231221)
(-0.00216644 -0.000157983 -0.240591)
(-0.00361257 -1.49779e-05 -0.214592)
(0.00194724 0.000596552 -0.201784)
(0.00282025 0.000360904 -0.232894)
(-0.00211945 -0.000143467 -0.242335)
(-0.00361705 -1.94206e-05 -0.216333)
(0.00194457 0.000587267 -0.203537)
(0.00293955 0.000361432 -0.234527)
(-0.00207172 -0.00012779 -0.244026)
(-0.00359876 -2.37143e-05 -0.218005)
(0.00194145 0.000577167 -0.205278)
(0.0030515 0.000360133 -0.236129)
(-0.00202352 -0.000111 -0.245666)
(-0.00355572 -2.84273e-05 -0.219608)
(0.00193784 0.000566398 -0.207007)
(0.00315617 0.000359001 -0.237708)
(-0.0019751 -9.30852e-05 -0.247257)
(-0.00348714 -3.54145e-05 -0.221146)
(0.00193372 0.000554929 -0.208725)
(0.00325269 0.000358655 -0.239267)
(-0.00192676 -7.39046e-05 -0.248798)
(-0.00339955 -4.60479e-05 -0.222628)
(0.00192908 0.000542983 -0.210434)
(0.00334048 0.000358385 -0.240811)
(-0.00187883 -5.40773e-05 -0.250291)
(-0.00330382 -5.96088e-05 -0.224074)
(0.00192384 0.000530444 -0.212136)
(0.00341867 0.000358046 -0.242345)
(-0.00183156 -3.53653e-05 -0.251731)
(-0.00320328 -7.28142e-05 -0.22549)
(0.00191781 0.000515094 -0.213838)
(0.00348615 0.000358199 -0.24387)
(-0.00178473 -1.89439e-05 -0.253125)
(-0.003099 -8.42389e-05 -0.226878)
(0.00191055 0.00049638 -0.215554)
(0.00354232 0.000356699 -0.245382)
(-0.00173765 -3.63591e-06 -0.254482)
(-0.00299286 -9.42687e-05 -0.228238)
(0.0019015 0.000479402 -0.217302)
(0.0035867 0.000350774 -0.246881)
(-0.00169019 1.24316e-05 -0.255808)
(-0.00288708 -0.000103924 -0.229569)
(0.00189071 0.00046975 -0.219091)
(0.00361703 0.000343957 -0.248371)
(-0.00164231 3.01141e-05 -0.257103)
(-0.00278329 -0.000113626 -0.23087)
(0.00187976 0.000455918 -0.220923)
(0.0036302 0.000343099 -0.249855)
(-0.00159376 4.91022e-05 -0.258364)
(-0.00268225 -0.0001231 -0.232137)
(0.00187193 0.00043715 -0.222784)
(0.00363443 0.000347156 -0.251329)
(-0.00154451 6.91541e-05 -0.25959)
(-0.00258435 -0.000132326 -0.233369)
(0.00187527 0.000430892 -0.224711)
(0.00363984 0.000353705 -0.25278)
(-0.00149487 9.07066e-05 -0.260779)
(-0.00249016 -0.000141613 -0.234565)
(0.0019016 0.000425869 -0.22679)
(0.00364636 0.000360557 -0.254203)
(-0.00144542 0.000112633 -0.261926)
(-0.00240016 -0.000151022 -0.235723)
(0.0019481 0.000406461 -0.229005)
(0.00365001 0.000368042 -0.255592)
(-0.00139667 0.000130201 -0.263031)
(-0.00231444 -0.00016071 -0.236842)
(0.0019888 0.000398069 -0.231103)
(0.00364839 0.000375787 -0.256946)
(-0.00134802 0.000140465 -0.264104)
(-0.00223274 -0.000170882 -0.237923)
(0.0020127 0.000402295 -0.232866)
(0.00364103 0.000382805 -0.258264)
(-0.00129783 0.000146769 -0.265178)
(-0.00215452 -0.000181688 -0.238963)
(0.00203752 0.000392274 -0.234447)
(0.00362756 0.00038988 -0.259548)
(-0.00124583 0.000153374 -0.26627)
(-0.00207927 -0.000193206 -0.239963)
(0.00207002 0.000379396 -0.235988)
(0.00360759 0.000397016 -0.260801)
(-0.00119238 0.000161427 -0.267373)
(-0.00200676 -0.000205517 -0.240921)
(0.0021043 0.000364298 -0.237435)
(0.00358069 0.000404028 -0.262022)
(-0.00113801 0.000175645 -0.268465)
(-0.00193709 -0.000218779 -0.241836)
(0.00213704 0.000342336 -0.238763)
(0.00354635 0.000410852 -0.263214)
(-0.00108313 0.000197215 -0.269516)
(-0.00187057 -0.000233129 -0.242706)
(0.00216743 0.000322162 -0.240004)
(0.00350399 0.000417413 -0.264377)
(-0.00102779 0.00022265 -0.270519)
(-0.00180778 -0.000248635 -0.243529)
(0.00219579 0.000299512 -0.241174)
(0.00345302 0.000423602 -0.265513)
(-0.000971994 0.000249043 -0.271481)
(-0.0017497 -0.000265387 -0.244303)
(0.00222227 0.000275251 -0.242279)
(0.00339268 0.000429307 -0.266621)
(-0.000915875 0.000275627 -0.272407)
(-0.00169754 -0.00028348 -0.245024)
(0.00224689 0.000251063 -0.24332)
(0.00332196 0.00043441 -0.267702)
(-0.00085964 0.000303001 -0.273294)
(-0.00165276 -0.000302971 -0.24569)
(0.00226996 0.000226374 -0.2443)
(0.00323951 0.000438791 -0.268753)
(-0.00080363 0.000330614 -0.274141)
(-0.00161716 -0.000323729 -0.246296)
(0.00229204 0.000200537 -0.245224)
(0.00314361 0.000442322 -0.269774)
(-0.000748314 0.000358433 -0.274947)
(-0.00159287 -0.000345465 -0.246839)
(0.00231394 0.000173666 -0.2461)
(0.00303211 0.000444865 -0.270757)
(-0.000694284 0.000386508 -0.27571)
(-0.00158241 -0.000368703 -0.247315)
(0.00233664 0.000145748 -0.246937)
(0.00290246 0.000446343 -0.271697)
(-0.000642249 0.00041473 -0.276429)
(-0.00158873 -0.00039563 -0.247722)
(0.00236122 0.000116773 -0.247745)
(0.00275181 0.000447072 -0.272583)
(-0.000593015 0.000442905 -0.277103)
(-0.00161555 -0.000423885 -0.248062)
(0.00238877 8.66724e-05 -0.248537)
(0.002577 0.000447493 -0.273401)
(-0.000547314 0.00047097 -0.277732)
(-0.00167056 -0.000454343 -0.248324)
(0.00242003 5.53653e-05 -0.249322)
(0.00237281 0.000445979 -0.274128)
(-0.000505569 0.000498527 -0.278317)
(-0.00176273 -0.000493393 -0.248489)
(0.00245516 2.25469e-05 -0.250111)
(0.00213443 0.000434593 -0.274735)
(-0.000467785 0.000525292 -0.278858)
(-0.00188777 -0.000550789 -0.248616)
(0.00249348 -1.18001e-05 -0.250911)
(0.00187098 0.000408756 -0.275241)
(-0.000433624 0.000558033 -0.279357)
(-0.00202736 -0.00060742 -0.248876)
(0.00253337 -4.32316e-05 -0.251726)
(0.00160958 0.000379365 -0.275749)
(-0.00040254 0.000583216 -0.279816)
(-0.00218309 -0.000672172 -0.24935)
(0.00257334 -8.09932e-05 -0.25256)
(0.00136199 0.000343681 -0.276285)
(-0.000374407 0.000605416 -0.280239)
(-0.0023581 -0.000749654 -0.250046)
(0.00261076 -0.000122331 -0.253413)
(0.00113584 0.00030731 -0.276846)
(-0.00034861 0.000632778 -0.280632)
(-0.00255455 -0.000824594 -0.250943)
(0.00264113 -0.000166351 -0.254264)
(0.000935676 0.000273507 -0.277404)
(-0.000323079 0.00063865 -0.280978)
(-0.00277289 -0.00093585 -0.251988)
(0.00265246 -0.00022308 -0.25504)
(0.000762548 0.000230842 -0.277901)
)
;

boundaryField
{
    leftWall
    {
        type            noSlip;
    }
    rightWall
    {
        type            noSlip;
    }
    leftSides_periodic0
    {
        type            cyclic;
    }
    leftSides_periodic1
    {
        type            cyclic;
    }
    rightSides_periodic0
    {
        type            cyclic;
    }
    rightSides_periodic1
    {
        type            cyclic;
    }
    leftInOut_periodic0
    {
        type            cyclic;
    }
    leftInOut_periodic1
    {
        type            cyclic;
    }
    rightInOut_periodic0
    {
        type            cyclic;
    }
    rightInOut_periodic1
    {
        type            cyclic;
    }
    procBoundary2to0
    {
        type            processor;
        value           nonuniform List<vector> 
316
(
(-4.68517e-05 1.41292e-05 0.0012594)
(-7.45049e-05 -3.85055e-06 -0.00470206)
(8.22933e-05 9.80432e-06 -0.00331951)
(0.000241196 -2.52424e-06 -0.00475702)
(1.62269e-05 3.38054e-05 -0.00185258)
(-1.94141e-05 -1.37955e-05 -0.01404)
(8.8349e-05 2.10441e-05 -0.0133184)
(0.000511999 -1.23919e-05 -0.0141127)
(0.000136039 5.7551e-05 -0.00863075)
(-2.96939e-05 -2.78697e-05 -0.0227715)
(3.61484e-05 3.7774e-05 -0.0248636)
(0.000841467 -2.58927e-05 -0.0227008)
(0.000226349 8.18588e-05 -0.0157361)
(-0.000134029 -4.93922e-05 -0.031416)
(1.12285e-05 5.20025e-05 -0.0362548)
(0.00125609 -4.96872e-05 -0.0311244)
(0.000280862 0.000100329 -0.0222428)
(-0.000262403 -6.9275e-05 -0.0402135)
(1.87985e-05 6.30243e-05 -0.0471946)
(0.0016838 -7.2393e-05 -0.0396661)
(0.000318068 0.000119061 -0.0286457)
(-0.000389451 -9.06859e-05 -0.0490359)
(3.94881e-05 7.33721e-05 -0.0579125)
(0.0020972 -9.76792e-05 -0.0481863)
(0.000345196 0.000137574 -0.0351182)
(-0.000506119 -0.000112557 -0.057803)
(6.50141e-05 8.30034e-05 -0.0684542)
(0.0024854 -0.000124383 -0.0566064)
(0.000365097 0.000156035 -0.0416862)
(-0.000609885 -0.000134497 -0.0664297)
(9.14361e-05 9.22921e-05 -0.0787728)
(0.00284439 -0.000152033 -0.0648561)
(0.000379052 0.000174489 -0.0483192)
(-0.000701005 -0.000156461 -0.0748294)
(0.000116599 0.000101016 -0.088787)
(0.00317301 -0.000180482 -0.0728738)
(0.000387846 0.000192931 -0.0549665)
(-0.000781331 -0.00017839 -0.0829208)
(0.000139315 0.00010944 -0.0984113)
(0.00347151 -0.000209579 -0.0806051)
(0.000392099 0.000211323 -0.0615705)
(-0.000853859 -0.000200149 -0.0906405)
(0.000159073 0.000117103 -0.10758)
(0.00374131 -0.000239269 -0.0880055)
(0.000392318 0.000229972 -0.0680755)
(-0.000922175 -0.000221794 -0.0979525)
(0.000175942 0.000124103 -0.116259)
(0.00398491 -0.000269374 -0.0950462)
(0.000388941 0.000248749 -0.0744356)
(-0.000989829 -0.000243269 -0.104851)
(0.000190621 0.000130509 -0.124439)
(0.00420562 -0.000299988 -0.101717)
(0.000382278 0.000268033 -0.0806162)
(-0.00106079 -0.000264048 -0.11135)
(0.000203939 0.000135556 -0.132145)
(0.00440714 -0.000330978 -0.108024)
(0.000372196 0.000288175 -0.0865841)
(-0.00113887 -0.000283756 -0.117496)
(0.000216023 0.000139702 -0.139425)
(0.00459377 -0.000361713 -0.113988)
(0.000358202 0.000308488 -0.09231)
(-0.00122592 -0.000302425 -0.123342)
(0.000226265 0.000143132 -0.146325)
(0.00476986 -0.000392023 -0.119649)
(0.00034015 0.000329339 -0.0977911)
(-0.00132264 -0.000320369 -0.128921)
(0.00023406 0.000145956 -0.152875)
(0.0049377 -0.000421985 -0.125048)
(0.000318562 0.000351361 -0.103037)
(-0.00142987 -0.000337651 -0.134252)
(0.000239171 0.000148191 -0.159101)
(0.00509863 -0.000451937 -0.130208)
(0.000294072 0.000375032 -0.108056)
(-0.00154826 -0.000354029 -0.139354)
(0.000241531 0.000149598 -0.165023)
(0.0052543 -0.000481811 -0.135142)
(0.000266935 0.000400235 -0.112858)
(-0.00167802 -0.00036945 -0.144246)
(0.000241089 0.000150125 -0.170665)
(0.00540595 -0.000511307 -0.139868)
(0.000237405 0.000426294 -0.117461)
(-0.00181897 -0.000383902 -0.148944)
(0.000237816 0.000149747 -0.176045)
(0.00555442 -0.000540469 -0.144402)
(0.000206271 0.000452957 -0.121903)
(-0.00197058 -0.000397384 -0.153464)
(0.000231721 0.000148453 -0.18118)
(0.00570021 -0.000569261 -0.148756)
(0.000174926 0.000480082 -0.126231)
(-0.00213199 -0.000409916 -0.157817)
(0.000222878 0.000146207 -0.186086)
(0.00584345 -0.000597654 -0.152944)
(0.000144783 0.000511593 -0.130466)
(-0.00230207 -0.000421439 -0.162015)
(0.000211425 0.000142939 -0.190776)
(0.00598397 -0.000625616 -0.156976)
(0.000115384 0.000548593 -0.134536)
(-0.00247959 -0.000431852 -0.166068)
(0.000197525 0.000138518 -0.195263)
(0.0061213 -0.000653139 -0.160863)
(8.38275e-05 0.000586013 -0.138312)
(-0.00266323 -0.000441143 -0.169986)
(0.000181295 0.000132725 -0.199564)
(0.00625479 -0.000680259 -0.164613)
(4.75733e-05 0.000621935 -0.141763)
(-0.00285162 -0.000449428 -0.173778)
(0.000162747 0.000125311 -0.203694)
(0.00638366 -0.000706946 -0.168232)
(7.2789e-06 0.000657074 -0.144947)
(-0.0030434 -0.00045689 -0.177451)
(0.000141759 0.000116105 -0.207673)
(0.00650707 -0.000733154 -0.171727)
(-3.44175e-05 0.000694792 -0.147949)
(-0.00323716 -0.000463677 -0.181013)
(0.000118171 0.000105264 -0.211513)
(0.00662398 -0.000758898 -0.175104)
(-7.61198e-05 0.000736105 -0.150835)
(-0.00343142 -0.000469916 -0.18447)
(9.20579e-05 9.32411e-05 -0.215218)
(0.00673307 -0.000784265 -0.178368)
(-0.000118337 0.000785847 -0.1536)
(-0.00362465 -0.000475733 -0.187831)
(6.40341e-05 8.02328e-05 -0.218778)
(0.00683288 -0.000809408 -0.181523)
(-0.000164508 0.000842226 -0.15615)
(-0.00381537 -0.000481244 -0.191104)
(3.5267e-05 6.59193e-05 -0.222179)
(0.00692196 -0.000834429 -0.184573)
(-0.000219902 0.000889985 -0.158414)
(-0.00400225 -0.000486627 -0.194296)
(6.91685e-06 4.93601e-05 -0.225421)
(0.00699888 -0.000859462 -0.187521)
(-0.000284318 0.000920491 -0.160587)
(-0.00418404 -0.000492134 -0.197416)
(-2.07892e-05 2.91899e-05 -0.228534)
(0.00706212 -0.000884728 -0.190373)
(-0.000344783 0.000941474 -0.163147)
(-0.00435933 -0.000497918 -0.200472)
(-4.91763e-05 4.91557e-06 -0.231575)
(0.00710987 -0.000910399 -0.193133)
(-0.000382516 0.000996401 -0.166483)
(-0.0045266 -0.000503826 -0.203472)
(-8.07528e-05 -2.19749e-05 -0.234603)
(0.00714012 -0.000936478 -0.195807)
(-0.000399067 0.00108864 -0.170215)
(-0.0046845 -0.000509416 -0.206427)
(-0.000117507 -4.84771e-05 -0.237637)
(0.00715111 -0.000962852 -0.198398)
(-0.000418482 0.00116884 -0.17351)
(-0.00483227 -0.000514157 -0.209347)
(-0.000158512 -6.96982e-05 -0.240617)
(0.00714189 -0.00098948 -0.200914)
(-0.000456458 0.00122403 -0.176142)
(-0.00496889 -0.00051773 -0.212244)
(-0.000199011 -8.99808e-05 -0.243425)
(0.00711225 -0.00101646 -0.203363)
(-0.00050923 0.00126412 -0.178313)
(-0.00509211 -0.000520105 -0.215126)
(-0.000233541 -0.000115588 -0.245973)
(0.00706198 -0.00104372 -0.205754)
(-0.000564597 0.00132131 -0.180308)
(-0.00519985 -0.000521058 -0.217994)
(-0.000260647 -0.000148135 -0.248294)
(0.00699015 -0.00107073 -0.208101)
(-0.000619819 0.00140228 -0.182226)
(-0.00529327 -0.000520383 -0.220834)
(-0.000282828 -0.000185967 -0.250477)
(0.00689418 -0.00109626 -0.210421)
(-0.000681496 0.00148183 -0.183927)
(-0.00537502 -0.000518263 -0.223623)
(-0.000302855 -0.000218684 -0.252588)
(0.00676895 -0.00111981 -0.212734)
(-0.000756411 0.0015386 -0.185368)
(-0.00544485 -0.000515773 -0.226344)
(-0.000320175 -0.000244783 -0.254626)
(0.00660937 -0.00114133 -0.215054)
(-0.00083668 0.00156115 -0.186904)
(-0.00550091 -0.000513606 -0.228984)
(-0.000330776 -0.000272645 -0.256554)
(0.0064182 -0.00116151 -0.217366)
(-0.000890585 0.00160298 -0.189236)
(-0.00554062 -0.000511678 -0.231531)
(-0.000331747 -0.000311508 -0.258399)
(0.00620568 -0.00118134 -0.219629)
(-0.000897445 0.00172164 -0.19248)
(-0.00556123 -0.000509407 -0.233968)
(-0.000328681 -0.000363512 -0.260355)
(0.00597794 -0.00120324 -0.221803)
(-0.00089208 0.00184149 -0.1955)
(-0.00556178 -0.000511098 -0.23628)
(-0.000340001 -0.000416532 -0.262764)
(0.00574196 -0.00122726 -0.223854)
(-0.000907971 0.00190934 -0.197742)
(-0.00554547 -0.000514253 -0.238453)
(-0.000383886 -0.000440517 -0.265767)
(0.00550669 -0.00125048 -0.225763)
(-0.00094267 0.00195238 -0.199401)
(-0.00551972 -0.000510072 -0.240469)
(-0.000448477 -0.000443171 -0.2689)
(0.00527754 -0.00127039 -0.227537)
(-0.000977206 0.00201394 -0.200822)
(-0.00548724 -0.000499414 -0.24235)
(-0.000500691 -0.000457663 -0.271514)
(0.00505301 -0.00128884 -0.229205)
(-0.00100566 0.00209374 -0.202182)
(-0.00544115 -0.000490249 -0.24414)
(-0.000528675 -0.000491859 -0.273579)
(0.0048299 -0.00130915 -0.230786)
(-0.00102939 0.00217167 -0.203531)
(-0.00538362 -0.000494607 -0.245864)
(-0.0005409 -0.000541833 -0.275368)
(0.00460793 -0.00133039 -0.23228)
(-0.00104944 0.00223697 -0.204928)
(-0.00532511 -0.000511841 -0.247526)
(-0.000547852 -0.000578867 -0.27705)
(0.00438713 -0.00134989 -0.233688)
(-0.00106754 0.00229786 -0.206392)
(-0.00527392 -0.000523731 -0.249111)
(-0.000549414 -0.000603289 -0.278645)
(0.00416617 -0.00136841 -0.235016)
(-0.00108507 0.00235349 -0.207902)
(-0.00522945 -0.000517179 -0.250668)
(-0.000538993 -0.00063128 -0.280111)
(0.00394358 -0.00138716 -0.236268)
(-0.0011025 0.00240906 -0.209434)
(-0.00516917 -0.000492441 -0.252362)
(-0.000514451 -0.00066249 -0.281513)
(0.00371814 -0.00140523 -0.237447)
(-0.00111899 0.00246618 -0.210973)
(-0.00505344 -0.000471595 -0.25438)
(-0.000491384 -0.000696254 -0.283185)
(0.0034887 -0.00142201 -0.238554)
(-0.0011328 0.00252692 -0.212509)
(-0.00486444 -0.000484689 -0.2567)
(-0.000508545 -0.000718867 -0.285743)
(0.00325469 -0.00143773 -0.239595)
(-0.00114554 0.00260144 -0.213952)
(-0.00464099 -0.000525112 -0.258999)
(-0.000595478 -0.000718163 -0.289376)
(0.0030162 -0.00145265 -0.240573)
(-0.00116871 0.00266347 -0.215168)
(-0.00444601 -0.000548933 -0.260936)
(-0.00071246 -0.000708405 -0.293026)
(0.00277346 -0.00146689 -0.241495)
(-0.00120275 0.00268349 -0.216391)
(-0.00429223 -0.000540781 -0.262533)
(-0.000790875 -0.000717885 -0.295599)
(0.00252612 -0.00148044 -0.242367)
(-0.00120742 0.00270847 -0.218425)
(-0.00415101 -0.000523846 -0.26397)
(-0.000823752 -0.000754752 -0.297273)
(0.00227231 -0.00149325 -0.243198)
(-0.00113986 0.00278475 -0.221912)
(-0.00399952 -0.000521512 -0.265354)
(-0.000837395 -0.00079316 -0.298547)
(0.00200865 -0.0015052 -0.244003)
(-0.00102262 0.00289434 -0.226098)
(-0.00383326 -0.000523187 -0.266724)
(-0.000850695 -0.000819465 -0.299703)
(0.00173211 -0.00151568 -0.244801)
(-0.000923005 0.00299045 -0.229534)
(-0.00365272 -0.000519322 -0.268084)
(-0.000864316 -0.000844431 -0.300799)
(0.00144097 -0.00152503 -0.245614)
(-0.000870026 0.00303039 -0.231894)
(-0.00345892 -0.000514015 -0.269434)
(-0.000876952 -0.000867922 -0.301827)
(0.00113613 -0.00153213 -0.246466)
(-0.000840905 0.00305784 -0.233617)
(-0.00325268 -0.000507392 -0.270773)
(-0.000887685 -0.000888975 -0.302779)
(0.000817672 -0.00153456 -0.247396)
(-0.000810833 0.00310367 -0.235132)
(-0.00303416 -0.000499478 -0.272101)
(-0.000895653 -0.000907436 -0.303652)
(0.000481835 -0.00153408 -0.248462)
(-0.000776659 0.00314985 -0.236605)
(-0.00280356 -0.000490506 -0.273419)
(-0.000899911 -0.000922857 -0.304444)
(0.000126863 -0.00152982 -0.249721)
(-0.000740901 0.00319104 -0.238044)
(-0.00256144 -0.000480575 -0.274723)
(-0.000899411 -0.000934583 -0.305155)
(-0.000242409 -0.00152542 -0.2512)
(-0.000705228 0.00322909 -0.239436)
(-0.00230771 -0.000468521 -0.276018)
(-0.000893154 -0.000942437 -0.305782)
(-0.000609092 -0.00152355 -0.252897)
(-0.000671003 0.00326465 -0.240779)
(-0.00203725 -0.000449744 -0.277336)
(-0.000880457 -0.000945837 -0.306323)
(-0.000947994 -0.001513 -0.254774)
(-0.000639239 0.00329771 -0.242073)
(-0.00173903 -0.000419684 -0.27875)
(-0.000861054 -0.000944222 -0.306771)
(-0.00125424 -0.00147735 -0.256673)
(-0.000610712 0.00331739 -0.243322)
(-0.00141419 -0.00039574 -0.280266)
(-0.000835093 -0.000947927 -0.307121)
(-0.00154596 -0.00144812 -0.258322)
(-0.000586121 0.00334226 -0.244529)
(-0.00109462 -0.000363359 -0.281729)
(-0.000802852 -0.000937701 -0.307365)
(-0.00181432 -0.00141599 -0.259604)
(-0.000566639 0.00336719 -0.245697)
(-0.000800406 -0.000314051 -0.283029)
(-0.000764289 -0.00091856 -0.307495)
(-0.00204853 -0.00137699 -0.260503)
(-0.000553877 0.00338211 -0.246826)
(-0.000533529 -0.000266847 -0.284151)
(-0.000719007 -0.00090132 -0.307505)
(-0.00224194 -0.0013455 -0.261029)
(-0.000549912 0.0034192 -0.247918)
(-0.000290868 -0.000191237 -0.28513)
(-0.000665991 -0.000850151 -0.307407)
(-0.0023921 -0.00126879 -0.261212)
)
;
    }
    procBoundary2to0throughleftSides_periodic1
    {
        type            processorCyclic;
        value           nonuniform List<vector> 
314
(
(-0.000432907 -0.00107546 -0.00701766)
(-0.000902327 0.000863951 -0.0238697)
(-0.000852146 -0.00170265 -0.0412265)
(-0.000667676 -0.000264847 -0.0573922)
(-0.000538938 -0.00141505 -0.0722338)
(-0.000425527 -0.00144921 -0.0860713)
(-0.000311289 -0.0017675 -0.0990503)
(-0.000189769 -0.00206102 -0.111218)
(-5.91125e-05 -0.00236825 -0.12257)
(7.9692e-05 -0.00267113 -0.133092)
(0.000223407 -0.0029704 -0.14279)
(0.00036753 -0.00326161 -0.151703)
(0.000507574 -0.00354261 -0.159884)
(0.000639697 -0.00381217 -0.167388)
(0.000761157 -0.00407065 -0.174272)
(0.00087051 -0.00431931 -0.180596)
(0.000967312 -0.00455892 -0.18642)
(0.0010518 -0.00478998 -0.191798)
(0.00112456 -0.00501335 -0.196782)
(0.00118635 -0.00522989 -0.201418)
(0.001238 -0.00544056 -0.205744)
(0.00128033 -0.00564591 -0.209797)
(0.00131412 -0.00584637 -0.213607)
(0.00134012 -0.00604259 -0.217199)
(0.00135904 -0.00623534 -0.220597)
(0.00137154 -0.00642525 -0.223821)
(0.00137821 -0.00661319 -0.226891)
(0.00137955 -0.00679968 -0.229824)
(0.00137597 -0.00698479 -0.232634)
(0.00136769 -0.00716928 -0.235337)
(0.00135474 -0.00735375 -0.237945)
(0.00133711 -0.00753893 -0.240469)
(0.00131481 -0.00772547 -0.242915)
(0.001288 -0.00791379 -0.24529)
(0.00125696 -0.00810412 -0.247598)
(0.00122201 -0.00829585 -0.249843)
(0.00118345 -0.00848767 -0.252028)
(0.00114149 -0.00867892 -0.254151)
(0.00109637 -0.00887012 -0.256213)
(0.0010484 -0.00906197 -0.258217)
(0.000998147 -0.00925495 -0.260165)
(0.000946492 -0.0094502 -0.26206)
(0.000894507 -0.00964803 -0.263904)
(0.000843308 -0.0098459 -0.2657)
(0.000793887 -0.0100144 -0.267453)
(0.000746895 -0.0101302 -0.269165)
(0.000701414 -0.010487 -0.270827)
(0.000653466 -0.0112416 -0.272329)
(0.000606302 -0.0118349 -0.273425)
(0.000582714 -0.0114862 -0.274037)
(0.000604118 -0.0104446 -0.27485)
(0.000613928 -0.00986392 -0.277582)
(0.00054997 -0.0111114 -0.282336)
(0.000457066 -0.0128116 -0.286742)
(0.000368703 -0.0133109 -0.289639)
(0.000297691 -0.0132195 -0.291357)
(0.000237638 -0.0129527 -0.292526)
(0.00018253 -0.0130505 -0.293555)
(0.000132408 -0.0134154 -0.294558)
(8.78798e-05 -0.0136161 -0.295524)
(4.90982e-05 -0.0138412 -0.296446)
(1.60645e-05 -0.0140796 -0.29732)
(-1.12971e-05 -0.0143138 -0.298145)
(-3.3263e-05 -0.0145419 -0.298914)
(-5.03678e-05 -0.014763 -0.299616)
(-6.30622e-05 -0.014975 -0.300231)
(-7.14325e-05 -0.0151779 -0.300745)
(-7.51655e-05 -0.0153733 -0.301151)
(-7.32148e-05 -0.0155625 -0.301445)
(-6.25967e-05 -0.0157447 -0.301624)
(-3.82962e-05 -0.015919 -0.301684)
(2.25322e-06 -0.0160868 -0.301621)
(4.80324e-05 -0.0162542 -0.301432)
(8.9353e-05 -0.0164222 -0.301113)
(0.000133975 -0.0165722 -0.300657)
(0.000200793 -0.0167158 -0.300054)
(0.000288091 -0.0168608 -0.299294)
(0.00038118 -0.0169059 -0.29837)
(0.000476182 -0.016911 -0.297333)
(0.00743126 7.42328e-05 -0.00544838)
(0.0141904 0.000221122 -0.0187744)
(0.0138368 0.000374064 -0.0323718)
(0.0124998 0.000601461 -0.0449105)
(0.0123163 0.000774713 -0.0564299)
(0.0123912 0.000957124 -0.0672635)
(0.0123692 0.00113854 -0.0775677)
(0.0121161 0.00131729 -0.0873969)
(0.0115973 0.00149463 -0.096754)
(0.0108291 0.00167007 -0.105618)
(0.00985797 0.00184258 -0.113963)
(0.00874276 0.00201031 -0.12178)
(0.00754587 0.00217397 -0.129078)
(0.00633724 0.00233381 -0.135881)
(0.005179 0.00248646 -0.142216)
(0.00410912 0.00263134 -0.14812)
(0.00314605 0.00277077 -0.153635)
(0.00228932 0.00290793 -0.158796)
(0.00153562 0.00304329 -0.163634)
(0.000887849 0.00317591 -0.168173)
(0.000347733 0.00330634 -0.172437)
(-8.57633e-05 0.0034344 -0.176451)
(-0.000417686 0.00355981 -0.180237)
(-0.000657463 0.00368293 -0.183821)
(-0.000817178 0.00380515 -0.187226)
(-0.000908496 0.00392756 -0.190474)
(-0.000941218 0.0040492 -0.193581)
(-0.000924486 0.00416877 -0.196564)
(-0.000867892 0.00428673 -0.199441)
(-0.000781173 0.00440458 -0.202225)
(-0.000672628 0.00452339 -0.204925)
(-0.000547607 0.00464273 -0.207547)
(-0.000409178 0.00476173 -0.210098)
(-0.000259622 0.0048804 -0.212582)
(-0.000101375 0.00499889 -0.215004)
(6.23636e-05 0.00511724 -0.217369)
(0.000227945 0.00523571 -0.219682)
(0.000392118 0.00535235 -0.221945)
(0.000552585 0.00547215 -0.224161)
(0.00071343 0.00559962 -0.226327)
(0.000885556 0.00572693 -0.228438)
(0.0010773 0.00584875 -0.230486)
(0.00128942 0.00596408 -0.232473)
(0.00151373 0.0060775 -0.234407)
(0.00173749 0.00616197 -0.236293)
(0.00194786 0.00627351 -0.238134)
(0.002212 0.00663777 -0.239888)
(0.00280021 0.00712511 -0.241368)
(0.00398279 0.00717176 -0.242357)
(0.00551052 0.00651222 -0.243177)
(0.0063197 0.00580147 -0.245152)
(0.00550929 0.00645861 -0.249226)
(0.00412774 0.00769454 -0.253448)
(0.00322839 0.00817803 -0.25635)
(0.00301786 0.00800208 -0.258195)
(0.00329917 0.00779079 -0.259558)
(0.00367062 0.0078627 -0.260826)
(0.00396329 0.00802829 -0.262094)
(0.00419668 0.00814038 -0.263343)
(0.00439679 0.00826185 -0.264556)
(0.00458991 0.00838458 -0.265724)
(0.00478863 0.00849636 -0.266844)
(0.00499147 0.00859819 -0.267914)
(0.00519279 0.00869403 -0.268935)
(0.0053919 0.00878445 -0.269909)
(0.00559057 0.00886898 -0.270838)
(0.00578916 0.00894733 -0.271723)
(0.00598649 0.00901914 -0.272565)
(0.00618084 0.00908415 -0.273367)
(0.00637022 0.00914211 -0.274128)
(0.00655245 0.0091929 -0.274849)
(0.00672513 0.00923709 -0.275528)
(0.00688602 0.0092756 -0.276162)
(0.00703304 0.00930787 -0.276743)
(0.00716422 0.00934065 -0.277262)
(0.00727668 0.00935236 -0.277707)
(0.00736873 0.00936163 -0.278065)
(0.00743839 0.00935311 -0.278333)
(0.0074899 0.00924478 -0.278577)
(0.000427908 -4.90535e-05 -0.00574697)
(0.000888659 -0.000162753 -0.0201282)
(0.000834779 -0.000275196 -0.0351624)
(0.000652992 -0.00044829 -0.0491529)
(0.000533844 -0.000589589 -0.0620073)
(0.000437355 -0.000740226 -0.0741052)
(0.000347904 -0.000892402 -0.085621)
(0.000259594 -0.00104534 -0.0966159)
(0.000170692 -0.00120098 -0.107093)
(8.15204e-05 -0.00135936 -0.117028)
(-6.42421e-06 -0.00151982 -0.1264)
(-9.07356e-05 -0.00168222 -0.135207)
(-0.000168187 -0.00184756 -0.143468)
(-0.000235512 -0.00201409 -0.151203)
(-0.000290726 -0.00217872 -0.158441)
(-0.000333154 -0.00234178 -0.165233)
(-0.000363243 -0.00250532 -0.17163)
(-0.000382534 -0.00267093 -0.17767)
(-0.000392308 -0.00283754 -0.183385)
(-0.000393169 -0.00300542 -0.188797)
(-0.000385335 -0.00317772 -0.193922)
(-0.000368522 -0.00335566 -0.19877)
(-0.000342256 -0.00353476 -0.203355)
(-0.000306709 -0.00370475 -0.207709)
(-0.000263582 -0.0038565 -0.211886)
(-0.000216302 -0.00399065 -0.21596)
(-0.000168982 -0.00412122 -0.219981)
(-0.000124014 -0.00428199 -0.223948)
(-7.94799e-05 -0.00449265 -0.227779)
(-3.04603e-05 -0.00470461 -0.231358)
(2.67882e-05 -0.00487365 -0.23463)
(9.42127e-05 -0.00500311 -0.23765)
(0.000170704 -0.00512101 -0.240498)
(0.000252153 -0.00527004 -0.243226)
(0.000336446 -0.0054304 -0.245853)
(0.000423335 -0.00557405 -0.248383)
(0.000512474 -0.00571208 -0.250825)
(0.000603669 -0.00584448 -0.253196)
(0.000696265 -0.00598004 -0.255505)
(0.000789569 -0.00611869 -0.257755)
(0.000883038 -0.00625158 -0.259948)
(0.000975746 -0.00638063 -0.262085)
(0.0010664 -0.00650736 -0.264172)
(0.00115358 -0.00663262 -0.266211)
(0.00123604 -0.00675648 -0.268206)
(0.00131305 -0.00687752 -0.27016)
(0.00138345 -0.00699387 -0.272077)
(0.00144035 -0.0071042 -0.273965)
(0.00147018 -0.00720787 -0.275832)
(0.00146583 -0.00729572 -0.277687)
(0.00143905 -0.00739128 -0.279536)
(0.00142056 -0.00751621 -0.281376)
(0.00143841 -0.00764223 -0.283156)
(0.00149677 -0.00770056 -0.284821)
(0.00158089 -0.00785215 -0.286348)
(0.00166817 -0.00821404 -0.287603)
(0.00173207 -0.00843896 -0.288241)
(0.00176291 -0.00810539 -0.288289)
(0.00179764 -0.00724851 -0.288883)
(0.00192779 -0.00727492 -0.292133)
(0.00212023 -0.00838064 -0.297103)
(0.00224146 -0.00887735 -0.300616)
(0.00229429 -0.00858813 -0.302459)
(0.00232803 -0.0082959 -0.30338)
(0.0023638 -0.00831144 -0.304084)
(0.00239829 -0.00833169 -0.304772)
(0.00243148 -0.00829841 -0.305411)
(0.00246356 -0.00826525 -0.305975)
(0.00249372 -0.00823115 -0.306452)
(0.00251743 -0.00818891 -0.306833)
(0.00252586 -0.00813489 -0.307109)
(0.00251425 -0.00806813 -0.307276)
(0.00249698 -0.00798973 -0.307331)
(0.00248116 -0.00789062 -0.307277)
(0.00245045 -0.00778535 -0.307117)
(0.00237752 -0.00766323 -0.306853)
(0.00226301 -0.00752475 -0.306487)
(0.00212681 -0.00740309 -0.306021)
(-0.00724301 7.52569e-05 -0.00693167)
(-0.0135859 0.000228873 -0.0231677)
(-0.0127841 0.000387175 -0.0395357)
(-0.0110064 0.000624928 -0.0546132)
(-0.0103768 0.00080453 -0.068426)
(-0.0100321 0.000993128 -0.0813203)
(-0.00964286 0.00118019 -0.0934666)
(-0.00909304 0.00136402 -0.10494)
(-0.00835675 0.00154606 -0.115764)
(-0.00745132 0.00172521 -0.125941)
(-0.00641709 0.00190174 -0.135465)
(-0.00531756 0.00207627 -0.144345)
(-0.00422455 0.00224453 -0.152602)
(-0.00318633 0.00240312 -0.160282)
(-0.00222674 0.00255369 -0.167449)
(-0.00134911 0.00270035 -0.174154)
(-0.000548146 0.002845 -0.180434)
(0.000173586 0.00298612 -0.186323)
(0.000811162 0.00312342 -0.19185)
(0.00136302 0.00325762 -0.197045)
(0.00183016 0.00338893 -0.201935)
(0.00221577 0.00351757 -0.206544)
(0.00252503 0.00364387 -0.210898)
(0.00276445 0.00376855 -0.215018)
(0.00294081 0.00389236 -0.218922)
(0.00305997 0.0040161 -0.222628)
(0.00312575 0.00414067 -0.226151)
(0.00313937 0.00426602 -0.229505)
(0.003101 0.00439102 -0.232701)
(0.00301294 0.0045136 -0.235753)
(0.00288273 0.00463245 -0.238677)
(0.00272307 0.0047493 -0.24149)
(0.00254791 0.00486745 -0.244205)
(0.00236761 0.00498876 -0.246835)
(0.00218712 0.0051129 -0.249384)
(0.00200782 0.00523826 -0.251856)
(0.00183027 0.00536402 -0.254256)
(0.00165578 0.0054906 -0.256587)
(0.00148641 0.00561833 -0.258852)
(0.00132457 0.00574735 -0.261056)
(0.00117294 0.00587779 -0.2632)
(0.00103439 0.00600984 -0.265288)
(0.000911955 0.00614356 -0.26732)
(0.000809063 0.00627871 -0.269299)
(0.000730366 0.00641382 -0.271225)
(0.000683464 0.00654629 -0.273102)
(0.00067889 0.00666531 -0.274936)
(0.000717532 0.00680612 -0.276731)
(0.000749323 0.00698358 -0.278474)
(0.000692735 0.00715731 -0.280116)
(0.000506776 0.00731243 -0.281625)
(0.000208007 0.00745266 -0.283007)
(-0.000133131 0.00761021 -0.284282)
(-0.000453603 0.0077759 -0.285457)
(-0.000735918 0.00792463 -0.286532)
(-0.000986771 0.00806793 -0.287504)
(-0.00121034 0.0082111 -0.288371)
(-0.00140195 0.00835696 -0.289133)
(-0.00155533 0.00850723 -0.289788)
(-0.00167997 0.00865954 -0.290336)
(-0.00179456 0.00880613 -0.290776)
(-0.00190762 0.00894333 -0.291111)
(-0.00201533 0.0090732 -0.291341)
(-0.00211028 0.00919668 -0.291468)
(-0.00219025 0.00931334 -0.291494)
(-0.00225542 0.00942808 -0.291423)
(-0.00230383 0.00955244 -0.29126)
(-0.00233028 0.00967665 -0.291011)
(-0.00232299 0.00972633 -0.290698)
(-0.00225919 0.00976212 -0.290343)
(-0.00227078 0.0102838 -0.289573)
(-0.00255201 0.0108906 -0.287283)
(-0.00303174 0.00987845 -0.282502)
(-0.00356298 0.00822655 -0.276345)
(-0.0036653 0.00986393 -0.274728)
(-0.00352283 0.0111238 -0.275168)
(-0.0033614 0.0108542 -0.275046)
(-0.00327111 0.0103716 -0.27403)
)
;
    }
    procBoundary2to1throughleftSides_periodic1
    {
        type            processorCyclic;
        value           nonuniform List<vector> 2((0.0019772 -0.00718104 -0.305514) (-0.00319916 0.0102546 -0.272789));
    }
    procBoundary2to1throughrightSides_periodic1
    {
        type            processorCyclic;
        value           nonuniform List<vector> 2((0.000567057 -0.0169975 -0.296299) (0.00753233 0.00924086 -0.278897));
    }
    procBoundary2to3
    {
        type            processor;
        value           nonuniform List<vector> 
11
(
(-0.000403697 -0.00464181 -0.288717)
(0.013313 0.00367473 -0.288206)
(0.00118474 -9.85855e-05 -0.303992)
(-0.0107698 0.00424845 -0.27562)
(-0.000289445 0.000656912 -0.281229)
(-0.0030088 -0.00102621 -0.253074)
(-0.000403697 -0.00464181 -0.288717)
(0.013313 0.00367473 -0.288206)
(0.0026408 -0.000270464 -0.255708)
(-0.000289445 0.000656912 -0.281229)
(0.000620854 0.000200054 -0.278317)
)
;
    }
    procBoundary2to3throughrightInOut_periodic1
    {
        type            processorCyclic;
        value           uniform (-0.0030088 -0.00102621 -0.253074);
    }
}


// ************************************************************************* //
