/*--------------------------------*- C++ -*----------------------------------*\
| =========                 |                                                 |
| \\      /  F ield         | OpenFOAM: The Open Source CFD Toolbox           |
|  \\    /   O peration     | Version:  v1906                                 |
|   \\  /    A nd           | Web:      www.OpenFOAM.com                      |
|    \\/     M anipulation  |                                                 |
\*---------------------------------------------------------------------------*/
FoamFile
{
    version     2.0;
    format      ascii;
    class       volVectorField;
    location    "99.2";
    object      UMean;
}
// * * * * * * * * * * * * * * * * * * * * * * * * * * * * * * * * * * * * * //

dimensions      [0 1 -1 0 0 0 0];


internalField   nonuniform List<vector> 
630
(
(0.000675814 0.000626137 -0.281203)
(0.000619978 0.00172625 -0.284408)
(0.000224478 0.000626282 -0.284706)
(-0.000334082 0.000933515 -0.272451)
(0.000649524 0.000593141 -0.280557)
(0.00062376 0.00174492 -0.283958)
(0.000266318 0.000606289 -0.283627)
(-0.000309655 0.000945015 -0.271401)
(0.000608846 0.00058464 -0.279893)
(0.000627827 0.00174865 -0.283481)
(0.000324803 0.000592936 -0.282543)
(-0.000288963 0.00092354 -0.270567)
(0.000561543 0.000591647 -0.279216)
(0.000634226 0.00173756 -0.282977)
(0.000374597 0.000613853 -0.281675)
(-0.000273546 0.000902106 -0.269743)
(0.000516568 0.000587865 -0.278471)
(0.000641255 0.00172895 -0.282393)
(0.000411828 0.00064109 -0.280898)
(-0.000263597 0.000887589 -0.268769)
(0.000477531 0.000581766 -0.277595)
(0.00064007 0.00173024 -0.281744)
(0.000449898 0.000635046 -0.280039)
(-0.000256353 0.000887518 -0.26762)
(0.000430988 0.000569665 -0.276578)
(0.000635169 0.00172428 -0.280986)
(0.00049439 0.000630847 -0.279111)
(-0.000250512 0.000882113 -0.266404)
(0.000370035 0.000563202 -0.275536)
(0.000626646 0.00172356 -0.280056)
(0.000539663 0.000636214 -0.27811)
(-0.000236876 0.000868469 -0.265102)
(0.000304549 0.000551894 -0.274444)
(0.000617033 0.00171708 -0.279037)
(0.00058499 0.000640254 -0.277036)
(-0.000215126 0.000858724 -0.263577)
(0.000253249 0.000550033 -0.273256)
(0.000605484 0.00170441 -0.278022)
(0.000637178 0.000645516 -0.27596)
(-0.000183225 0.000866868 -0.261888)
(0.000215433 0.000551486 -0.271919)
(0.000596407 0.00169617 -0.277016)
(0.000690046 0.000644578 -0.274787)
(-0.00014627 0.000875464 -0.260226)
(0.000188652 0.00054837 -0.270534)
(0.000589293 0.00168375 -0.275938)
(0.000734945 0.000655008 -0.273459)
(-0.000122421 0.000855892 -0.258653)
(0.000165501 0.000538753 -0.269138)
(0.000581547 0.00167082 -0.274749)
(0.000792611 0.000667345 -0.27202)
(-0.000106838 0.00084658 -0.257065)
(0.000138552 0.000530507 -0.267814)
(0.000571033 0.00166378 -0.273513)
(0.000868053 0.00067009 -0.270458)
(-8.63867e-05 0.000838709 -0.255462)
(0.00010614 0.000535187 -0.266546)
(0.000554028 0.00166608 -0.272198)
(0.000953719 0.000653471 -0.268792)
(-6.29267e-05 0.000838377 -0.253758)
(7.66106e-05 0.000537406 -0.265166)
(0.000534727 0.00164635 -0.27085)
(0.00102441 0.000650111 -0.267268)
(-4.30365e-05 0.000841271 -0.251975)
(5.13245e-05 0.000531629 -0.263689)
(0.00051707 0.00161898 -0.269476)
(0.00107333 0.000663188 -0.265836)
(-2.4853e-05 0.000848615 -0.25015)
(1.80795e-05 0.000524704 -0.262171)
(0.000498215 0.00160734 -0.267996)
(0.00110349 0.0006698 -0.264433)
(1.55349e-06 0.000835164 -0.24841)
(-1.75077e-05 0.000526526 -0.260644)
(0.000474767 0.00162137 -0.266338)
(0.00113277 0.000674763 -0.26302)
(3.71128e-05 0.000818013 -0.246687)
(-5.08313e-05 0.000523177 -0.258989)
(0.000447701 0.00160784 -0.264633)
(0.00117642 0.000680821 -0.261548)
(7.63453e-05 0.000834382 -0.244777)
(-9.1887e-05 0.000526855 -0.257256)
(0.000408135 0.00156836 -0.263025)
(0.0012298 0.00069582 -0.259996)
(0.000100443 0.000837642 -0.242841)
(-0.000152318 0.000532202 -0.255463)
(0.000365855 0.00155548 -0.261375)
(0.00129299 0.00070076 -0.258235)
(0.000121239 0.000832272 -0.240966)
(-0.000232784 0.00052668 -0.253606)
(0.000330646 0.00154767 -0.259666)
(0.00135041 0.000676545 -0.256321)
(0.00014449 0.000825761 -0.239096)
(-0.000321261 0.000522975 -0.251728)
(0.000300479 0.00154862 -0.257837)
(0.00139505 0.000666603 -0.254417)
(0.00017077 0.000816531 -0.237167)
(-0.000394074 0.000532514 -0.249902)
(0.000279587 0.00152297 -0.256059)
(0.00144746 0.000688347 -0.252539)
(0.000202513 0.000825278 -0.235062)
(-0.000455809 0.000532217 -0.247971)
(0.000264088 0.00149328 -0.254321)
(0.00151377 0.000707805 -0.250554)
(0.000234428 0.000824339 -0.232947)
(-0.000511972 0.000534272 -0.245855)
(0.000250788 0.00147575 -0.252487)
(0.00157667 0.000706115 -0.248338)
(0.000266216 0.000814358 -0.230781)
(-0.000560272 0.000538448 -0.243578)
(0.000236826 0.00146786 -0.250538)
(0.00162858 0.000674595 -0.245941)
(0.000298984 0.000812868 -0.228541)
(-0.000604869 0.000539275 -0.241255)
(0.000218493 0.00144884 -0.248527)
(0.0016699 0.000675225 -0.243672)
(0.000326971 0.000820989 -0.226304)
(-0.000650923 0.000545006 -0.238957)
(0.00019353 0.00143086 -0.246458)
(0.00171991 0.000686232 -0.241548)
(0.000347783 0.00082364 -0.224103)
(-0.000728068 0.000535775 -0.236672)
(0.000170084 0.00141263 -0.244288)
(0.00177186 0.000693129 -0.239472)
(0.000362892 0.000818914 -0.221933)
(-0.00081831 0.000520573 -0.234375)
(0.000148529 0.00139012 -0.242104)
(0.00181801 0.000688229 -0.237337)
(0.000377194 0.000804488 -0.219763)
(-0.000890492 0.000529226 -0.232062)
(0.000123503 0.00136956 -0.239856)
(0.00185397 0.000683904 -0.235182)
(0.000389181 0.000796843 -0.217532)
(-0.000944356 0.00055132 -0.229686)
(0.0001004 0.00134978 -0.237564)
(0.00188563 0.000670058 -0.232985)
(0.000400369 0.000804012 -0.215214)
(-0.00100826 0.000553038 -0.227272)
(8.42681e-05 0.00133268 -0.23529)
(0.001917 0.000667967 -0.230768)
(0.000409962 0.000802372 -0.212833)
(-0.00108476 0.000530755 -0.224807)
(7.45728e-05 0.00130479 -0.233044)
(0.00195589 0.000661337 -0.228484)
(0.000415687 0.000799725 -0.210442)
(-0.0011627 0.00051322 -0.222361)
(7.00172e-05 0.00127664 -0.23075)
(0.00199826 0.000656984 -0.226135)
(0.000419783 0.000784241 -0.208092)
(-0.00122174 0.000521778 -0.219974)
(6.91394e-05 0.00124712 -0.228374)
(0.00204797 0.000648073 -0.223696)
(0.000428032 0.000772434 -0.205721)
(-0.00126896 0.000526746 -0.217534)
(6.31102e-05 0.00122182 -0.225924)
(0.00209692 0.000632443 -0.221212)
(0.000439924 0.000764808 -0.203287)
(-0.00131052 0.000516736 -0.215027)
(5.39094e-05 0.00120024 -0.223397)
(0.00213722 0.000626374 -0.218688)
(0.000452071 0.000758636 -0.200827)
(-0.00134824 0.00050513 -0.212501)
(4.53092e-05 0.00117175 -0.220852)
(0.00217273 0.000617985 -0.216117)
(0.000461983 0.000751982 -0.19834)
(-0.00138775 0.000500017 -0.209932)
(3.65012e-05 0.00114116 -0.218281)
(0.00221089 0.000604426 -0.213523)
(0.000469624 0.000742691 -0.195822)
(-0.00143106 0.00049262 -0.207282)
(2.6772e-05 0.00110819 -0.215664)
(0.00224626 0.000588731 -0.210888)
(0.000474769 0.000728862 -0.193277)
(-0.00147488 0.000478939 -0.204558)
(1.54395e-05 0.00107656 -0.212986)
(0.00226951 0.000577088 -0.208179)
(0.000478557 0.000711093 -0.190685)
(-0.00151347 0.000466851 -0.201782)
(3.90682e-06 0.00104253 -0.210255)
(0.00228357 0.000562168 -0.205406)
(0.000482696 0.000694615 -0.188034)
(-0.00154657 0.000457616 -0.198943)
(-6.69309e-06 0.00100708 -0.207454)
(0.00229525 0.000544724 -0.202582)
(0.00048767 0.000680146 -0.185315)
(-0.00157606 0.000445433 -0.196027)
(-1.53113e-05 0.000974646 -0.204567)
(0.00230704 0.00052761 -0.199691)
(0.000492989 0.000664788 -0.182521)
(-0.0016023 0.000431041 -0.193027)
(-2.12663e-05 0.000940631 -0.201573)
(0.00231692 0.000509995 -0.196698)
(0.000497908 0.000647155 -0.179644)
(-0.00162403 0.000416279 -0.189932)
(-2.58522e-05 0.000902685 -0.198464)
(0.0023225 0.000492206 -0.193591)
(0.000502324 0.000627914 -0.176678)
(-0.00164064 0.00040091 -0.18673)
(-3.23802e-05 0.00086457 -0.195255)
(0.00232399 0.000472575 -0.190385)
(0.000506335 0.000607634 -0.17362)
(-0.00165288 0.000384646 -0.18341)
(-4.13905e-05 0.000827293 -0.19194)
(0.00232159 0.000451857 -0.187074)
(0.000509929 0.000586457 -0.170467)
(-0.00166118 0.000367987 -0.179967)
(-5.1393e-05 0.000790126 -0.188497)
(0.00231481 0.000431303 -0.18364)
(0.000513255 0.000564251 -0.167207)
(-0.00166541 0.000351068 -0.176382)
(-6.09504e-05 0.000751694 -0.184904)
(0.00230315 0.000410684 -0.180058)
(0.000516301 0.00054092 -0.163821)
(-0.00166545 0.000333605 -0.172627)
(-6.97393e-05 0.000711877 -0.181138)
(0.00228646 0.000389573 -0.176304)
(0.000518908 0.000516793 -0.160286)
(-0.00166144 0.000315688 -0.168676)
(-7.81096e-05 0.000672229 -0.177177)
(0.00226496 0.000367915 -0.172351)
(0.00052081 0.000491975 -0.156578)
(-0.00165371 0.000297508 -0.164502)
(-8.62455e-05 0.000632645 -0.172993)
(0.00223893 0.000346143 -0.168172)
(0.000521857 0.000466256 -0.152673)
(-0.00164266 0.00027915 -0.160076)
(-9.42271e-05 0.000592694 -0.16856)
(0.00220874 0.000324311 -0.163737)
(0.000521983 0.000439762 -0.148546)
(-0.00162862 0.000260646 -0.15537)
(-0.000102127 0.000552742 -0.163844)
(0.00217469 0.000302389 -0.159018)
(0.000521052 0.000412871 -0.144167)
(-0.00161167 0.000242157 -0.150355)
(-0.000109954 0.000513053 -0.158815)
(0.00213683 0.000280481 -0.153984)
(0.000518883 0.000385814 -0.139507)
(-0.00159153 0.000223717 -0.145006)
(-0.000117625 0.000473766 -0.153437)
(0.00209481 0.000258706 -0.148606)
(0.000515279 0.000358707 -0.134539)
(-0.00156739 0.000205238 -0.139298)
(-0.000124999 0.000435014 -0.147681)
(0.00204786 0.000237138 -0.142859)
(0.000510015 0.000331673 -0.129238)
(-0.00153787 0.000186823 -0.133213)
(-0.000131879 0.000396924 -0.141517)
(0.00199475 0.000215817 -0.136719)
(0.000502753 0.000304854 -0.123586)
(-0.0015012 0.000168817 -0.126734)
(-0.000138076 0.000359691 -0.13492)
(0.00193395 0.000194846 -0.130166)
(0.000493004 0.000278357 -0.117568)
(-0.00145554 0.000151429 -0.119849)
(-0.000143407 0.000323502 -0.127869)
(0.00186393 0.000174398 -0.123187)
(0.000480125 0.000252221 -0.111174)
(-0.00139949 0.000134725 -0.11255)
(-0.000147617 0.00028838 -0.120345)
(0.0017834 0.00015471 -0.115773)
(0.000463469 0.00022647 -0.104401)
(-0.0013325 0.000118725 -0.104844)
(-0.000150459 0.000254324 -0.112341)
(0.00169154 0.000136001 -0.107925)
(0.00044258 0.000201264 -0.0972588)
(-0.00125487 0.000103452 -0.0967544)
(-0.000151655 0.000221469 -0.103866)
(0.00158815 0.000118303 -0.0996626)
(0.000417269 0.00017683 -0.0897799)
(-0.00116777 8.89286e-05 -0.0883413)
(-0.000150793 0.000190206 -0.0949675)
(0.00147389 0.000101508 -0.0910405)
(0.000387756 0.000153316 -0.0820284)
(-0.0010729 7.50649e-05 -0.079702)
(-0.000147372 0.000160866 -0.0857393)
(0.00135025 8.55095e-05 -0.0821543)
(0.000354704 0.000130848 -0.0740976)
(-0.000972121 6.18563e-05 -0.0709664)
(-0.000141036 0.000133542 -0.0763248)
(0.0012193 7.0364e-05 -0.0731391)
(0.000319129 0.000109597 -0.0661013)
(-0.000867404 4.94824e-05 -0.0622787)
(-0.000131859 0.000108366 -0.0668988)
(0.00108349 5.62809e-05 -0.0641508)
(0.000282295 8.97721e-05 -0.058157)
(-0.00076055 3.8123e-05 -0.0537712)
(-0.000120366 8.55625e-05 -0.0576357)
(0.000945293 4.3438e-05 -0.0553375)
(0.000245491 7.15866e-05 -0.0503671)
(-0.000652981 2.79676e-05 -0.0455415)
(-0.000107374 6.531e-05 -0.0486748)
(0.000806967 3.20167e-05 -0.0468127)
(0.000209797 5.52195e-05 -0.0428042)
(-0.000545726 1.91974e-05 -0.037643)
(-9.38029e-05 4.76685e-05 -0.0400997)
(0.000670294 2.21829e-05 -0.0386414)
(0.000175964 4.07643e-05 -0.0355063)
(-0.000439505 1.19453e-05 -0.0300911)
(-8.04607e-05 3.27859e-05 -0.0319412)
(0.000536521 1.40505e-05 -0.0308452)
(0.000144433 2.84119e-05 -0.028484)
(-0.000334842 5.70349e-06 -0.0228787)
(-6.79233e-05 2.09204e-05 -0.0241954)
(0.000406444 7.1086e-06 -0.0234182)
(0.000115414 1.84325e-05 -0.0217314)
(-0.000232166 3.90811e-06 -0.0159889)
(-5.65003e-05 9.70694e-06 -0.0168429)
(0.000280579 4.62077e-06 -0.0163425)
(8.89425e-05 8.62288e-06 -0.0152364)
(-0.000133519 -1.28674e-06 -0.00939649)
(-4.11852e-05 5.35304e-06 -0.00985636)
(0.000160914 -9.00155e-07 -0.00959059)
(5.99239e-05 4.9411e-06 -0.00898158)
(-4.20862e-05 6.4544e-07 -0.00307053)
(-1.62037e-05 -1.23963e-07 -0.00320399)
(5.05982e-05 6.74439e-07 -0.00312863)
(2.22439e-05 -1.13672e-07 -0.0029453)
(3.43129e-05 -0.000298568 -0.282487)
(-0.00046991 -0.000589096 -0.271751)
(0.000247438 -0.000103025 -0.280284)
(-8.38032e-05 0.00013885 -0.279293)
(3.68527e-05 -0.000300669 -0.28194)
(-0.000499915 -0.000582283 -0.27061)
(0.00022106 -0.000104497 -0.279678)
(-6.3717e-05 0.000141239 -0.278841)
(4.27158e-05 -0.000300415 -0.28129)
(-0.000526276 -0.00058488 -0.269553)
(0.00018971 -0.000111238 -0.278957)
(-4.55043e-05 0.000138962 -0.278297)
(4.58016e-05 -0.000288324 -0.280554)
(-0.000548868 -0.000591639 -0.268512)
(0.000159522 -0.000118676 -0.278118)
(-3.03785e-05 0.000133432 -0.277673)
(4.64431e-05 -0.00027715 -0.279724)
(-0.000565844 -0.000595811 -0.267412)
(0.000133349 -0.000119669 -0.277165)
(-1.61676e-05 0.000129196 -0.276944)
(5.06375e-05 -0.000273678 -0.278775)
(-0.000576014 -0.00059671 -0.266231)
(0.000112231 -0.000117161 -0.276125)
(-1.28633e-07 0.000128066 -0.276095)
(6.05682e-05 -0.000273375 -0.277706)
(-0.00058299 -0.00059662 -0.264963)
(9.14208e-05 -0.000118266 -0.275013)
(1.69979e-05 0.000127518 -0.275133)
(7.80054e-05 -0.000272703 -0.276544)
(-0.00059316 -0.000593854 -0.263624)
(6.76237e-05 -0.000121445 -0.273821)
(3.33373e-05 0.000128668 -0.274074)
(9.36036e-05 -0.00026561 -0.275337)
(-0.000606408 -0.000590424 -0.262215)
(3.57454e-05 -0.000131434 -0.272546)
(4.96799e-05 0.000127032 -0.27297)
(9.81628e-05 -0.000259069 -0.274143)
(-0.000622437 -0.00058916 -0.260733)
(6.95497e-06 -0.000137458 -0.271275)
(6.50687e-05 0.000121756 -0.27184)
(9.84887e-05 -0.000252724 -0.272942)
(-0.000632414 -0.000586097 -0.259178)
(-1.12504e-05 -0.000135445 -0.270013)
(7.8455e-05 0.000120016 -0.270669)
(9.62721e-05 -0.000245592 -0.271707)
(-0.000634079 -0.000580503 -0.257575)
(-2.35062e-05 -0.000130902 -0.268726)
(9.00637e-05 0.000122666 -0.269433)
(9.3215e-05 -0.000239849 -0.270392)
(-0.00063541 -0.000572928 -0.255938)
(-3.48115e-05 -0.000126742 -0.267355)
(0.000103087 0.000118401 -0.268146)
(9.27328e-05 -0.000235028 -0.269001)
(-0.000637947 -0.000566167 -0.254314)
(-5.17499e-05 -0.000131444 -0.265883)
(0.000115199 0.000112465 -0.266803)
(0.000101692 -0.000226005 -0.267574)
(-0.000639086 -0.000556772 -0.252692)
(-7.26913e-05 -0.000140834 -0.264364)
(0.000128014 0.000112803 -0.2654)
(0.000116445 -0.000216836 -0.266128)
(-0.000637185 -0.000551788 -0.251053)
(-9.08679e-05 -0.000141858 -0.262844)
(0.000141744 0.000116801 -0.263955)
(0.000130276 -0.000209545 -0.264661)
(-0.000632288 -0.000546162 -0.249352)
(-0.00010985 -0.000136017 -0.261304)
(0.000152972 0.000114789 -0.262481)
(0.000141453 -0.000196257 -0.263163)
(-0.000626525 -0.000533405 -0.247565)
(-0.000131848 -0.000130942 -0.259721)
(0.000159519 0.000111432 -0.260956)
(0.000153941 -0.000183667 -0.261596)
(-0.000619341 -0.000517821 -0.245757)
(-0.000156393 -0.000128548 -0.25808)
(0.000160145 0.000113403 -0.259372)
(0.000165993 -0.000178343 -0.259962)
(-0.000613211 -0.000500638 -0.243947)
(-0.000183981 -0.000131669 -0.256358)
(0.000157456 0.000116532 -0.257737)
(0.000176245 -0.000171516 -0.258294)
(-0.000607084 -0.000490945 -0.242137)
(-0.000214188 -0.000133378 -0.254584)
(0.00015187 0.000118817 -0.256064)
(0.000186357 -0.000160675 -0.256595)
(-0.000601682 -0.000484136 -0.240301)
(-0.000243737 -0.000130586 -0.252798)
(0.000146042 0.00011993 -0.254391)
(0.000199552 -0.000149232 -0.254853)
(-0.000593908 -0.000468643 -0.238399)
(-0.000270588 -0.000123933 -0.251009)
(0.000140874 0.000124503 -0.252687)
(0.000216461 -0.000134736 -0.253063)
(-0.000582303 -0.00044675 -0.236401)
(-0.000293338 -0.000117818 -0.249181)
(0.000130279 0.000127646 -0.25095)
(0.000237669 -0.000119689 -0.251217)
(-0.000566156 -0.000430227 -0.23435)
(-0.000312509 -0.000112036 -0.247278)
(0.000113163 0.000129918 -0.249178)
(0.000265617 -0.000110114 -0.249311)
(-0.000548169 -0.000415383 -0.232261)
(-0.00033169 -0.000105052 -0.245311)
(9.38212e-05 0.000134495 -0.247347)
(0.000301212 -0.000105015 -0.247318)
(-0.00053409 -0.00039298 -0.230096)
(-0.000351918 -9.5946e-05 -0.24328)
(8.04403e-05 0.000140178 -0.245447)
(0.000336411 -9.54277e-05 -0.245236)
(-0.000524699 -0.000369633 -0.227879)
(-0.000374688 -8.9894e-05 -0.241178)
(7.31633e-05 0.000146819 -0.243479)
(0.000365651 -7.33598e-05 -0.243081)
(-0.000513392 -0.000350487 -0.225626)
(-0.000400737 -8.27679e-05 -0.239007)
(6.55606e-05 0.000148886 -0.241445)
(0.000382447 -5.55802e-05 -0.240885)
(-0.000500266 -0.000334087 -0.223326)
(-0.000428048 -7.02824e-05 -0.236772)
(5.58998e-05 0.000151417 -0.239311)
(0.000392788 -4.10846e-05 -0.23865)
(-0.000487714 -0.000310143 -0.22093)
(-0.000453081 -5.43383e-05 -0.234449)
(4.36979e-05 0.000159608 -0.23707)
(0.00040162 -2.66808e-05 -0.236342)
(-0.000476742 -0.000283314 -0.218447)
(-0.00047822 -4.17503e-05 -0.231998)
(2.5345e-05 0.000168282 -0.234749)
(0.000410518 -1.07544e-05 -0.233927)
(-0.000467643 -0.000259521 -0.215916)
(-0.0005057 -3.34472e-05 -0.229431)
(3.18735e-06 0.000178638 -0.232354)
(0.00042024 2.82467e-06 -0.231403)
(-0.000458205 -0.000239726 -0.21333)
(-0.000528043 -2.36108e-05 -0.226816)
(-1.68088e-05 0.000187816 -0.229892)
(0.000433881 1.50521e-05 -0.228796)
(-0.000446746 -0.000218546 -0.210661)
(-0.000544842 -7.7291e-06 -0.224163)
(-3.35553e-05 0.000194994 -0.227344)
(0.000451805 2.91188e-05 -0.226142)
(-0.000431527 -0.000191405 -0.207895)
(-0.0005605 7.47776e-06 -0.221435)
(-5.16142e-05 0.000201519 -0.224695)
(0.000470441 4.46863e-05 -0.22344)
(-0.000414121 -0.000163895 -0.205039)
(-0.000577191 2.29719e-05 -0.218637)
(-7.32219e-05 0.000205601 -0.221941)
(0.000486678 6.09156e-05 -0.22066)
(-0.000398572 -0.000139456 -0.202108)
(-0.000596037 3.55312e-05 -0.215763)
(-9.41966e-05 0.000213887 -0.219117)
(0.000498651 7.43153e-05 -0.217792)
(-0.000387254 -0.000118922 -0.19912)
(-0.000613873 4.75737e-05 -0.212815)
(-0.0001113 0.000224367 -0.216202)
(0.000505322 8.69275e-05 -0.214846)
(-0.000377479 -9.89344e-05 -0.196058)
(-0.000628122 6.0909e-05 -0.209778)
(-0.000123564 0.000233392 -0.213173)
(0.000507055 9.89275e-05 -0.211805)
(-0.000367242 -7.57471e-05 -0.192904)
(-0.000638743 7.48575e-05 -0.206631)
(-0.000133647 0.000239421 -0.210046)
(0.000506831 0.000110911 -0.208662)
(-0.000354798 -5.34105e-05 -0.189677)
(-0.000646944 8.76548e-05 -0.203374)
(-0.000144028 0.000244318 -0.206834)
(0.000508877 0.000122968 -0.205416)
(-0.000342316 -3.22496e-05 -0.186374)
(-0.000654431 9.72625e-05 -0.20001)
(-0.000154652 0.000250121 -0.203534)
(0.000516216 0.000133983 -0.202069)
(-0.000332183 -1.2446e-05 -0.182981)
(-0.000662492 0.000106353 -0.196543)
(-0.000164642 0.00025544 -0.200138)
(0.000529151 0.000144327 -0.198626)
(-0.000323234 5.91042e-06 -0.179491)
(-0.000671997 0.00011717 -0.19298)
(-0.000173752 0.000259736 -0.196635)
(0.000545596 0.000152883 -0.195078)
(-0.000313713 2.37634e-05 -0.175907)
(-0.000683505 0.000128147 -0.18932)
(-0.000182583 0.000263302 -0.193022)
(0.000560377 0.000161033 -0.191427)
(-0.00030301 4.03438e-05 -0.172221)
(-0.00069665 0.000137101 -0.18555)
(-0.000191536 0.000266248 -0.189292)
(0.000571048 0.000168592 -0.187667)
(-0.000292229 5.63517e-05 -0.168422)
(-0.00071002 0.000144258 -0.181658)
(-0.000200238 0.000268753 -0.185433)
(0.000578683 0.000175052 -0.183789)
(-0.000282409 7.15396e-05 -0.164505)
(-0.000721946 0.000150092 -0.177635)
(-0.000207827 0.000270351 -0.181433)
(0.000585053 0.000180867 -0.179783)
(-0.000273519 8.50074e-05 -0.160471)
(-0.000731313 0.000155914 -0.173477)
(-0.000214088 0.000270679 -0.177283)
(0.00059125 0.000185468 -0.175637)
(-0.000265093 9.70037e-05 -0.15631)
(-0.000738534 0.000161396 -0.169176)
(-0.000219026 0.000269905 -0.172971)
(0.000597496 0.000188896 -0.171341)
(-0.000256702 0.000107685 -0.152004)
(-0.000744749 0.000165785 -0.164712)
(-0.000222624 0.00026814 -0.16848)
(0.000603987 0.000191245 -0.166879)
(-0.000248286 0.000116987 -0.147537)
(-0.000750754 0.000168515 -0.160065)
(-0.00022494 0.000265468 -0.163793)
(0.00061087 0.000192515 -0.162232)
(-0.000239924 0.000124662 -0.142897)
(-0.000756736 0.000169725 -0.155218)
(-0.000226058 0.000261702 -0.158898)
(0.000618005 0.000192541 -0.157381)
(-0.000231668 0.000130774 -0.138079)
(-0.000762528 0.00016987 -0.150157)
(-0.000226057 0.000256615 -0.153784)
(0.000625053 0.000191163 -0.152311)
(-0.000223563 0.000135201 -0.13308)
(-0.000767861 0.000168644 -0.144873)
(-0.000224865 0.000250195 -0.148441)
(0.000631615 0.000188446 -0.147012)
(-0.000215643 0.000137758 -0.127897)
(-0.000772376 0.000166035 -0.139357)
(-0.000222352 0.000242411 -0.14286)
(0.000637398 0.000184403 -0.141475)
(-0.000207855 0.000138541 -0.122525)
(-0.000775696 0.000162167 -0.133599)
(-0.000218489 0.000233302 -0.13703)
(0.000642207 0.000179073 -0.135691)
(-0.000200061 0.000137619 -0.116958)
(-0.000777498 0.000157106 -0.127589)
(-0.000213327 0.000222934 -0.130941)
(0.000645866 0.00017254 -0.12965)
(-0.000192111 0.000135121 -0.111188)
(-0.000777447 0.000150913 -0.121314)
(-0.000206914 0.000211365 -0.124582)
(0.000648139 0.000164912 -0.12334)
(-0.000183889 0.00013127 -0.105206)
(-0.000775146 0.000143596 -0.11476)
(-0.000199271 0.000198751 -0.117938)
(0.00064868 0.000156239 -0.116745)
(-0.000175326 0.000126211 -0.0990048)
(-0.000770143 0.000135184 -0.107914)
(-0.000190436 0.000185273 -0.110995)
(0.000647063 0.000146528 -0.109852)
(-0.000166349 0.000119991 -0.0925721)
(-0.000761759 0.000125871 -0.100757)
(-0.000180513 0.000171076 -0.103736)
(0.000642657 0.000135953 -0.102643)
(-0.000156873 0.000112684 -0.0859022)
(-0.000748939 0.000115939 -0.0932797)
(-0.000169585 0.000156217 -0.0961514)
(0.000634482 0.00012478 -0.0951053)
(-0.000146844 0.000104431 -0.0790083)
(-0.000730469 0.000105589 -0.085496)
(-0.00015768 0.000140816 -0.0882495)
(0.00062143 0.000113235 -0.0872531)
(-0.000136279 9.54835e-05 -0.0719289)
(-0.000705112 9.4865e-05 -0.0774569)
(-0.000144815 0.000125136 -0.0800749)
(0.00060247 0.000101403 -0.0791373)
(-0.000125283 8.60284e-05 -0.0647328)
(-0.000671935 8.3816e-05 -0.0692578)
(-0.000131067 0.000109451 -0.0717173)
(0.00057676 8.93299e-05 -0.0708526)
(-0.000114022 7.62123e-05 -0.0575201)
(-0.000630693 7.26764e-05 -0.0610374)
(-0.000116669 9.40041e-05 -0.0633108)
(0.00054397 7.72251e-05 -0.0625366)
(-0.00010267 6.62458e-05 -0.0504144)
(-0.000581919 6.17068e-05 -0.052963)
(-0.000101993 7.90264e-05 -0.0550214)
(0.000504474 6.53646e-05 -0.0543555)
(-9.13716e-05 5.6343e-05 -0.0435454)
(-0.00052696 5.11143e-05 -0.0452025)
(-8.74799e-05 6.47853e-05 -0.0470207)
(0.00045931 5.39812e-05 -0.0464759)
(-8.02206e-05 4.67245e-05 -0.0370289)
(-0.000467761 4.11078e-05 -0.0378924)
(-7.35764e-05 5.15577e-05 -0.0394548)
(0.000410035 4.32886e-05 -0.0390347)
(-6.92529e-05 3.7595e-05 -0.0309486)
(-0.000406414 3.18887e-05 -0.0311177)
(-6.06469e-05 3.95758e-05 -0.0324198)
(0.000358366 3.34901e-05 -0.032118)
(-5.84687e-05 2.91496e-05 -0.0253488)
(-0.000344717 2.36312e-05 -0.0249107)
(-4.89199e-05 2.90169e-05 -0.0259574)
(0.000305842 2.47573e-05 -0.0257608)
(-4.78576e-05 2.15628e-05 -0.0202387)
(-0.000283983 1.64811e-05 -0.0192665)
(-3.84963e-05 2.00054e-05 -0.0200682)
(0.000253641 1.72286e-05 -0.0199609)
(-3.74162e-05 1.49782e-05 -0.0156046)
(-0.000225064 1.04017e-05 -0.0141599)
(-2.93874e-05 1.24775e-05 -0.0147294)
(0.000202578 1.08587e-05 -0.0146956)
(-2.71533e-05 9.32953e-06 -0.0114208)
(-0.000168476 5.41896e-06 -0.00955837)
(-2.15559e-05 6.47085e-06 -0.00990924)
(0.000153182 5.65547e-06 -0.00993497)
(-1.70822e-05 4.96774e-06 -0.00765852)
(-0.000108539 2.16908e-06 -0.00541794)
(-1.39133e-05 2.51549e-06 -0.00558268)
(9.98233e-05 2.26339e-06 -0.00563847)
(-8.22391e-06 1.76927e-06 -0.00429755)
(-3.87089e-05 1.39115e-07 -0.00169021)
(-5.06174e-06 1.75123e-07 -0.00172653)
(3.59809e-05 1.50177e-07 -0.00176147)
(-1.93304e-06 1.617e-07 -0.00132147)
)
;

boundaryField
{
    leftWall
    {
        type            calculated;
        value           nonuniform 0();
    }
    rightWall
    {
        type            calculated;
        value           uniform (0 0 0);
    }
    leftSides_periodic0
    {
        type            cyclic;
    }
    leftSides_periodic1
    {
        type            cyclic;
    }
    rightSides_periodic0
    {
        type            cyclic;
    }
    rightSides_periodic1
    {
        type            cyclic;
    }
    leftInOut_periodic0
    {
        type            cyclic;
    }
    leftInOut_periodic1
    {
        type            cyclic;
    }
    rightInOut_periodic0
    {
        type            cyclic;
    }
    rightInOut_periodic1
    {
        type            cyclic;
    }
    procBoundary3to1
    {
        type            processor;
        value           nonuniform List<vector> 
316
(
(0.000102586 0.000356089 -0.280766)
(-0.000189091 0.000459449 -0.280027)
(0.00027462 7.86737e-05 -0.283396)
(-0.000348278 1.59167e-05 -0.273721)
(9.48956e-05 0.000356985 -0.280292)
(-0.000186174 0.00046219 -0.28004)
(0.000265717 8.90354e-05 -0.282877)
(-0.000346321 1.23597e-05 -0.272941)
(7.89251e-05 0.000348236 -0.279725)
(-0.000181801 0.000462431 -0.279865)
(0.000247885 9.23879e-05 -0.282228)
(-0.000348407 1.4764e-05 -0.272035)
(6.47141e-05 0.00034256 -0.279062)
(-0.000174961 0.00046186 -0.279519)
(0.000237297 9.29262e-05 -0.281476)
(-0.00035292 1.82904e-05 -0.27106)
(5.24959e-05 0.00034744 -0.278276)
(-0.000167817 0.000460514 -0.279034)
(0.000233645 9.21396e-05 -0.280647)
(-0.000360185 2.2632e-05 -0.269995)
(3.53483e-05 0.000348923 -0.277378)
(-0.000162187 0.00046224 -0.278439)
(0.00023431 8.82898e-05 -0.279768)
(-0.000368644 2.44213e-05 -0.268825)
(1.44894e-05 0.00034319 -0.276388)
(-0.000156813 0.000467273 -0.277734)
(0.000236257 8.75455e-05 -0.278823)
(-0.000375815 2.31469e-05 -0.267589)
(-4.95412e-06 0.000330971 -0.27533)
(-0.000148013 0.000471907 -0.276907)
(0.000238018 9.08785e-05 -0.277789)
(-0.00038215 2.39697e-05 -0.26628)
(-2.43752e-05 0.000327268 -0.274202)
(-0.000136242 0.000467746 -0.275962)
(0.000238842 9.331e-05 -0.276673)
(-0.000390734 2.78409e-05 -0.26488)
(-4.75054e-05 0.000334337 -0.272989)
(-0.000123329 0.00046263 -0.274927)
(0.000234229 9.20126e-05 -0.275484)
(-0.000401454 2.84287e-05 -0.263385)
(-7.17474e-05 0.000330718 -0.271731)
(-0.000112906 0.000461106 -0.273824)
(0.000222145 9.65475e-05 -0.274216)
(-0.000413285 1.7895e-05 -0.261807)
(-9.06252e-05 0.000319429 -0.270428)
(-0.000105046 0.000461913 -0.272637)
(0.000213436 9.84981e-05 -0.272885)
(-0.00042258 1.3567e-05 -0.260196)
(-0.000100158 0.00031467 -0.269072)
(-9.89472e-05 0.000461794 -0.271343)
(0.000212934 9.29711e-05 -0.271486)
(-0.000428871 1.09207e-05 -0.258566)
(-0.000110423 0.000311765 -0.267664)
(-9.29302e-05 0.000456949 -0.270007)
(0.000217953 9.04586e-05 -0.27004)
(-0.000433865 7.06128e-06 -0.256943)
(-0.000124662 0.000304553 -0.266202)
(-8.93481e-05 0.000458787 -0.26867)
(0.000222165 9.18155e-05 -0.268548)
(-0.000438921 4.40296e-06 -0.255333)
(-0.000145104 0.000294168 -0.264674)
(-8.66734e-05 0.000460858 -0.267306)
(0.000227979 9.3993e-05 -0.267031)
(-0.00044306 5.30457e-07 -0.253713)
(-0.000171235 0.000285687 -0.263098)
(-8.22196e-05 0.000457244 -0.265876)
(0.000234782 9.08918e-05 -0.265496)
(-0.000446113 -1.95111e-06 -0.252085)
(-0.000198648 0.000281085 -0.261493)
(-7.81231e-05 0.000447754 -0.264377)
(0.000240978 8.56508e-05 -0.263943)
(-0.000449494 -6.54472e-06 -0.250436)
(-0.000223902 0.000281533 -0.259863)
(-7.63333e-05 0.000442312 -0.26284)
(0.000248503 8.15238e-05 -0.262371)
(-0.000452675 -2.02721e-05 -0.248761)
(-0.000250467 0.000273889 -0.258228)
(-6.95083e-05 0.000439983 -0.261305)
(0.000259886 7.90635e-05 -0.26076)
(-0.000456574 -3.40829e-05 -0.247078)
(-0.000278679 0.000263043 -0.256578)
(-5.88753e-05 0.000436219 -0.259771)
(0.00027502 7.68518e-05 -0.259109)
(-0.000460962 -4.00915e-05 -0.245408)
(-0.000308664 0.000252903 -0.254887)
(-4.81032e-05 0.000429861 -0.258204)
(0.000291135 7.16321e-05 -0.257424)
(-0.00046669 -4.40993e-05 -0.243721)
(-0.00033966 0.000242071 -0.253167)
(-3.97043e-05 0.000419493 -0.256579)
(0.000308398 6.61512e-05 -0.255712)
(-0.000474172 -5.02186e-05 -0.241994)
(-0.000372224 0.000230284 -0.251419)
(-3.43759e-05 0.000412642 -0.254913)
(0.00032695 6.21794e-05 -0.253972)
(-0.000481392 -6.09385e-05 -0.240234)
(-0.000406214 0.000218285 -0.249636)
(-3.22194e-05 0.000402265 -0.253194)
(0.000346137 5.75515e-05 -0.252195)
(-0.000486868 -7.53708e-05 -0.238458)
(-0.000438534 0.000209723 -0.247812)
(-3.26876e-05 0.000389191 -0.25144)
(0.000366974 5.15558e-05 -0.250387)
(-0.000490193 -9.01945e-05 -0.23669)
(-0.000472644 0.000200105 -0.245976)
(-3.16783e-05 0.00037567 -0.249661)
(0.000391355 4.36933e-05 -0.248573)
(-0.000491539 -0.000101723 -0.234932)
(-0.000512441 0.000187463 -0.244136)
(-3.06072e-05 0.000364222 -0.247855)
(0.000418448 3.58104e-05 -0.246748)
(-0.000491821 -0.000110556 -0.233168)
(-0.000557236 0.000172528 -0.242283)
(-3.14493e-05 0.000355438 -0.246031)
(0.000447406 2.53625e-05 -0.244914)
(-0.000492016 -0.000120788 -0.231387)
(-0.000606281 0.000155737 -0.240405)
(-3.20875e-05 0.00034144 -0.244195)
(0.000477605 1.44836e-05 -0.243069)
(-0.000492761 -0.000133606 -0.229575)
(-0.000656104 0.000139023 -0.238508)
(-3.25355e-05 0.000324457 -0.242338)
(0.00050948 4.84544e-06 -0.2412)
(-0.000493994 -0.000150173 -0.227726)
(-0.000704884 0.000123282 -0.236592)
(-3.31203e-05 0.000307658 -0.240452)
(0.000543936 -4.47256e-06 -0.239298)
(-0.000494451 -0.00016593 -0.225859)
(-0.000752533 0.000108206 -0.23465)
(-3.34958e-05 0.000291705 -0.238544)
(0.000580459 -1.5387e-05 -0.237364)
(-0.000493415 -0.000179597 -0.223993)
(-0.00079846 9.2058e-05 -0.232681)
(-3.24155e-05 0.000274022 -0.236614)
(0.000618698 -2.84106e-05 -0.235401)
(-0.000491562 -0.000190657 -0.22212)
(-0.000842686 7.39498e-05 -0.230685)
(-3.10541e-05 0.000254792 -0.234663)
(0.000655603 -3.9934e-05 -0.233414)
(-0.000489554 -0.000202089 -0.220224)
(-0.00088496 5.54457e-05 -0.228667)
(-3.07965e-05 0.000236033 -0.23269)
(0.000690719 -5.01401e-05 -0.231403)
(-0.000487456 -0.000215493 -0.218298)
(-0.000925827 3.7971e-05 -0.226625)
(-3.13788e-05 0.000217991 -0.230687)
(0.000724923 -6.02791e-05 -0.229362)
(-0.000484586 -0.000229358 -0.216343)
(-0.000965737 2.10266e-05 -0.22455)
(-3.19469e-05 0.00019883 -0.228647)
(0.000758953 -7.14992e-05 -0.227283)
(-0.000480921 -0.000242057 -0.214361)
(-0.00100468 3.93472e-06 -0.222431)
(-3.22247e-05 0.000178249 -0.226563)
(0.00079315 -8.27052e-05 -0.225156)
(-0.000476756 -0.000253115 -0.212346)
(-0.00104229 -1.29572e-05 -0.220256)
(-3.23524e-05 0.000158251 -0.224429)
(0.000827303 -9.31786e-05 -0.22297)
(-0.000472098 -0.000263528 -0.21029)
(-0.0010783 -2.8846e-05 -0.218025)
(-3.27519e-05 0.000139135 -0.222238)
(0.000861157 -0.000103245 -0.22072)
(-0.000466873 -0.000273797 -0.208184)
(-0.0011127 -4.40503e-05 -0.215744)
(-3.37498e-05 0.000120675 -0.219982)
(0.000894479 -0.000113171 -0.218416)
(-0.000460958 -0.000283637 -0.206019)
(-0.00114553 -5.86745e-05 -0.213406)
(-3.56969e-05 0.000102529 -0.217662)
(0.000926973 -0.000122652 -0.216053)
(-0.000453897 -0.00029243 -0.203796)
(-0.00117672 -7.25854e-05 -0.210997)
(-3.84904e-05 8.42266e-05 -0.215272)
(0.000958511 -0.000131529 -0.213616)
(-0.00044558 -0.000299906 -0.20151)
(-0.0012062 -8.55639e-05 -0.208506)
(-4.17756e-05 6.66556e-05 -0.2128)
(0.000989179 -0.000139656 -0.211095)
(-0.000436245 -0.000306121 -0.199147)
(-0.00123389 -9.76603e-05 -0.205923)
(-4.53e-05 4.97682e-05 -0.210233)
(0.00101893 -0.000147091 -0.20848)
(-0.000426085 -0.000311557 -0.196697)
(-0.00125975 -0.000108912 -0.203239)
(-4.92141e-05 3.34534e-05 -0.207562)
(0.00104758 -0.000153868 -0.205759)
(-0.000415112 -0.000316048 -0.194149)
(-0.0012838 -0.000119296 -0.200442)
(-5.3856e-05 1.78053e-05 -0.204775)
(0.00107493 -0.000159829 -0.202922)
(-0.000403303 -0.000319374 -0.19149)
(-0.00130613 -0.000128828 -0.197519)
(-5.94687e-05 2.82843e-06 -0.201859)
(0.00110095 -0.000164997 -0.199953)
(-0.00039065 -0.000321642 -0.188708)
(-0.00132679 -0.000137345 -0.194455)
(-6.61239e-05 -1.13769e-05 -0.1988)
(0.0011256 -0.000169364 -0.196839)
(-0.000377087 -0.000322805 -0.185789)
(-0.00134575 -0.000144736 -0.191232)
(-7.3681e-05 -2.46408e-05 -0.19558)
(0.00114883 -0.00017294 -0.193561)
(-0.000362455 -0.000322698 -0.182716)
(-0.001363 -0.000151027 -0.18783)
(-8.18991e-05 -3.68035e-05 -0.192177)
(0.00117059 -0.000175693 -0.190098)
(-0.000346552 -0.000321188 -0.17947)
(-0.00137851 -0.00015627 -0.184225)
(-9.04855e-05 -4.78316e-05 -0.188568)
(0.00119073 -0.000177601 -0.186428)
(-0.000329213 -0.000318157 -0.176028)
(-0.00139224 -0.000160366 -0.180391)
(-9.9137e-05 -5.7629e-05 -0.184726)
(0.00120904 -0.000178565 -0.182523)
(-0.000310394 -0.000313492 -0.172365)
(-0.00140399 -0.000163053 -0.176301)
(-0.000107649 -6.61359e-05 -0.180626)
(0.0012251 -0.000178405 -0.178358)
(-0.000290193 -0.000307126 -0.168453)
(-0.00141328 -0.000164149 -0.171927)
(-0.000115979 -7.33849e-05 -0.176241)
(0.00123831 -0.000176992 -0.173907)
(-0.000268764 -0.000299077 -0.164262)
(-0.00141923 -0.000163645 -0.167248)
(-0.000124238 -7.93256e-05 -0.171545)
(0.0012479 -0.000174249 -0.169147)
(-0.000246328 -0.000289493 -0.159766)
(-0.00142079 -0.000161675 -0.162242)
(-0.000132536 -8.3948e-05 -0.166514)
(0.00125308 -0.000170254 -0.164057)
(-0.000223213 -0.000278506 -0.154943)
(-0.00141694 -0.000158356 -0.156891)
(-0.00014083 -8.71785e-05 -0.161125)
(0.00125311 -0.000165123 -0.158621)
(-0.000199796 -0.000266161 -0.149776)
(-0.00140684 -0.000153719 -0.151181)
(-0.000148894 -8.89131e-05 -0.155359)
(0.00124737 -0.000158889 -0.152824)
(-0.000176448 -0.000252403 -0.144252)
(-0.00138983 -0.000147833 -0.145096)
(-0.000156447 -8.91618e-05 -0.149199)
(0.00123533 -0.000151631 -0.146651)
(-0.000153452 -0.000237327 -0.138361)
(-0.00136534 -0.000140801 -0.138622)
(-0.000163249 -8.80033e-05 -0.142631)
(0.00121645 -0.000143448 -0.140089)
(-0.000130973 -0.000221251 -0.132097)
(-0.00133278 -0.000132703 -0.131745)
(-0.000169017 -8.56321e-05 -0.135642)
(0.00119022 -0.000134417 -0.133126)
(-0.000109172 -0.000204434 -0.125452)
(-0.00129152 -0.000123659 -0.124452)
(-0.000173444 -8.22815e-05 -0.128221)
(0.00115605 -0.000124628 -0.125749)
(-8.82336e-05 -0.000186959 -0.118418)
(-0.00124097 -0.000113796 -0.11673)
(-0.000176317 -7.79482e-05 -0.120357)
(0.00111329 -0.000114157 -0.117943)
(-6.84178e-05 -0.000168893 -0.110996)
(-0.00118058 -0.00010328 -0.108584)
(-0.000177435 -7.2536e-05 -0.112049)
(0.00106136 -0.000103185 -0.109713)
(-5.0108e-05 -0.000150531 -0.103207)
(-0.00111009 -9.23396e-05 -0.100054)
(-0.000176483 -6.61577e-05 -0.103329)
(0.00100003 -9.1943e-05 -0.101098)
(-3.36123e-05 -0.000132249 -0.0950996)
(-0.00102978 -8.11533e-05 -0.0912208)
(-0.000173013 -5.91091e-05 -0.0942677)
(0.000929575 -8.05782e-05 -0.0921795)
(-1.9106e-05 -0.000114346 -0.0867542)
(-0.000940706 -6.99593e-05 -0.0822001)
(-0.000166645 -5.1745e-05 -0.0849791)
(0.000850981 -6.92842e-05 -0.0830745)
(-6.71707e-06 -9.7083e-05 -0.0782747)
(-0.000844817 -5.90114e-05 -0.0731337)
(-0.000157303 -4.42341e-05 -0.0756084)
(0.000766052 -5.82942e-05 -0.0739247)
(3.48335e-06 -8.07061e-05 -0.0697795)
(-0.000744928 -4.85183e-05 -0.0641663)
(-0.000145258 -3.67272e-05 -0.0663118)
(0.000677235 -4.78128e-05 -0.0648742)
(1.14559e-05 -6.54553e-05 -0.0613826)
(-0.000644245 -3.86818e-05 -0.0554191)
(-0.000131036 -2.94693e-05 -0.0572284)
(0.00058732 -3.80286e-05 -0.0560438)
(1.71892e-05 -5.15336e-05 -0.0531763)
(-0.000545793 -2.96646e-05 -0.0469718)
(-0.000115259 -2.26608e-05 -0.048456)
(0.000498998 -2.90951e-05 -0.0475131)
(2.07228e-05 -3.90834e-05 -0.04522)
(-0.000451934 -2.16145e-05 -0.0388607)
(-9.84736e-05 -1.64863e-05 -0.0400449)
(0.000414465 -2.11506e-05 -0.0393185)
(2.21651e-05 -2.82175e-05 -0.0375413)
(-0.000364208 -1.46384e-05 -0.0310906)
(-8.1089e-05 -1.10651e-05 -0.0320077)
(0.00033523 -1.42916e-05 -0.0314654)
(2.16866e-05 -1.89848e-05 -0.0301449)
(-0.000283438 -8.97106e-06 -0.0236494)
(-6.33876e-05 -6.61154e-06 -0.0243348)
(0.000262147 -8.74115e-06 -0.0239419)
(1.94974e-05 -1.15472e-05 -0.0230229)
(-0.000209948 -4.37811e-06 -0.0165195)
(-4.55748e-05 -3.3045e-06 -0.0170079)
(0.000195595 -4.25809e-06 -0.0167306)
(1.58245e-05 -5.79744e-06 -0.0161631)
(-0.000135207 -1.7848e-06 -0.00969062)
(-2.7417e-05 -1.1212e-06 -0.0099959)
(0.000127115 -1.73755e-06 -0.00981962)
(1.05445e-05 -2.19785e-06 -0.00954235)
(-4.86187e-05 -1.69987e-08 -0.00315663)
(-9.0012e-06 -2.16526e-08 -0.00326459)
(4.61157e-05 -1.35392e-08 -0.00320075)
(3.7501e-06 -1.09035e-07 -0.00313339)
)
;
    }
    procBoundary3to1throughrightSides_periodic1
    {
        type            processorCyclic;
        value           nonuniform List<vector> 
314
(
(0.00118645 -0.000834011 -0.280683)
(0.00115877 -0.000845976 -0.280177)
(0.00113461 -0.000859356 -0.279652)
(0.00111519 -0.000865128 -0.279032)
(0.00109848 -0.000870404 -0.278303)
(0.00108519 -0.000876326 -0.277455)
(0.00107145 -0.000878383 -0.276528)
(0.00104888 -0.000891249 -0.275543)
(0.00102316 -0.000899489 -0.274392)
(0.00100852 -0.000901405 -0.273163)
(0.000991453 -0.000892355 -0.271916)
(0.000963082 -0.00090455 -0.270763)
(0.000930158 -0.00091872 -0.269622)
(0.000889484 -0.000916669 -0.268455)
(0.00084175 -0.000915377 -0.267264)
(0.000788133 -0.000922808 -0.266056)
(0.000733958 -0.000931662 -0.264757)
(0.000682857 -0.00092895 -0.263366)
(0.000627188 -0.000927639 -0.261967)
(0.000563131 -0.000934221 -0.260564)
(0.000499848 -0.000935914 -0.259083)
(0.000443315 -0.000929187 -0.257526)
(0.000381233 -0.000927771 -0.256024)
(0.000310674 -0.000929285 -0.254571)
(0.000236276 -0.000932666 -0.25311)
(0.000161266 -0.000933898 -0.251595)
(8.50568e-05 -0.000929668 -0.249999)
(8.41554e-06 -0.000916742 -0.248317)
(-6.66742e-05 -0.000914325 -0.246607)
(-0.000138586 -0.000915463 -0.244838)
(-0.000206619 -0.000908673 -0.242986)
(-0.000275762 -0.000896513 -0.241068)
(-0.000346062 -0.000887351 -0.239087)
(-0.000419983 -0.00088128 -0.237038)
(-0.000493626 -0.000878912 -0.234909)
(-0.000564263 -0.000866543 -0.232633)
(-0.000626566 -0.000850183 -0.230224)
(-0.000683347 -0.000829066 -0.227702)
(-0.00073884 -0.000817291 -0.225112)
(-0.000785641 -0.000810128 -0.222398)
(-0.000819528 -0.000794128 -0.219498)
(-0.000849512 -0.000775796 -0.216475)
(-0.000881871 -0.000754575 -0.213381)
(-0.000915718 -0.000732269 -0.210201)
(-0.000946034 -0.00070641 -0.206908)
(-0.000973866 -0.000686625 -0.203518)
(-0.000999788 -0.000668478 -0.200003)
(-0.00102545 -0.000645808 -0.196324)
(-0.00105023 -0.000619522 -0.192461)
(-0.00107094 -0.000592428 -0.188399)
(-0.00108501 -0.000567296 -0.184114)
(-0.00109124 -0.000540963 -0.179573)
(-0.00108969 -0.000512891 -0.174753)
(-0.00108108 -0.000484591 -0.16965)
(-0.00106583 -0.000456515 -0.164261)
(-0.00104443 -0.000428498 -0.15858)
(-0.00101738 -0.000400145 -0.152596)
(-0.000985002 -0.00037163 -0.146302)
(-0.000947526 -0.000343378 -0.139697)
(-0.000905142 -0.00031561 -0.132785)
(-0.000858171 -0.000288398 -0.125566)
(-0.000806961 -0.000261786 -0.118041)
(-0.000752069 -0.000235811 -0.110211)
(-0.00069424 -0.000210536 -0.102081)
(-0.00063438 -0.000186133 -0.0936734)
(-0.000573505 -0.000162702 -0.0850461)
(-0.000512496 -0.000140359 -0.0762946)
(-0.000452364 -0.000119209 -0.0675491)
(-0.000394239 -9.93467e-05 -0.0589596)
(-0.000338968 -8.09331e-05 -0.0506728)
(-0.000286987 -6.4104e-05 -0.0428069)
(-0.000238353 -4.89792e-05 -0.0354372)
(-0.000192874 -3.56868e-05 -0.0285965)
(-0.000150265 -2.43243e-05 -0.0222865)
(-0.000110238 -1.50816e-05 -0.0164918)
(-7.25612e-05 -7.60366e-06 -0.0111901)
(-3.92163e-05 -3.17069e-06 -0.00636105)
(-1.19086e-05 -1.75371e-07 -0.00198752)
(0.000644006 -0.000681016 -0.283063)
(0.000665333 -0.000652514 -0.282563)
(0.000680855 -0.000644329 -0.282034)
(0.000682529 -0.000629396 -0.28148)
(0.000674821 -0.000616288 -0.280882)
(0.00065838 -0.000603996 -0.28026)
(0.000651017 -0.000585265 -0.279503)
(0.000655065 -0.000573923 -0.278589)
(0.000655715 -0.000566079 -0.277649)
(0.000653902 -0.000555189 -0.276666)
(0.00065013 -0.000544858 -0.275546)
(0.00063641 -0.000531426 -0.274352)
(0.00061453 -0.000526849 -0.273127)
(0.000586033 -0.000523437 -0.271999)
(0.000556944 -0.000507778 -0.270919)
(0.00053142 -0.000494412 -0.269816)
(0.000512184 -0.00049525 -0.268613)
(0.000492383 -0.000493898 -0.267368)
(0.000462854 -0.000488307 -0.266119)
(0.000421841 -0.000482124 -0.264877)
(0.000378378 -0.00047931 -0.263598)
(0.000338028 -0.000476644 -0.262251)
(0.000303358 -0.000473657 -0.260827)
(0.000266164 -0.000472061 -0.259389)
(0.000220406 -0.000470887 -0.257971)
(0.000168493 -0.000472981 -0.256518)
(0.000113749 -0.000473635 -0.255011)
(7.04622e-05 -0.000472744 -0.253464)
(4.53031e-05 -0.000472359 -0.251862)
(3.28859e-05 -0.000476364 -0.250167)
(1.20105e-05 -0.000479257 -0.248426)
(-2.15564e-05 -0.000480428 -0.246681)
(-5.36702e-05 -0.000479955 -0.244891)
(-7.21798e-05 -0.000481294 -0.242985)
(-7.72978e-05 -0.000480728 -0.240923)
(-9.68454e-05 -0.000477972 -0.238751)
(-0.000141375 -0.000478857 -0.236489)
(-0.000202784 -0.000478612 -0.234095)
(-0.000264609 -0.000474087 -0.23155)
(-0.00029741 -0.000472004 -0.228847)
(-0.000294808 -0.000470203 -0.226017)
(-0.00026919 -0.000472314 -0.223107)
(-0.000254954 -0.000464665 -0.220151)
(-0.000262563 -0.000452994 -0.217101)
(-0.00028848 -0.00044705 -0.213899)
(-0.00032014 -0.000440453 -0.210575)
(-0.000349511 -0.000431639 -0.207135)
(-0.000374503 -0.000419822 -0.203529)
(-0.000395203 -0.000408289 -0.199712)
(-0.000413981 -0.000397634 -0.195675)
(-0.000430653 -0.000384355 -0.191414)
(-0.000445184 -0.000370509 -0.186914)
(-0.000456253 -0.000355879 -0.182152)
(-0.000461874 -0.00034019 -0.177096)
(-0.00046138 -0.000324215 -0.171721)
(-0.000455463 -0.000307785 -0.166014)
(-0.00044514 -0.000291005 -0.15997)
(-0.000431153 -0.00027361 -0.153587)
(-0.000414024 -0.000255763 -0.146865)
(-0.000394096 -0.000237674 -0.139805)
(-0.000371555 -0.000219386 -0.132405)
(-0.000346566 -0.000201052 -0.124662)
(-0.000319456 -0.00018302 -0.116576)
(-0.000290781 -0.000165443 -0.10815)
(-0.000261652 -0.000148081 -0.0993971)
(-0.000233364 -0.000130757 -0.0903576)
(-0.000206571 -0.000113673 -0.0811198)
(-0.000181485 -9.72807e-05 -0.0718195)
(-0.000158299 -8.17431e-05 -0.062628)
(-0.000137135 -6.70764e-05 -0.0537268)
(-0.00011788 -5.34417e-05 -0.0452728)
(-0.000100225 -4.10195e-05 -0.0373701)
(-8.38143e-05 -2.99892e-05 -0.0300656)
(-6.83594e-05 -2.04662e-05 -0.0233628)
(-5.36641e-05 -1.26427e-05 -0.0172415)
(-3.9576e-05 -6.47647e-06 -0.011672)
(-2.49173e-05 -2.55494e-06 -0.00662326)
(-8.54954e-06 -1.59258e-07 -0.00206594)
(-0.000299754 -0.00085708 -0.284848)
(-0.000294964 -0.000846639 -0.283988)
(-0.000282352 -0.000845615 -0.283241)
(-0.000258358 -0.000833971 -0.282473)
(-0.000223675 -0.000826918 -0.281645)
(-0.000190635 -0.00081936 -0.280683)
(-0.000164399 -0.000792122 -0.279617)
(-0.000133336 -0.000778479 -0.278599)
(-9.42842e-05 -0.000783155 -0.277623)
(-5.17227e-05 -0.000776975 -0.276614)
(-6.38464e-06 -0.000754083 -0.27549)
(4.8541e-05 -0.000744819 -0.274311)
(0.00010382 -0.000743063 -0.273146)
(0.000159049 -0.000736314 -0.271976)
(0.000210137 -0.000715788 -0.270723)
(0.00025894 -0.000708798 -0.269489)
(0.000316247 -0.000713549 -0.268319)
(0.000378373 -0.000709832 -0.267108)
(0.000440807 -0.000696441 -0.265794)
(0.000502041 -0.000687625 -0.264409)
(0.0005592 -0.000687226 -0.263001)
(0.00061378 -0.000685093 -0.261538)
(0.000675174 -0.000680029 -0.260034)
(0.000741695 -0.000673537 -0.258497)
(0.000803884 -0.000672407 -0.256971)
(0.000858145 -0.000671758 -0.255407)
(0.000921931 -0.000667485 -0.253864)
(0.000991922 -0.000666453 -0.252312)
(0.00105755 -0.000666822 -0.250665)
(0.00111191 -0.000661591 -0.248865)
(0.0011579 -0.000655014 -0.246987)
(0.00120253 -0.000653986 -0.245089)
(0.00125716 -0.000652286 -0.243171)
(0.00131872 -0.000652905 -0.241189)
(0.00137668 -0.000648375 -0.239076)
(0.00142792 -0.000634691 -0.236833)
(0.00147782 -0.000624355 -0.234509)
(0.00152697 -0.000621833 -0.232124)
(0.00157344 -0.000623358 -0.229682)
(0.00161007 -0.00061241 -0.227108)
(0.00163601 -0.000593671 -0.224401)
(0.00165918 -0.000584282 -0.221598)
(0.00168186 -0.00057951 -0.218689)
(0.00170403 -0.000572887 -0.215645)
(0.00171783 -0.000558073 -0.212451)
(0.001726 -0.000538693 -0.209116)
(0.00173693 -0.000520337 -0.205666)
(0.00175093 -0.00050413 -0.202099)
(0.00176185 -0.000492041 -0.198414)
(0.00176605 -0.000478674 -0.194578)
(0.00176544 -0.000461149 -0.190553)
(0.00176177 -0.000441696 -0.186307)
(0.00175333 -0.000422655 -0.181809)
(0.00173727 -0.000403992 -0.177035)
(0.00171244 -0.000384928 -0.171967)
(0.00167928 -0.0003654 -0.166595)
(0.00163873 -0.000345237 -0.160912)
(0.00159138 -0.000324507 -0.154918)
(0.00153745 -0.000303664 -0.148614)
(0.0014771 -0.000282868 -0.141998)
(0.00141059 -0.000262088 -0.135066)
(0.00133826 -0.000241374 -0.127814)
(0.00126037 -0.000220769 -0.12024)
(0.00117734 -0.000200346 -0.112346)
(0.00108997 -0.000180201 -0.104135)
(0.000999472 -0.000160433 -0.0956223)
(0.000907138 -0.000141218 -0.0868596)
(0.000814043 -0.00012264 -0.0779398)
(0.000721434 -0.000104791 -0.0689964)
(0.000630839 -8.78328e-05 -0.0601902)
(0.000543689 -7.19296e-05 -0.0516829)
(0.000461008 -5.72505e-05 -0.0436087)
(0.000383295 -4.39429e-05 -0.0360539)
(0.000310597 -3.21583e-05 -0.0290559)
(0.000242686 -2.20147e-05 -0.0226162)
(0.000179223 -1.37092e-05 -0.0167164)
(0.000119864 -6.96289e-06 -0.0113304)
(6.6398e-05 -2.91369e-06 -0.00643431)
(2.0512e-05 -1.7123e-07 -0.00200818)
(-0.000394686 -0.00156564 -0.272884)
(-0.000443263 -0.00158892 -0.271522)
(-0.000446677 -0.00158439 -0.27051)
(-0.000423697 -0.00157324 -0.269729)
(-0.000396331 -0.00156788 -0.268963)
(-0.000368155 -0.00156537 -0.268087)
(-0.000349116 -0.00158128 -0.267043)
(-0.000337213 -0.00159786 -0.265919)
(-0.00031913 -0.00158795 -0.264797)
(-0.000296681 -0.00157399 -0.263601)
(-0.000278753 -0.00158365 -0.262247)
(-0.000251922 -0.00159404 -0.260875)
(-0.000215483 -0.00158314 -0.259569)
(-0.000190593 -0.00158116 -0.258235)
(-0.000164766 -0.00158777 -0.256902)
(-0.0001277 -0.00158236 -0.25562)
(-8.94797e-05 -0.00157329 -0.25435)
(-5.87699e-05 -0.00157474 -0.253005)
(-2.33344e-05 -0.00157605 -0.251594)
(1.846e-05 -0.00156777 -0.25017)
(6.61236e-05 -0.00155886 -0.248764)
(0.000112653 -0.00155198 -0.24733)
(0.000153899 -0.00154585 -0.245871)
(0.000191776 -0.00153838 -0.244388)
(0.000229969 -0.00152765 -0.242883)
(0.000264978 -0.00152005 -0.241332)
(0.000307492 -0.0015042 -0.239779)
(0.000358101 -0.00149033 -0.238187)
(0.000410772 -0.00148036 -0.236509)
(0.000457628 -0.00146923 -0.234779)
(0.00050293 -0.00144733 -0.233037)
(0.000537466 -0.00142099 -0.231218)
(0.000548772 -0.00140689 -0.22926)
(0.000545394 -0.00139374 -0.2272)
(0.000541097 -0.00137025 -0.22509)
(0.000555996 -0.00134055 -0.222935)
(0.000584343 -0.00131032 -0.220694)
(0.000617465 -0.00129247 -0.218313)
(0.000660769 -0.00126603 -0.21584)
(0.000706466 -0.00123513 -0.213241)
(0.000747506 -0.00120374 -0.210513)
(0.000777772 -0.00116639 -0.207709)
(0.000786333 -0.00113343 -0.204783)
(0.000775745 -0.00110566 -0.201685)
(0.000770222 -0.00107485 -0.198468)
(0.00078272 -0.0010365 -0.195171)
(0.000805208 -0.000996548 -0.191786)
(0.000830254 -0.00095842 -0.188288)
(0.00085633 -0.000920256 -0.18463)
(0.000882036 -0.000879224 -0.18076)
(0.000904933 -0.000838074 -0.176647)
(0.000921157 -0.000797068 -0.172277)
(0.000927896 -0.000754804 -0.167645)
(0.000924396 -0.000712377 -0.162747)
(0.000912028 -0.000670138 -0.157579)
(0.000893337 -0.000628041 -0.152141)
(0.000870093 -0.000585727 -0.146434)
(0.0008427 -0.000543433 -0.140459)
(0.000810949 -0.000501683 -0.134219)
(0.000774864 -0.000460629 -0.127718)
(0.000734981 -0.000420433 -0.120963)
(0.000691872 -0.000381315 -0.113958)
(0.000645839 -0.000343512 -0.106708)
(0.000597489 -0.000307129 -0.0992198)
(0.000547857 -0.000272108 -0.09151)
(0.000497966 -0.00023848 -0.0836197)
(0.000448603 -0.000206475 -0.0756186)
(0.000400245 -0.000176328 -0.0676031)
(0.000353338 -0.000148201 -0.0596889)
(0.000308492 -0.000122208 -0.0519976)
(0.000266271 -9.8448e-05 -0.0446376)
(0.00022698 -7.7052e-05 -0.0376891)
(0.000190615 -5.81258e-05 -0.031198)
(0.000156939 -4.17706e-05 -0.0251794)
(0.000125625 -2.80162e-05 -0.0196282)
(9.6358e-05 -1.69646e-05 -0.0145286)
(6.88532e-05 -8.59228e-06 -0.00986138)
(4.18141e-05 -3.20374e-06 -0.00560815)
(1.39588e-05 -2.15908e-07 -0.00175287)
)
;
    }
    procBoundary3to2
    {
        type            processor;
        value           nonuniform List<vector> 
11
(
(0.000707584 0.000631211 -0.281618)
(0.000606745 0.00171372 -0.284842)
(0.000198691 0.000620956 -0.285579)
(-0.000347562 0.000922956 -0.273548)
(3.54826e-05 -0.00029978 -0.282896)
(-0.000440651 -0.000588723 -0.272817)
(0.000264359 -0.000100768 -0.280787)
(-0.000100739 0.000139021 -0.279609)
(0.000264359 -0.000100768 -0.280787)
(-0.000100739 0.000139021 -0.279609)
(-0.000100739 0.000139021 -0.279609)
)
;
    }
    procBoundary3to2throughrightInOut_periodic0
    {
        type            processorCyclic;
        value           uniform (0.000264359 -0.000100768 -0.280787);
    }
}


// ************************************************************************* //
