-0.0075 	0 	0 	0
-0.0075 	-1.13088e-21 	-3.54886e-22 	1.392e-18
-0.00745622 	7.30239e-06 	2.29159e-06 	-0.00898848
-0.00745622 	7.30239e-06 	2.29159e-06 	-0.00898848
-0.00741165 	1.3844e-05 	8.2244e-06 	-0.0181792
-0.00741165 	1.3844e-05 	8.2244e-06 	-0.0181792
-0.00736628 	1.97145e-05 	1.81742e-05 	-0.0275593
-0.00736628 	1.97145e-05 	1.81742e-05 	-0.0275593
-0.0073201 	2.48521e-05 	3.20871e-05 	-0.0370729
-0.0073201 	2.48521e-05 	3.20871e-05 	-0.0370729
-0.00727309 	2.91525e-05 	4.97601e-05 	-0.0466631
-0.00727309 	2.91525e-05 	4.97601e-05 	-0.0466631
-0.00722524 	3.24885e-05 	7.0998e-05 	-0.056273
-0.00722524 	3.24885e-05 	7.0998e-05 	-0.056273
-0.00717653 	3.47253e-05 	9.5597e-05 	-0.0658485
-0.00717653 	3.47253e-05 	9.5597e-05 	-0.0658485
-0.00712695 	3.57419e-05 	0.000123328 	-0.0753404
-0.00712695 	3.57419e-05 	0.000123328 	-0.0753404
-0.00707647 	3.5448e-05 	0.00015395 	-0.0847075
-0.00707647 	3.5448e-05 	0.00015395 	-0.0847075
-0.0070251 	3.37981e-05 	0.000187229 	-0.0939179
-0.0070251 	3.37981e-05 	0.000187229 	-0.0939179
-0.0069728 	3.08e-05 	0.000222954 	-0.10295
-0.0069728 	3.08e-05 	0.000222954 	-0.10295
-0.00691956 	2.65202e-05 	0.000260948 	-0.111792
-0.00691956 	2.65202e-05 	0.000260948 	-0.111792
-0.00686537 	2.10869e-05 	0.000301076 	-0.120439
-0.00686537 	2.10869e-05 	0.000301076 	-0.120439
-0.00681021 	1.46925e-05 	0.000343239 	-0.128892
-0.00681021 	1.46925e-05 	0.000343239 	-0.128892
-0.00675406 	7.5933e-06 	0.000387365 	-0.137153
-0.00675406 	7.5933e-06 	0.000387365 	-0.137153
-0.0066969 	1.08088e-07 	0.000433395 	-0.145223
-0.0066969 	1.08088e-07 	0.000433395 	-0.145223
-0.00663871 	-7.38831e-06 	0.000481267 	-0.153102
-0.00663871 	-7.38831e-06 	0.000481267 	-0.153102
-0.00657949 	-1.4476e-05 	0.000530891 	-0.160786
-0.00657949 	-1.4476e-05 	0.000530891 	-0.160786
-0.0065192 	-2.07082e-05 	0.000582137 	-0.168268
-0.0065192 	-2.07082e-05 	0.000582137 	-0.168268
-0.00645783 	-2.56369e-05 	0.00063482 	-0.175535
-0.00645783 	-2.56369e-05 	0.00063482 	-0.175535
-0.00639535 	-2.88441e-05 	0.000688694 	-0.182572
-0.00639535 	-2.88441e-05 	0.000688694 	-0.182572
-0.00633176 	-2.99776e-05 	0.000743451 	-0.189363
-0.00633176 	-2.99776e-05 	0.000743451 	-0.189363
-0.00626703 	-2.87857e-05 	0.000798721 	-0.195887
-0.00626703 	-2.87857e-05 	0.000798721 	-0.195887
-0.00620114 	-2.5148e-05 	0.000854073 	-0.202124
-0.00620114 	-2.5148e-05 	0.000854073 	-0.202124
-0.00613406 	-1.90976e-05 	0.000909029 	-0.208055
-0.00613406 	-1.90976e-05 	0.000909029 	-0.208055
-0.00606579 	-1.0832e-05 	0.000963063 	-0.213662
-0.00606579 	-1.0832e-05 	0.000963063 	-0.213662
-0.00599629 	-7.0935e-07 	0.00101562 	-0.218926
-0.00599629 	-7.0935e-07 	0.00101562 	-0.218926
-0.00592554 	1.07689e-05 	0.00106611 	-0.223834
-0.00592554 	1.07689e-05 	0.00106611 	-0.223834
-0.00585352 	2.29891e-05 	0.00111396 	-0.228373
-0.00585352 	2.29891e-05 	0.00111396 	-0.228373
-0.00578022 	3.52675e-05 	0.00115858 	-0.232536
-0.00578022 	3.52675e-05 	0.00115858 	-0.232536
-0.00570559 	4.68996e-05 	0.00119941 	-0.236318
-0.00570559 	4.68996e-05 	0.00119941 	-0.236318
-0.00562963 	5.72136e-05 	0.00123594 	-0.239718
-0.00562963 	5.72136e-05 	0.00123594 	-0.239718
-0.00555231 	6.56223e-05 	0.00126771 	-0.242741
-0.00555231 	6.56223e-05 	0.00126771 	-0.242741
-0.0054736 	7.16694e-05 	0.00129434 	-0.245396
-0.0054736 	7.16694e-05 	0.00129434 	-0.245396
-0.00539348 	7.50662e-05 	0.00131555 	-0.247697
-0.00539348 	7.50662e-05 	0.00131555 	-0.247697
-0.00531193 	7.57158e-05 	0.00133113 	-0.24966
-0.00531193 	7.57158e-05 	0.00133113 	-0.24966
-0.00522891 	7.3725e-05 	0.00134099 	-0.251307
-0.00522891 	7.3725e-05 	0.00134099 	-0.251307
-0.0051444 	6.94038e-05 	0.00134516 	-0.252662
-0.0051444 	6.94038e-05 	0.00134516 	-0.252662
-0.00505838 	6.32378e-05 	0.00134381 	-0.253753
-0.00505838 	6.32378e-05 	0.00134381 	-0.253753
-0.00497081 	5.58456e-05 	0.00133715 	-0.25461
-0.00497081 	5.58456e-05 	0.00133715 	-0.25461
-0.00488168 	4.79465e-05 	0.00132551 	-0.255264
-0.00488168 	4.79465e-05 	0.00132551 	-0.255264
-0.00479094 	4.03006e-05 	0.00130924 	-0.255744
-0.00479094 	4.03006e-05 	0.00130924 	-0.255744
-0.00469858 	3.36378e-05 	0.00128873 	-0.256078
-0.00469858 	3.36378e-05 	0.00128873 	-0.256078
-0.00460456 	2.86046e-05 	0.0012644 	-0.256293
-0.00460456 	2.86046e-05 	0.0012644 	-0.256293
-0.00450886 	2.57244e-05 	0.00123666 	-0.256414
-0.00450886 	2.57244e-05 	0.00123666 	-0.256414
-0.00441144 	2.53748e-05 	0.0012059 	-0.25646
-0.00441144 	2.53748e-05 	0.0012059 	-0.25646
-0.00431227 	2.77893e-05 	0.00117246 	-0.25645
-0.00431227 	2.77893e-05 	0.00117246 	-0.25645
-0.00421133 	3.30782e-05 	0.0011366 	-0.256398
-0.00421133 	3.30782e-05 	0.0011366 	-0.256398
-0.00410857 	4.12582e-05 	0.00109849 	-0.256315
-0.00410857 	4.12582e-05 	0.00109849 	-0.256315
-0.00400397 	5.22847e-05 	0.0010584 	-0.256208
-0.00400397 	5.22847e-05 	0.0010584 	-0.256208
-0.0038975 	6.6299e-05 	0.00101676 	-0.256082
-0.0038975 	6.6299e-05 	0.00101676 	-0.256082
-0.00378912 	8.38977e-05 	0.00097334 	-0.255938
-0.00378912 	8.38977e-05 	0.00097334 	-0.255938
-0.00367879 	0.000105744 	0.000927589 	-0.255775
-0.00367879 	0.000105744 	0.000927589 	-0.255775
-0.00356649 	0.000131899 	0.00087985 	-0.255595
-0.00356649 	0.000131899 	0.00087985 	-0.255595
-0.00345217 	0.000161807 	0.000830693 	-0.255405
-0.00345217 	0.000161807 	0.000830693 	-0.255405
-0.0033358 	0.000194614 	0.000780293 	-0.255212
-0.0033358 	0.000194614 	0.000780293 	-0.255212
-0.00321735 	0.000229276 	0.000728837 	-0.255021
-0.00321735 	0.000229276 	0.000728837 	-0.255021
-0.00309677 	0.000264603 	0.000676625 	-0.254837
-0.00309677 	0.000264603 	0.000676625 	-0.254837
-0.00297403 	0.000299284 	0.000623982 	-0.254664
-0.00297403 	0.000299284 	0.000623982 	-0.254664
-0.00284909 	0.000331961 	0.000571216 	-0.254504
-0.00284909 	0.000331961 	0.000571216 	-0.254504
-0.0027219 	0.000361327 	0.000518605 	-0.254359
-0.0027219 	0.000361327 	0.000518605 	-0.254359
-0.00259244 	0.000386249 	0.000466382 	-0.254231
-0.00259244 	0.000386249 	0.000466382 	-0.254231
-0.00246065 	0.000405889 	0.000414791 	-0.254121
-0.00246065 	0.000405889 	0.000414791 	-0.254121
-0.00232651 	0.000419827 	0.000364075 	-0.254028
-0.00232651 	0.000419827 	0.000364075 	-0.254028
-0.00218995 	0.000428135 	0.000314383 	-0.253951
-0.00218995 	0.000428135 	0.000314383 	-0.253951
-0.00205095 	0.000431109 	0.000265752 	-0.253889
-0.00205095 	0.000431109 	0.000265752 	-0.253889
-0.00190946 	0.000428824 	0.000218156 	-0.253839
-0.00190946 	0.000428824 	0.000218156 	-0.253839
-0.00176543 	0.000421124 	0.000171682 	-0.253801
-0.00176543 	0.000421124 	0.000171682 	-0.253801
-0.00161881 	0.000407846 	0.000126551 	-0.253776
-0.00161881 	0.000407846 	0.000126551 	-0.253776
-0.00146957 	0.000388857 	8.29167e-05 	-0.253764
-0.00146957 	0.000388857 	8.29167e-05 	-0.253764
-0.00131765 	0.000364076 	4.08598e-05 	-0.253764
-0.00131765 	0.000364076 	4.08598e-05 	-0.253764
-0.001163 	0.000333522 	4.76155e-07 	-0.253777
-0.001163 	0.000333522 	4.76155e-07 	-0.253777
-0.00100559 	0.000297341 	-3.81456e-05 	-0.253803
-0.00100559 	0.000297341 	-3.81456e-05 	-0.253803
-0.000845345 	0.000255809 	-7.49465e-05 	-0.25384
-0.000845345 	0.000255809 	-7.49465e-05 	-0.25384
-0.000682232 	0.000209338 	-0.000109917 	-0.25389
-0.000682232 	0.000209338 	-0.000109917 	-0.25389
-0.000516194 	0.000158475 	-0.000143112 	-0.253951
-0.000516194 	0.000158475 	-0.000143112 	-0.253951
-0.000347178 	0.000103912 	-0.000174618 	-0.254022
-0.000347178 	0.000103912 	-0.000174618 	-0.254022
-0.000175132 	4.63155e-05 	-0.000204637 	-0.254104
-0.000175132 	4.63155e-05 	-0.000204637 	-0.254104
0 	-1.35439e-05 	-0.000233481 	-0.254195
0 	-1.35439e-05 	-0.000233481 	-0.254195
0.000175132 	-7.41395e-05 	-0.000261346 	-0.254295
0.000175132 	-7.41395e-05 	-0.000261346 	-0.254295
0.000347178 	-0.000133504 	-0.000288481 	-0.254399
0.000347178 	-0.000133504 	-0.000288481 	-0.254399
0.000516194 	-0.000190165 	-0.000315455 	-0.254507
0.000516194 	-0.000190165 	-0.000315455 	-0.254507
0.000682232 	-0.000243151 	-0.000342906 	-0.254616
0.000682232 	-0.000243151 	-0.000342906 	-0.254616
0.000845345 	-0.000291739 	-0.00037133 	-0.254725
0.000845345 	-0.000291739 	-0.00037133 	-0.254725
0.00100559 	-0.000335424 	-0.000401147 	-0.254835
0.00100559 	-0.000335424 	-0.000401147 	-0.254835
0.001163 	-0.00037384 	-0.000432666 	-0.254945
0.001163 	-0.00037384 	-0.000432666 	-0.254945
0.00131765 	-0.000406712 	-0.000466054 	-0.255055
0.00131765 	-0.000406712 	-0.000466054 	-0.255055
0.00146957 	-0.000433848 	-0.00050139 	-0.255165
0.00146957 	-0.000433848 	-0.00050139 	-0.255165
0.00161881 	-0.000455137 	-0.00053868 	-0.255276
0.00161881 	-0.000455137 	-0.00053868 	-0.255276
0.00176543 	-0.000470554 	-0.000577862 	-0.255387
0.00176543 	-0.000470554 	-0.000577862 	-0.255387
0.00190946 	-0.000480151 	-0.000618811 	-0.255499
0.00190946 	-0.000480151 	-0.000618811 	-0.255499
0.00205095 	-0.000484054 	-0.000661348 	-0.255613
0.00205095 	-0.000484054 	-0.000661348 	-0.255613
0.00218995 	-0.000482451 	-0.000705256 	-0.255729
0.00218995 	-0.000482451 	-0.000705256 	-0.255729
0.00232651 	-0.000475587 	-0.000750285 	-0.255848
0.00232651 	-0.000475587 	-0.000750285 	-0.255848
0.00246065 	-0.000463756 	-0.000796163 	-0.255971
0.00246065 	-0.000463756 	-0.000796163 	-0.255971
0.00259244 	-0.0004473 	-0.000842605 	-0.256097
0.00259244 	-0.0004473 	-0.000842605 	-0.256097
0.0027219 	-0.000426606 	-0.000889309 	-0.256227
0.0027219 	-0.000426606 	-0.000889309 	-0.256227
0.00284909 	-0.000402106 	-0.000935966 	-0.256361
0.00284909 	-0.000402106 	-0.000935966 	-0.256361
0.00297403 	-0.000374288 	-0.000982266 	-0.256499
0.00297403 	-0.000374288 	-0.000982266 	-0.256499
0.00309677 	-0.000343731 	-0.00102792 	-0.256638
0.00309677 	-0.000343731 	-0.00102792 	-0.256638
0.00321735 	-0.00031116 	-0.00107261 	-0.256778
0.00321735 	-0.00031116 	-0.00107261 	-0.256778
0.0033358 	-0.000277496 	-0.0011159 	-0.256914
0.0033358 	-0.000277496 	-0.0011159 	-0.256914
0.00345217 	-0.000243565 	-0.00115726 	-0.257044
0.00345217 	-0.000243565 	-0.00115726 	-0.257044
0.00356649 	-0.00020954 	-0.00119659 	-0.257167
0.00356649 	-0.00020954 	-0.00119659 	-0.257167
0.00367879 	-0.000175155 	-0.00123405 	-0.257283
0.00367879 	-0.000175155 	-0.00123405 	-0.257283
0.00378912 	-0.000140422 	-0.00126933 	-0.257389
0.00378912 	-0.000140422 	-0.00126933 	-0.257389
0.0038975 	-0.000105561 	-0.00130208 	-0.25748
0.0038975 	-0.000105561 	-0.00130208 	-0.25748
0.00400397 	-7.07509e-05 	-0.00133214 	-0.25755
0.00400397 	-7.07509e-05 	-0.00133214 	-0.25755
0.00410857 	-3.61875e-05 	-0.00135924 	-0.257592
0.00410857 	-3.61875e-05 	-0.00135924 	-0.257592
0.00421133 	-2.10794e-06 	-0.00138307 	-0.257592
0.00421133 	-2.10794e-06 	-0.00138307 	-0.257592
0.00431227 	3.12247e-05 	-0.00140326 	-0.257536
0.00431227 	3.12247e-05 	-0.00140326 	-0.257536
0.00441144 	6.35473e-05 	-0.00141942 	-0.257405
0.00441144 	6.35473e-05 	-0.00141942 	-0.257405
0.00450886 	9.46241e-05 	-0.00143113 	-0.257176
0.00450886 	9.46241e-05 	-0.00143113 	-0.257176
0.00460456 	0.000124269 	-0.00143799 	-0.256823
0.00460456 	0.000124269 	-0.00143799 	-0.256823
0.00469858 	0.000152351 	-0.00143961 	-0.256318
0.00469858 	0.000152351 	-0.00143961 	-0.256318
0.00479094 	0.00017879 	-0.00143568 	-0.25563
0.00479094 	0.00017879 	-0.00143568 	-0.25563
0.00488168 	0.000203542 	-0.00142596 	-0.25473
0.00488168 	0.000203542 	-0.00142596 	-0.25473
0.00497081 	0.000226612 	-0.0014103 	-0.253586
0.00497081 	0.000226612 	-0.0014103 	-0.253586
0.00505838 	0.000248022 	-0.00138867 	-0.252168
0.00505838 	0.000248022 	-0.00138867 	-0.252168
0.0051444 	0.000267737 	-0.00136111 	-0.250443
0.0051444 	0.000267737 	-0.00136111 	-0.250443
0.00522891 	0.000285638 	-0.00132782 	-0.248386
0.00522891 	0.000285638 	-0.00132782 	-0.248386
0.00531193 	0.000301539 	-0.00128915 	-0.245974
0.00531193 	0.000301539 	-0.00128915 	-0.245974
0.00539348 	0.000315189 	-0.00124553 	-0.243187
0.00539348 	0.000315189 	-0.00124553 	-0.243187
0.0054736 	0.000326277 	-0.00119748 	-0.24001
0.0054736 	0.000326277 	-0.00119748 	-0.24001
0.00555231 	0.000334451 	-0.00114559 	-0.23643
0.00555231 	0.000334451 	-0.00114559 	-0.23643
0.00562963 	0.000339344 	-0.0010905 	-0.232439
0.00562963 	0.000339344 	-0.0010905 	-0.232439
0.00570559 	0.000340609 	-0.00103288 	-0.228035
0.00570559 	0.000340609 	-0.00103288 	-0.228035
0.00578022 	0.000337957 	-0.000973402 	-0.223217
0.00578022 	0.000337957 	-0.000973402 	-0.223217
0.00585352 	0.000331191 	-0.000912735 	-0.21799
0.00585352 	0.000331191 	-0.000912735 	-0.21799
0.00592554 	0.000320234 	-0.000851512 	-0.212361
0.00592554 	0.000320234 	-0.000851512 	-0.212361
0.00599629 	0.000305158 	-0.00079032 	-0.206342
0.00599629 	0.000305158 	-0.00079032 	-0.206342
0.00606579 	0.000286191 	-0.00072969 	-0.199948
0.00606579 	0.000286191 	-0.00072969 	-0.199948
0.00613406 	0.000263722 	-0.000670093 	-0.193195
0.00613406 	0.000263722 	-0.000670093 	-0.193195
0.00620114 	0.000238296 	-0.000611942 	-0.186106
0.00620114 	0.000238296 	-0.000611942 	-0.186106
0.00626703 	0.000210588 	-0.000555594 	-0.178705
0.00626703 	0.000210588 	-0.000555594 	-0.178705
0.00633176 	0.000181375 	-0.000501358 	-0.17102
0.00633176 	0.000181375 	-0.000501358 	-0.17102
0.00639535 	0.000151495 	-0.000449494 	-0.163083
0.00639535 	0.000151495 	-0.000449494 	-0.163083
0.00645783 	0.000121801 	-0.000400225 	-0.154926
0.00645783 	0.000121801 	-0.000400225 	-0.154926
0.0065192 	9.31196e-05 	-0.000353733 	-0.146585
0.0065192 	9.31196e-05 	-0.000353733 	-0.146585
0.00657949 	6.62051e-05 	-0.000310162 	-0.138099
0.00657949 	6.62051e-05 	-0.000310162 	-0.138099
0.00663871 	4.17034e-05 	-0.000269626 	-0.129507
0.00663871 	4.17034e-05 	-0.000269626 	-0.129507
0.0066969 	2.01232e-05 	-0.000232203 	-0.120851
0.0066969 	2.01232e-05 	-0.000232203 	-0.120851
0.00675406 	1.81456e-06 	-0.000197935 	-0.112174
0.00675406 	1.81456e-06 	-0.000197935 	-0.112174
0.00681021 	-1.30393e-05 	-0.000166828 	-0.103516
0.00681021 	-1.30393e-05 	-0.000166828 	-0.103516
0.00686537 	-2.44177e-05 	-0.000138856 	-0.0949216
0.00686537 	-2.44177e-05 	-0.000138856 	-0.0949216
0.00691956 	-3.24515e-05 	-0.000113962 	-0.086432
0.00691956 	-3.24515e-05 	-0.000113962 	-0.086432
0.0069728 	-3.74025e-05 	-9.20539e-05 	-0.0780856
0.0069728 	-3.74025e-05 	-9.20539e-05 	-0.0780856
0.0070251 	-3.96328e-05 	-7.30079e-05 	-0.0699148
0.0070251 	-3.96328e-05 	-7.30079e-05 	-0.0699148
0.00707647 	-3.95669e-05 	-5.66697e-05 	-0.0619439
0.00707647 	-3.95669e-05 	-5.66697e-05 	-0.0619439
0.00712695 	-3.76552e-05 	-4.28615e-05 	-0.0541895
0.00712695 	-3.76552e-05 	-4.28615e-05 	-0.0541895
0.00717653 	-3.43411e-05 	-3.13882e-05 	-0.0466605
0.00717653 	-3.43411e-05 	-3.13882e-05 	-0.0466605
0.00722524 	-3.00373e-05 	-2.20469e-05 	-0.0393594
0.00722524 	-3.00373e-05 	-2.20469e-05 	-0.0393594
0.00727309 	-2.51099e-05 	-1.46329e-05 	-0.0322839
0.00727309 	-2.51099e-05 	-1.46329e-05 	-0.0322839
0.0073201 	-1.98706e-05 	-8.94919e-06 	-0.0254281
0.0073201 	-1.98706e-05 	-8.94919e-06 	-0.0254281
0.00736628 	-1.4575e-05 	-4.80972e-06 	-0.018784
0.00736628 	-1.4575e-05 	-4.80972e-06 	-0.018784
0.00741165 	-9.41198e-06 	-2.06781e-06 	-0.0123422
0.00741165 	-9.41198e-06 	-2.06781e-06 	-0.0123422
0.00745622 	-4.51217e-06 	-5.45124e-07 	-0.00609317
0.00745622 	-4.51217e-06 	-5.45124e-07 	-0.00609317
0.0075 	0 	0 	0
0.0075 	0 	0 	0
