-0.0075 	0 	0 	0
-0.0075 	-2.34702e-23 	-3.44706e-22 	1.40111e-18
-0.00745622 	1.51553e-07 	2.22585e-06 	-0.00904735
-0.00745622 	1.51553e-07 	2.22585e-06 	-0.00904735
-0.00741165 	-3.76807e-07 	7.91254e-06 	-0.0182854
-0.00741165 	-3.76807e-07 	7.91254e-06 	-0.0182854
-0.00736628 	-1.84483e-06 	1.74023e-05 	-0.0276985
-0.00736628 	-1.84483e-06 	1.74023e-05 	-0.0276985
-0.0073201 	-4.50894e-06 	3.0607e-05 	-0.0372284
-0.0073201 	-4.50894e-06 	3.0607e-05 	-0.0372284
-0.00727309 	-8.58173e-06 	4.73405e-05 	-0.0468171
-0.00727309 	-8.58173e-06 	4.73405e-05 	-0.0468171
-0.00722524 	-1.4218e-05 	6.74121e-05 	-0.0564083
-0.00722524 	-1.4218e-05 	6.74121e-05 	-0.0564083
-0.00717653 	-2.15054e-05 	9.06446e-05 	-0.0659509
-0.00717653 	-2.15054e-05 	9.06446e-05 	-0.0659509
-0.00712695 	-3.0461e-05 	0.000116851 	-0.0754007
-0.00712695 	-3.0461e-05 	0.000116851 	-0.0754007
-0.00707647 	-4.10341e-05 	0.000145847 	-0.0847224
-0.00707647 	-4.10341e-05 	0.000145847 	-0.0847224
-0.0070251 	-5.31129e-05 	0.000177455 	-0.0938905
-0.0070251 	-5.31129e-05 	0.000177455 	-0.0938905
-0.0069728 	-6.65318e-05 	0.000211514 	-0.102889
-0.0069728 	-6.65318e-05 	0.000211514 	-0.102889
-0.00691956 	-8.10787e-05 	0.00024788 	-0.111709
-0.00691956 	-8.10787e-05 	0.00024788 	-0.111709
-0.00686537 	-9.6499e-05 	0.000286426 	-0.12035
-0.00686537 	-9.6499e-05 	0.000286426 	-0.12035
-0.00681021 	-0.000112495 	0.000327034 	-0.12881
-0.00681021 	-0.000112495 	0.000327034 	-0.12881
-0.00675406 	-0.000128728 	0.000369589 	-0.13709
-0.00675406 	-0.000128728 	0.000369589 	-0.13709
-0.0066969 	-0.000144822 	0.000413977 	-0.145187
-0.0066969 	-0.000144822 	0.000413977 	-0.145187
-0.00663871 	-0.000160369 	0.000460076 	-0.153098
-0.00663871 	-0.000160369 	0.000460076 	-0.153098
-0.00657949 	-0.000174941 	0.000507745 	-0.160814
-0.00657949 	-0.000174941 	0.000507745 	-0.160814
-0.0065192 	-0.000188102 	0.000556819 	-0.168325
-0.0065192 	-0.000188102 	0.000556819 	-0.168325
-0.00645783 	-0.000199432 	0.000607099 	-0.175616
-0.00645783 	-0.000199432 	0.000607099 	-0.175616
-0.00639535 	-0.000208544 	0.000658348 	-0.18267
-0.00639535 	-0.000208544 	0.000658348 	-0.18267
-0.00633176 	-0.000215114 	0.00071029 	-0.189466
-0.00633176 	-0.000215114 	0.00071029 	-0.189466
-0.00626703 	-0.000218902 	0.000762608 	-0.195986
-0.00626703 	-0.000218902 	0.000762608 	-0.195986
-0.00620114 	-0.000219772 	0.000814952 	-0.202206
-0.00620114 	-0.000219772 	0.000814952 	-0.202206
-0.00613406 	-0.000217706 	0.000866936 	-0.208107
-0.00613406 	-0.000217706 	0.000866936 	-0.208107
-0.00606579 	-0.000212815 	0.000918152 	-0.213671
-0.00606579 	-0.000212815 	0.000918152 	-0.213671
-0.00599629 	-0.00020534 	0.000968171 	-0.21888
-0.00599629 	-0.00020534 	0.000968171 	-0.21888
-0.00592554 	-0.000195637 	0.00101656 	-0.223723
-0.00592554 	-0.000195637 	0.00101656 	-0.223723
-0.00585352 	-0.000184169 	0.00106286 	-0.228189
-0.00585352 	-0.000184169 	0.00106286 	-0.228189
-0.00578022 	-0.000171474 	0.00110666 	-0.232273
-0.00578022 	-0.000171474 	0.00110666 	-0.232273
-0.00570559 	-0.000158145 	0.00114753 	-0.235974
-0.00570559 	-0.000158145 	0.00114753 	-0.235974
-0.00562963 	-0.000144787 	0.00118508 	-0.239295
-0.00562963 	-0.000144787 	0.00118508 	-0.239295
-0.00555231 	-0.000131988 	0.00121896 	-0.242243
-0.00555231 	-0.000131988 	0.00121896 	-0.242243
-0.0054736 	-0.000120283 	0.00124884 	-0.244831
-0.0054736 	-0.000120283 	0.00124884 	-0.244831
-0.00539348 	-0.000110122 	0.00127448 	-0.247075
-0.00539348 	-0.000110122 	0.00127448 	-0.247075
-0.00531193 	-0.000101844 	0.00129566 	-0.248995
-0.00531193 	-0.000101844 	0.00129566 	-0.248995
-0.00522891 	-9.56588e-05 	0.00131225 	-0.250612
-0.00522891 	-9.56588e-05 	0.00131225 	-0.250612
-0.0051444 	-9.16424e-05 	0.00132418 	-0.251952
-0.0051444 	-9.16424e-05 	0.00132418 	-0.251952
-0.00505838 	-8.97228e-05 	0.00133147 	-0.253042
-0.00505838 	-8.97228e-05 	0.00133147 	-0.253042
-0.00497081 	-8.96842e-05 	0.00133422 	-0.253911
-0.00497081 	-8.96842e-05 	0.00133422 	-0.253911
-0.00488168 	-9.12144e-05 	0.00133259 	-0.25459
-0.00488168 	-9.12144e-05 	0.00133259 	-0.25459
-0.00479094 	-9.3948e-05 	0.00132676 	-0.255106
-0.00479094 	-9.3948e-05 	0.00132676 	-0.255106
-0.00469858 	-9.74909e-05 	0.00131696 	-0.255487
-0.00469858 	-9.74909e-05 	0.00131696 	-0.255487
-0.00460456 	-0.000101455 	0.00130344 	-0.255756
-0.00460456 	-0.000101455 	0.00130344 	-0.255756
-0.00450886 	-0.000105497 	0.00128646 	-0.255937
-0.00450886 	-0.000105497 	0.00128646 	-0.255937
-0.00441144 	-0.000109341 	0.00126628 	-0.256049
-0.00441144 	-0.000109341 	0.00126628 	-0.256049
-0.00431227 	-0.000112788 	0.00124314 	-0.256109
-0.00431227 	-0.000112788 	0.00124314 	-0.256109
-0.00421133 	-0.000115705 	0.00121726 	-0.256129
-0.00421133 	-0.000115705 	0.00121726 	-0.256129
-0.00410857 	-0.000118015 	0.00118884 	-0.256121
-0.00410857 	-0.000118015 	0.00118884 	-0.256121
-0.00400397 	-0.000119669 	0.00115802 	-0.256091
-0.00400397 	-0.000119669 	0.00115802 	-0.256091
-0.0038975 	-0.000120631 	0.00112496 	-0.256045
-0.0038975 	-0.000120631 	0.00112496 	-0.256045
-0.00378912 	-0.000120871 	0.00108975 	-0.255987
-0.00378912 	-0.000120871 	0.00108975 	-0.255987
-0.00367879 	-0.000120386 	0.0010524 	-0.255921
-0.00367879 	-0.000120386 	0.0010524 	-0.255921
-0.00356649 	-0.000119243 	0.00101301 	-0.255847
-0.00356649 	-0.000119243 	0.00101301 	-0.255847
-0.00345217 	-0.000117502 	0.00097177 	-0.255767
-0.00345217 	-0.000117502 	0.00097177 	-0.255767
-0.0033358 	-0.000114987 	0.000928652 	-0.255682
-0.0033358 	-0.000114987 	0.000928652 	-0.255682
-0.00321735 	-0.000111393 	0.000883456 	-0.255592
-0.00321735 	-0.000111393 	0.000883456 	-0.255592
-0.00309677 	-0.000106763 	0.000836352 	-0.255496
-0.00309677 	-0.000106763 	0.000836352 	-0.255496
-0.00297403 	-0.000101597 	0.000787723 	-0.255398
-0.00297403 	-0.000101597 	0.000787723 	-0.255398
-0.00284909 	-9.65619e-05 	0.000737816 	-0.255298
-0.00284909 	-9.65619e-05 	0.000737816 	-0.255298
-0.0027219 	-9.23127e-05 	0.000686859 	-0.255199
-0.0027219 	-9.23127e-05 	0.000686859 	-0.255199
-0.00259244 	-8.94264e-05 	0.000635143 	-0.255102
-0.00259244 	-8.94264e-05 	0.000635143 	-0.255102
-0.00246065 	-8.83644e-05 	0.000582984 	-0.255007
-0.00246065 	-8.83644e-05 	0.000582984 	-0.255007
-0.00232651 	-8.94592e-05 	0.000530677 	-0.254917
-0.00232651 	-8.94592e-05 	0.000530677 	-0.254917
-0.00218995 	-9.2914e-05 	0.000478514 	-0.254832
-0.00218995 	-9.2914e-05 	0.000478514 	-0.254832
-0.00205095 	-9.8783e-05 	0.000426799 	-0.254753
-0.00205095 	-9.8783e-05 	0.000426799 	-0.254753
-0.00190946 	-0.000106955 	0.000375958 	-0.25468
-0.00190946 	-0.000106955 	0.000375958 	-0.25468
-0.00176543 	-0.000117153 	0.000326225 	-0.254615
-0.00176543 	-0.000117153 	0.000326225 	-0.254615
-0.00161881 	-0.000128987 	0.000277557 	-0.254557
-0.00161881 	-0.000128987 	0.000277557 	-0.254557
-0.00146957 	-0.000142024 	0.00023029 	-0.254505
-0.00146957 	-0.000142024 	0.00023029 	-0.254505
-0.00131765 	-0.000155796 	0.000184859 	-0.25446
-0.00131765 	-0.000155796 	0.000184859 	-0.25446
-0.001163 	-0.000169789 	0.000141475 	-0.254425
-0.001163 	-0.000169789 	0.000141475 	-0.254425
-0.00100559 	-0.000183462 	0.000100349 	-0.254398
-0.00100559 	-0.000183462 	0.000100349 	-0.254398
-0.000845345 	-0.000196268 	6.16891e-05 	-0.254381
-0.000845345 	-0.000196268 	6.16891e-05 	-0.254381
-0.000682232 	-0.000207688 	2.56776e-05 	-0.254376
-0.000682232 	-0.000207688 	2.56776e-05 	-0.254376
-0.000516194 	-0.000217256 	-7.55067e-06 	-0.254382
-0.000516194 	-0.000217256 	-7.55067e-06 	-0.254382
-0.000347178 	-0.000224593 	-3.79164e-05 	-0.2544
-0.000347178 	-0.000224593 	-3.79164e-05 	-0.2544
-0.000175132 	-0.00022944 	-6.54069e-05 	-0.254431
-0.000175132 	-0.00022944 	-6.54069e-05 	-0.254431
0 	-0.00023167 	-8.99841e-05 	-0.254475
0 	-0.00023167 	-8.99841e-05 	-0.254475
0.000175132 	-0.000231377 	-0.000111567 	-0.254531
0.000175132 	-0.000231377 	-0.000111567 	-0.254531
0.000347178 	-0.000228916 	-0.000130292 	-0.254598
0.000347178 	-0.000228916 	-0.000130292 	-0.254598
0.000516194 	-0.000224786 	-0.000146596 	-0.254675
0.000516194 	-0.000224786 	-0.000146596 	-0.254675
0.000682232 	-0.00021951 	-0.000161012 	-0.25476
0.000682232 	-0.00021951 	-0.000161012 	-0.25476
0.000845345 	-0.000213612 	-0.000174055 	-0.254853
0.000845345 	-0.000213612 	-0.000174055 	-0.254853
0.00100559 	-0.000207616 	-0.000186191 	-0.254953
0.00100559 	-0.000207616 	-0.000186191 	-0.254953
0.001163 	-0.00020192 	-0.000197854 	-0.255058
0.001163 	-0.00020192 	-0.000197854 	-0.255058
0.00131765 	-0.000196572 	-0.00020951 	-0.255171
0.00131765 	-0.000196572 	-0.00020951 	-0.255171
0.00146957 	-0.000191432 	-0.000221623 	-0.255291
0.00146957 	-0.000191432 	-0.000221623 	-0.255291
0.00161881 	-0.000186562 	-0.000234572 	-0.25542
0.00161881 	-0.000186562 	-0.000234572 	-0.25542
0.00176543 	-0.000182184 	-0.000248696 	-0.255556
0.00176543 	-0.000182184 	-0.000248696 	-0.255556
0.00190946 	-0.000178465 	-0.000264323 	-0.255699
0.00190946 	-0.000178465 	-0.000264323 	-0.255699
0.00205095 	-0.000175482 	-0.000281713 	-0.255849
0.00205095 	-0.000175482 	-0.000281713 	-0.255849
0.00218995 	-0.000173235 	-0.000301044 	-0.256004
0.00218995 	-0.000173235 	-0.000301044 	-0.256004
0.00232651 	-0.000171684 	-0.000322424 	-0.256166
0.00232651 	-0.000171684 	-0.000322424 	-0.256166
0.00246065 	-0.000170762 	-0.000345884 	-0.256333
0.00246065 	-0.000170762 	-0.000345884 	-0.256333
0.00259244 	-0.000170402 	-0.000371394 	-0.256505
0.00259244 	-0.000170402 	-0.000371394 	-0.256505
0.0027219 	-0.000170538 	-0.000398861 	-0.256683
0.0027219 	-0.000170538 	-0.000398861 	-0.256683
0.00284909 	-0.000171118 	-0.00042814 	-0.256865
0.00284909 	-0.000171118 	-0.00042814 	-0.256865
0.00297403 	-0.000172116 	-0.000459037 	-0.257052
0.00297403 	-0.000172116 	-0.000459037 	-0.257052
0.00309677 	-0.000173535 	-0.000491309 	-0.257241
0.00309677 	-0.000173535 	-0.000491309 	-0.257241
0.00321735 	-0.000175433 	-0.000524683 	-0.25743
0.00321735 	-0.000175433 	-0.000524683 	-0.25743
0.0033358 	-0.000177938 	-0.000558894 	-0.257617
0.0033358 	-0.000177938 	-0.000558894 	-0.257617
0.00345217 	-0.000181286 	-0.000593684 	-0.257798
0.00345217 	-0.000181286 	-0.000593684 	-0.257798
0.00356649 	-0.000185807 	-0.000628582 	-0.257965
0.00356649 	-0.000185807 	-0.000628582 	-0.257965
0.00367879 	-0.000191684 	-0.00066304 	-0.258117
0.00367879 	-0.000191684 	-0.00066304 	-0.258117
0.00378912 	-0.000198645 	-0.000697014 	-0.258253
0.00378912 	-0.000198645 	-0.000697014 	-0.258253
0.0038975 	-0.000206208 	-0.000730611 	-0.258373
0.0038975 	-0.000206208 	-0.000730611 	-0.258373
0.00400397 	-0.000214142 	-0.000763564 	-0.258475
0.00400397 	-0.000214142 	-0.000763564 	-0.258475
0.00410857 	-0.000222401 	-0.000795532 	-0.258552
0.00410857 	-0.000222401 	-0.000795532 	-0.258552
0.00421133 	-0.000230902 	-0.000826254 	-0.258597
0.00421133 	-0.000230902 	-0.000826254 	-0.258597
0.00431227 	-0.000239498 	-0.000855428 	-0.258595
0.00431227 	-0.000239498 	-0.000855428 	-0.258595
0.00441144 	-0.000247978 	-0.000882682 	-0.258533
0.00441144 	-0.000247978 	-0.000882682 	-0.258533
0.00450886 	-0.000256079 	-0.000907589 	-0.258389
0.00450886 	-0.000256079 	-0.000907589 	-0.258389
0.00460456 	-0.000263488 	-0.000929687 	-0.258141
0.00460456 	-0.000263488 	-0.000929687 	-0.258141
0.00469858 	-0.000269853 	-0.000948505 	-0.257759
0.00469858 	-0.000269853 	-0.000948505 	-0.257759
0.00479094 	-0.000274809 	-0.000963584 	-0.257213
0.00479094 	-0.000274809 	-0.000963584 	-0.257213
0.00488168 	-0.000278004 	-0.000974493 	-0.256471
0.00488168 	-0.000278004 	-0.000974493 	-0.256471
0.00497081 	-0.000279126 	-0.000980853 	-0.255497
0.00497081 	-0.000279126 	-0.000980853 	-0.255497
0.00505838 	-0.000277905 	-0.000982359 	-0.254255
0.00505838 	-0.000277905 	-0.000982359 	-0.254255
0.0051444 	-0.000274143 	-0.000978784 	-0.252709
0.0051444 	-0.000274143 	-0.000978784 	-0.252709
0.00522891 	-0.000267745 	-0.000970009 	-0.250827
0.00522891 	-0.000267745 	-0.000970009 	-0.250827
0.00531193 	-0.000258729 	-0.000956048 	-0.24858
0.00531193 	-0.000258729 	-0.000956048 	-0.24858
0.00539348 	-0.000247222 	-0.000937033 	-0.245943
0.00539348 	-0.000247222 	-0.000937033 	-0.245943
0.0054736 	-0.000233462 	-0.000913193 	-0.242894
0.0054736 	-0.000233462 	-0.000913193 	-0.242894
0.00555231 	-0.000217787 	-0.000884848 	-0.239418
0.00555231 	-0.000217787 	-0.000884848 	-0.239418
0.00562963 	-0.00020063 	-0.000852401 	-0.235503
0.00562963 	-0.00020063 	-0.000852401 	-0.235503
0.00570559 	-0.000182495 	-0.000816321 	-0.231145
0.00570559 	-0.000182495 	-0.000816321 	-0.231145
0.00578022 	-0.000163938 	-0.000777129 	-0.226344
0.00578022 	-0.000163938 	-0.000777129 	-0.226344
0.00585352 	-0.000145537 	-0.00073538 	-0.221104
0.00585352 	-0.000145537 	-0.00073538 	-0.221104
0.00592554 	-0.000127862 	-0.000691642 	-0.215436
0.00592554 	-0.000127862 	-0.000691642 	-0.215436
0.00599629 	-0.000111433 	-0.000646476 	-0.209352
0.00599629 	-0.000111433 	-0.000646476 	-0.209352
0.00606579 	-9.66983e-05 	-0.000600427 	-0.202872
0.00606579 	-9.66983e-05 	-0.000600427 	-0.202872
0.00613406 	-8.40035e-05 	-0.000554014 	-0.196015
0.00613406 	-8.40035e-05 	-0.000554014 	-0.196015
0.00620114 	-7.35719e-05 	-0.000507725 	-0.188806
0.00620114 	-7.35719e-05 	-0.000507725 	-0.188806
0.00626703 	-6.54913e-05 	-0.000462013 	-0.181274
0.00626703 	-6.54913e-05 	-0.000462013 	-0.181274
0.00633176 	-5.97116e-05 	-0.000417295 	-0.173448
0.00633176 	-5.97116e-05 	-0.000417295 	-0.173448
0.00639535 	-5.60526e-05 	-0.000373957 	-0.165361
0.00639535 	-5.60526e-05 	-0.000373957 	-0.165361
0.00645783 	-5.4223e-05 	-0.000332345 	-0.157051
0.00645783 	-5.4223e-05 	-0.000332345 	-0.157051
0.0065192 	-5.38469e-05 	-0.000292768 	-0.148554
0.0065192 	-5.38469e-05 	-0.000292768 	-0.148554
0.00657949 	-5.44969e-05 	-0.000255496 	-0.139912
0.00657949 	-5.44969e-05 	-0.000255496 	-0.139912
0.00663871 	-5.57291e-05 	-0.000220754 	-0.131166
0.00663871 	-5.57291e-05 	-0.000220754 	-0.131166
0.0066969 	-5.71175e-05 	-0.000188713 	-0.12236
0.0066969 	-5.71175e-05 	-0.000188713 	-0.12236
0.00675406 	-5.82849e-05 	-0.000159489 	-0.113539
0.00675406 	-5.82849e-05 	-0.000159489 	-0.113539
0.00681021 	-5.89258e-05 	-0.000133135 	-0.104747
0.00681021 	-5.89258e-05 	-0.000133135 	-0.104747
0.00686537 	-5.88211e-05 	-0.000109646 	-0.0960266
0.00686537 	-5.88211e-05 	-0.000109646 	-0.0960266
0.00691956 	-5.78425e-05 	-8.89662e-05 	-0.0874196
0.00691956 	-5.78425e-05 	-8.89662e-05 	-0.0874196
0.0069728 	-5.59479e-05 	-7.09927e-05 	-0.078964
0.0069728 	-5.59479e-05 	-7.09927e-05 	-0.078964
0.0070251 	-5.31676e-05 	-5.55817e-05 	-0.0706912
0.0070251 	-5.31676e-05 	-5.55817e-05 	-0.0706912
0.00707647 	-4.95853e-05 	-4.25587e-05 	-0.0626246
0.00707647 	-4.95853e-05 	-4.25587e-05 	-0.0626246
0.00712695 	-4.53178e-05 	-3.17287e-05 	-0.0547799
0.00712695 	-4.53178e-05 	-3.17287e-05 	-0.0547799
0.00717653 	-4.04954e-05 	-2.2885e-05 	-0.0471651
0.00717653 	-4.04954e-05 	-2.2885e-05 	-0.0471651
0.00722524 	-3.52472e-05 	-1.58178e-05 	-0.0397824
0.00722524 	-3.52472e-05 	-1.58178e-05 	-0.0397824
0.00727309 	-2.96906e-05 	-1.03207e-05 	-0.0326288
0.00727309 	-2.96906e-05 	-1.03207e-05 	-0.0326288
0.0073201 	-2.39254e-05 	-6.19617e-06 	-0.0256983
0.0073201 	-2.39254e-05 	-6.19617e-06 	-0.0256983
0.00736628 	-1.80318e-05 	-3.26615e-06 	-0.0189825
0.00736628 	-1.80318e-05 	-3.26615e-06 	-0.0189825
0.00741165 	-1.20638e-05 	-1.36854e-06 	-0.0124721
0.00741165 	-1.20638e-05 	-1.36854e-06 	-0.0124721
0.00745622 	-6.05042e-06 	-3.46421e-07 	-0.00615702
0.00745622 	-6.05042e-06 	-3.46421e-07 	-0.00615702
0.0075 	0 	0 	0
0.0075 	0 	0 	0
